train_0: 2891 732 1610 134 288 57 1182 78 500 254 1352 2220 7 1 0 0 0 0 1 0 0 0 2 3 =11312
test_0: 2892 733 1610 135 288 58 1182 78 501 254 1353 2221 7 1 1 0 0 0 2 0 1 0 2 4 =11323
train_1: 3993 626 1372 85 215 45 1038 70 352 269 1059 1684 19 3 2 0 0 0 2 0 1 1 4 8 =10848
test_1: 3993 627 1372 85 215 46 1039 70 353 269 1060 1685 20 4 2 1 0 0 3 0 1 1 5 8 =10859
train_2: 3788 562 1217 73 173 50 824 64 446 236 957 1473 59 9 5 1 0 0 8 0 3 2 12 19 =9981
test_2: 3788 562 1218 73 174 51 825 64 446 237 958 1473 60 9 5 2 1 0 8 0 3 3 12 20 =9992
train_3: 1164 451 1240 73 191 45 863 56 351 238 906 1439 80 17 15 3 1 0 19 0 5 6 31 52 =7246
test_3: 1165 452 1240 73 192 46 863 57 351 239 907 1439 81 18 16 3 1 1 19 0 6 7 31 52 =7259
train_4: 2390 448 1222 95 201 37 660 52 249 177 971 1470 302 66 37 10 3 1 59 0 18 17 94 135 =8714
test_4: 2390 449 1222 95 201 37 661 52 250 178 972 1470 303 67 37 11 3 2 59 1 19 18 95 136 =8728
train_5: 2469 351 868 67 140 31 587 50 200 207 682 1144 675 146 75 21 8 4 137 1 36 41 202 280 =8422
test_5: 2469 352 868 68 140 31 587 50 200 207 682 1144 676 146 75 21 8 5 137 1 36 41 203 280 =8427
train_6: 1330 264 682 37 99 18 413 31 171 138 502 767 1265 230 155 40 16 7 225 2 80 99 336 536 =7443
test_6: 1330 264 683 38 99 19 414 31 171 139 502 768 1266 231 156 40 17 8 225 2 80 100 336 536 =7455
train_7: 1234 143 373 23 63 12 280 16 110 82 304 516 2100 413 276 59 24 20 384 1 99 117 671 1013 =8333
test_7: 1234 143 374 23 64 12 281 17 111 83 304 516 2100 413 277 60 25 20 384 2 100 118 672 1014 =8347
train_8: 566 62 156 7 24 5 118 8 44 27 141 243 3349 472 306 68 30 17 509 6 128 132 1008 1296 =8722
test_8: 567 63 156 8 24 5 118 8 44 27 141 243 3350 472 307 68 30 18 509 6 128 132 1008 1297 =8729
train_9: 91 27 65 3 8 1 54 2 17 18 55 101 2428 570 346 71 31 20 581 3 153 145 1008 1443 =7241
test_9: 92 27 65 4 9 2 55 3 17 18 56 102 2429 570 347 71 32 20 581 3 153 146 1009 1444 =7255
train_10: 69 9 25 1 3 0 19 1 5 3 24 40 2310 623 324 68 30 20 612 2 148 139 1327 1538 =7340
test_10: 69 10 25 1 3 1 19 1 5 3 24 41 2311 624 324 69 31 21 613 3 148 139 1327 1539 =7351
train_11: 15 1 4 0 0 0 3 0 0 0 5 9 1389 246 165 33 25 12 225 5 94 42 710 902 =3885
test_11: 16 2 5 0 1 0 3 0 1 0 5 9 1389 247 165 33 25 13 225 6 94 43 711 903 =3896

['C151', 'C171 C174', 'C181', 'C311 C313', 'E131', 'E143', 'E212', 'E311', 'E512', 'G151 G152 G153 G154', 'M131', 'M141', 'C152', 'C172 C173', 'C182 C183', 'C312', 'E132', 'E141 E142', 'E211', 'E312 E313', 'E511 E513', 'G155 G156 G157 G158 G159', 'M132', 'M142 M143']
5783 1465 3220 269 576 115 2364 156 1001 508 2705 4441 14 2 1 0 0 0 3 0 1 0 4 7 
7986 1253 2744 170 430 91 2077 140 705 538 2119 3369 39 7 4 1 0 0 5 0 2 2 9 16 
7576 1124 2435 146 347 101 1649 128 892 473 1915 2946 119 18 10 3 1 0 16 0 6 5 24 39 
2329 903 2480 146 383 91 1726 113 702 477 1813 2878 161 35 31 6 2 1 38 0 11 13 62 104 
4780 897 2444 190 402 74 1321 104 499 355 1943 2940 605 133 74 21 6 3 118 1 37 35 189 271 
4938 703 1736 135 280 62 1174 100 400 414 1364 2288 1351 292 150 42 16 9 274 2 72 82 405 560 
2660 528 1365 75 198 37 827 62 342 277 1004 1535 2531 461 311 80 33 15 450 4 160 199 672 1072 
2468 286 747 46 127 24 561 33 221 165 608 1032 4200 826 553 119 49 40 768 3 199 235 1343 2027 
1133 125 312 15 48 10 236 16 88 54 282 486 6699 944 613 136 60 35 1018 12 256 264 2016 2593 
183 54 130 7 17 3 109 5 34 36 111 203 4857 1140 693 142 63 40 1162 6 306 291 2017 2887 
138 19 50 2 6 1 38 2 10 6 48 81 4621 1247 648 137 61 41 1225 5 296 278 2654 3077 
31 3 9 0 1 0 6 0 1 0 10 18 2778 493 330 66 50 25 450 11 188 85 1421 1805 
