27452
55752
52642
45237
56811
25626
10957
36583
50710
39958
31979
57029
72523
31529
6102
69522
84778
82138
10424
58007
78437
12225
10189
36911
63742
18741
66932
77051
40040
59554
62113
4971
76849
60125
55567
23880
23935
14076
5965
5894
2438
4962
3223
51379
49409
36418
22826
34136
6616
78248
49442
8641
62411
34175
50159
53553
51463
74898
67999
63351
27191
17543
86959
2847
19078
33562
82333
17202
78486
15698
40879
4797
35392
72735
73058
31217
38902
49140
24008
52842
32991
59817
11350
42618
37722
31216
13424
2422
13384
44293
26931
21794
73467
34525
45801
23593
79126
29965
23684
28454
79174
69963
34866
86197
11561
81119
47075
66140
38995
41665
76769
50462
32665
29698
23664
19739
81140
26967
26847
63325
27208
15760
40949
35485
29503
2300
76632
51360
57173
52991
34280
31319
17399
32501
44463
68397
60804
58032
32522
39981
61012
40381
7449
77444
68525
10546
46914
52051
69761
3250
26708
55723
77059
6106
70876
85104
18564
41618
49018
14805
38043
86261
71874
48171
23703
32407
56246
20424
35423
67026
56180
59142
58943
86595
67311
69989
10967
9771
13397
4657
25615
30507
27329
30081
64053
24320
41314
20311
72326
73861
68509
76255
47564
37836
22116
70435
12247
65487
86636
16337
13421
41603
75016
5230
60572
37300
62342
23643
46871
31563
85516
27838
76640
16344
19395
73998
58806
43606
74085
6124
20415
29614
63846
45792
29992
42613
24023
86935
61336
62156
46733
77453
43230
56238
75413
76852
61055
41637
59763
7561
18859
13507
26551
24868
51206
47313
74065
56918
52489
11165
27024
61381
48266
42687
12747
61022
82645
29241
31613
70782
70698
56879
21349
49015
18123
18587
45943
4324
84414
39948
50624
47653
6153
4032
19217
33786
13903
67991
42080
66838
60223
18397
48312
36946
74115
3912
38908
58819
39477
66580
15562
48205
64748
13252
48909
10008
14286
27282
40150
21487
26946
2319
34216
77318
69258
24001
34932
42630
72479
40068
26536
13163
9875
10618
84843
28138
55389
19392
84837
60130
10215
2301
51681
27831
40087
39213
13430
67718
79753
75008
34973
80954
12113
46730
66114
72482
20861
71286
57533
62652
3883
16935
55367
75713
33417
32952
59565
6523
73912
78061
45791
49332
29269
34868
40507
32449
49300
68406
71679
76402
14985
40183
70428
37001
20647
16253
40885
83716
67997
81136
53067
37966
23469
11094
6703
75247
24148
78161
8058
19106
7345
33471
58003
42853
72829
66141
48906
43750
79078
56262
36111
44338
81512
61370
27009
71719
49876
64328
4815
61410
24161
13173
29689
86242
68395
2683
70448
81493
29407
10376
41585
56740
81302
86002
58869
61770
67414
70454
62158
44199
86005
85478
64260
74609
17026
27044
75839
24809
77326
43414
29247
13167
39912
72695
9189
28507
17677
43490
75940
75539
34511
10333
61037
84744
7646
37142
47399
37222
11537
31501
48317
33750
68970
35341
60564
24248
50028
67084
72143
51836
55470
7551
42292
24622
51365
29672
66787
40865
75079
78327
44927
6937
9182
11341
44329
51315
22000
9198
27460
77591
70102
2500
58195
63876
42776
81490
70881
9389
57589
57997
50018
8342
80161
40135
77010
45951
40026
59117
77655
19419
25187
24041
71298
52287
53165
3969
50472
20845
56789
30866
57104
37562
38220
9450
39207
51073
71834
36349
58840
73178
19664
81090
63857
58624
86164
74204
70370
74911
56106
79692
60880
33807
43610
61896
85283
85391
23775
52517
3084
5896
59220
75223
86737
84934
38433
51491
56307
54298
49805
71968
17514
37995
83801
2297
83749
49394
6663
38743
29476
74821
58728
21098
70851
84680
37041
43477
76695
27515
34282
40152
5286
38609
52946
56280
85168
59779
69391
19883
39609
62953
18192
17983
42363
73595
40874
76854
10326
18081
84818
65492
61221
34631
45698
7765
7751
31447
78322
35426
13412
81011
30831
67086
33516
26827
64173
31771
56156
11245
46095
85345
21344
15308
57727
10197
67340
64831
38459
79137
46966
83802
73200
37311
46794
7599
75453
26634
32490
47842
38411
63685
7430
34870
49902
30792
59923
63801
24322
57465
27863
56202
75042
63341
6227
34316
35266
46963
54934
11180
66411
73826
5100
63327
66144
60931
74076
77213
38773
47949
54818
85869
46243
62808
68161
74883
50082
50072
67562
76856
2558
45457
16649
84526
29156
17882
75287
65715
45076
59217
9177
71508
76452
50334
66117
35346
84682
40090
46114
65967
15078
18165
16901
49003
70779
73389
14203
22227
32500
48231
85542
52688
75961
24824
7087
57999
81127
21139
45058
6101
19895
50129
57762
34412
85524
21490
49047
12118
55236
60925
65323
75455
63113
80152
73155
67309
27594
18303
74515
58512
14967
71969
66662
36831
84376
67379
72465
22550
44832
10249
64646
25476
64813
64330
40162
9851
59493
49976
76410
61083
56310
10832
16801
24952
3063
53547
27601
82551
32623
33462
56782
43961
5973
61014
21726
45973
32433
21685
82155
16259
53744
35094
56086
43509
4436
77780
21958
56857
8487
57953
21555
66769
42368
81828
29886
75983
78703
29121
73781
34290
16861
74603
21730
86500
85416
52780
8928
4667
16563
80268
31776
52886
64007
63354
16948
19102
43040
51966
17678
78796
16147
50724
47208
28385
52352
15046
81783
55195
51332
50564
49960
49675
15168
67744
68464
71991
36729
50840
83714
77787
19654
19464
30552
73390
41962
46583
59320
67238
55806
15141
27048
82142
22712
58530
20505
58860
41963
62841
75966
15342
16993
77543
73104
74502
21766
60042
47788
73523
15095
59692
79296
7391
16064
30847
47831
7011
45954
81124
21729
57193
3240
31092
2840
46033
67930
29190
51700
75623
85247
14995
41522
15089
4350
6385
58932
19605
75594
48784
3235
24453
52872
66723
59708
21803
85323
49738
17599
74799
82550
68285
6351
53251
19211
4577
41574
34894
15215
64103
56561
66805
14764
52540
17479
3757
71498
49185
8385
62258
72686
66265
38662
17732
36118
79626
78438
7411
75805
45988
84639
33280
65131
11413
80957
76585
61756
28870
45099
80199
30426
5602
14727
63691
37633
23848
32660
13166
34991
45966
15269
19566
11354
29404
86156
11777
43112
21989
75037
10745
78700
81893
81390
40925
58100
55627
72336
8140
70182
84950
18659
64787
58989
29721
45413
75403
79129
56734
21872
38047
74651
30748
10643
8249
38167
61175
3713
85241
37464
9760
84416
65593
28488
29977
86128
84296
79853
58440
49568
77044
71353
3955
11577
19662
40964
34026
21955
25456
47696
70716
56263
24436
32068
14602
23354
82507
44158
57840
43974
47889
40831
31707
67839
6556
73392
73954
6040
3181
81756
53662
81453
55390
58458
46091
38325
86109
13842
36786
40798
50760
11650
67336
15904
42274
27540
53252
24274
16977
4040
85929
64573
11591
82237
12373
56109
31142
56909
50731
43032
40850
81516
29862
41504
40980
60863
64535
20831
67339
2696
32655
34800
21239
51184
36604
19724
74195
75939
55262
15180
36147
79954
85547
22439
43910
7291
81079
10673
30725
28189
78698
37420
49528
58890
3527
67168
18886
21988
63277
77233
70352
8652
71120
32450
64159
84743
49891
86926
15012
11472
29756
16446
22702
41613
28306
30744
7218
12101
15977
10995
34513
61276
2430
78175
27694
83255
38418
52312
20390
37796
6268
86350
62260
21206
8724
37403
20797
4800
45248
16060
53408
30658
7771
74070
78748
21732
43323
11502
4497
34988
15315
20444
36839
4911
41263
53550
31872
11722
11948
73396
32210
26818
57180
17658
41439
3245
79101
64721
2912
9696
34992
52294
54942
8324
71565
80188
24086
3460
9266
36763
37522
72149
19568
67329
69784
8440
24996
75753
86271
84846
6174
16289
81616
19656
67822
82545
19965
3867
63662
77191
71819
49509
76187
44017
62115
43487
70550
85909
11642
42715
77952
61817
40607
49170
43719
27729
5962
70697
59676
42165
52021
67301
85504
6192
32738
62131
49483
17314
30567
49877
61663
82425
59943
21735
60757
51956
33426
28112
6747
46822
32243
20320
38577
52026
19658
18794
86804
13876
27931
78667
85940
26859
61485
3993
78670
46577
17555
8378
64705
74166
4325
84795
41560
72691
34145
38603
76617
32324
9174
50725
15428
3342
85326
67952
67831
75650
70369
35174
37504
55871
54997
69666
37994
61977
28771
45723
19842
24439
75911
79090
68337
14739
82435
13555
54923
9581
14592
23733
73067
86643
58861
42272
52320
13325
82264
85000
52246
57446
29856
25286
11170
6013
71042
59376
40623
82230
25111
27465
64848
21588
45995
23771
28129
45411
4109
38699
68200
67229
13554
85270
37790
11724
6371
36860
30272
22215
60433
67631
4621
4763
65913
4645
58754
56053
52267
76527
57008
53327
16737
33658
81793
86155
15094
78098
43768
9331
46838
41571
15221
34990
23141
6009
59176
35386
67002
66273
44229
41441
71459
60460
61236
65023
41329
45367
9676
50975
11738
31997
65083
77675
41968
14627
35626
72531
81160
18256
75651
82122
13872
44436
16053
13814
37813
7982
30822
30427
78311
61787
15107
32170
47719
55568
46145
34659
15980
13936
29793
25572
82116
46645
52321
5958
49920
30918
64775
81648
71066
77500
17394
17738
48607
66608
22606
79840
9769
63627
76886
69930
55955
36035
57888
34616
15516
58133
47330
72971
69791
73996
46521
34039
82212
75648
29504
9610
17527
49862
4482
35262
82805
64016
49213
82801
58866
64481
46667
11793
3784
37948
41749
84803
11620
82159
60515
85943
80839
21733
30388
84383
24794
54984
59194
21728
80156
61318
26797
68156
58320
58618
17695
84923
8971
67753
62476
83834
11949
34253
14238
42595
45151
51727
84188
73075
24969
3866
22449
52726
79162
79702
6541
27286
9746
79114
67170
6417
20150
42256
74019
81169
23749
14307
21311
45154
22179
79976
76040
78302
14317
78074
29419
22832
44876
64021
58439
19206
36737
29180
61180
55476
81133
85164
10031
15222
36776
49366
20897
19754
5473
31637
3287
7228
43571
46919
11073
46285
49113
79236
18509
11056
86668
43355
28983
29534
3399
56626
75094
8502
55202
46782
82063
43338
75225
3243
59582
5994
6603
74924
49354
84963
68902
81289
6074
27501
32470
9341
49580
11194
74754
25142
23338
71098
43742
43422
11179
71005
66320
40982
62951
80380
14790
44324
43496
83560
83115
27121
72521
61058
84886
81050
55541
53774
19624
16347
82881
58014
37083
36934
14245
79175
17007
21442
47884
14121
30782
3306
40626
74064
6333
73634
64711
31410
28273
11242
44296
50866
52611
74339
81234
69799
58243
16061
27124
40922
32730
32491
3418
22746
68158
79176
20519
8012
80068
66560
30043
84731
81233
21457
8642
43531
83947
58079
54073
59562
21491
82186
26436
27994
82837
44380
14197
55222
75029
31432
28678
19086
7298
45676
46520
39396
75072
31632
66543
50711
30581
44976
29317
61723
46965
84026
43520
7896
9858
11141
67139
33622
49030
40469
18515
84068
72563
35384
75009
71108
78165
46102
19205
9243
28170
10654
23774
28648
79524
3587
8064
72492
78336
61242
22020
50001
16907
71285
20885
46350
13566
49915
81155
3526
52458
34231
58124
27491
9418
20203
16473
47301
63087
27064
72558
30051
21314
46056
63785
19738
36166
37164
54482
19644
68086
69653
6606
67554
85331
31555
57132
58910
65710
74074
49910
19446
58164
81242
63344
82570
5459
14491
18979
14346
47247
22034
84981
78271
28176
3279
2709
47917
56325
83144
34368
63661
61220
30052
57882
57181
71141
16271
71821
16216
12220
12136
43848
37726
31757
66829
47837
65525
71967
61126
47082
22743
49106
35472
41646
64251
37198
13778
65033
72894
14559
38839
78498
18709
43476
77037
5487
63589
32521
30972
55757
31094
6272
83542
3905
14140
73117
74923
86195
7202
9842
64029
17709
31970
23397
45435
18561
69161
22770
73981
75311
60394
55407
56543
44266
75172
5451
34482
16360
31808
76032
56964
27102
63962
19151
57672
37308
6675
65372
25160
86794
29762
80351
18155
49988
86522
6596
58180
67956
52284
38723
58285
14107
16262
35482
16382
81069
20996
60238
72420
68750
77455
80516
63977
10019
70811
80473
68895
63881
62336
83142
17821
44302
29297
24048
70279
9086
61042
15862
81281
61865
46092
47011
50706
55728
17018
55566
18523
78191
71657
75894
41006
38417
14312
45674
85390
33890
70590
63039
50357
2603
84906
21553
76064
39767
9232
61376
76415
73692
5478
76909
62488
82074
86710
11138
59390
9166
70618
27511
37728
59482
45977
70210
18116
61034
84863
67421
61125
15784
27307
55722
70240
49613
76028
58322
25403
8801
76341
57867
38758
37152
41025
21393
63879
7296
77865
71322
75090
6054
46167
55102
51067
70183
14536
27730
14470
56186
24051
72629
76916
63850
31559
82109
52603
52546
55295
59687
81045
27489
5174
71511
47955
51848
29316
70151
52521
45882
55471
48013
27779
22048
70231
22041
64891
66559
83582
9925
38624
20878
27045
20223
46030
43539
58058
49049
49861
55592
22951
67917
82972
17372
71589
46133
34424
6029
52560
60975
76954
65417
81860
46087
5270
27087
10002
19150
22027
66828
47849
84939
37075
17920
84915
22752
24147
44815
19430
19437
82073
28653
59422
30219
31630
81229
31705
33219
63117
48930
43613
18554
21747
15878
66732
64026
63006
21353
57186
83401
52581
49423
43160
12718
7285
57054
29298
43091
39932
83599
75160
65403
80625
18765
17600
7317
8414
46113
75883
29547
40142
69652
33524
81228
61026
81339
71069
48847
75010
42788
28062
49724
61106
27118
31731
27016
75157
69708
66924
33632
22724
26955
42273
55357
39990
83621
42877
30225
84885
10912
70375
46001
45793
9563
11543
6103
35496
78838
48161
64318
68879
81221
27079
28515
45070
49077
61116
3278
27993
56256
71093
36998
27185
85574
3275
55782
19090
82573
61303
53461
6047
56321
77170
43547
58098
70296
27322
68874
49112
17544
65905
28153
71439
44307
33521
12393
41021
9186
84775
51629
66990
24588
78051
20442
55375
53086
55549
63932
85655
11574
16528
75060
83412
34962
19475
62071
32000
37091
83578
77926
35012
39358
19096
30746
84595
58012
24893
66566
27090
3352
38509
3918
45905
72169
3578
77526
4766
37115
38354
9260
60965
26789
19380
69764
29367
64027
23673
38253
30681
62564
6000
39833
4029
67269
40075
43572
42584
36167
28814
38677
37113
65733
46973
81789
7923
60858
70655
31704
41628
75417
59859
34230
29690
19004
65517
5872
21430
19132
55004
43879
64829
79219
80601
61426
70032
62825
24595
58872
19749
21216
50990
15865
15299
2743
34692
49021
72559
46029
40462
71247
24590
52772
84662
86538
69745
61646
53450
77057
42724
75669
7047
60883
76897
63643
9759
50470
30275
53646
27712
67610
71983
44459
52998
85942
10767
62095
53273
48155
18114
18620
38706
13920
7278
10789
30233
71074
23119
84365
4630
5615
81436
79479
67770
22136
63632
37528
46460
2307
71265
35703
66605
46495
79382
32132
46294
43342
36308
54961
59356
43298
20555
39301
34031
16577
67612
85919
26860
44022
39475
78556
63654
77641
52220
60307
52368
11370
57885
45354
35587
60308
53453
45290
36788
72101
56264
3086
31968
34005
28850
6209
80919
29681
8970
69931
16023
65152
19396
24903
55266
29368
77124
34020
84568
13836
84262
24932
20787
12189
73201
2861
3821
55245
49632
13902
84758
17286
5664
48398
28464
40806
11618
40541
52272
18865
32040
28801
59737
65144
68023
71982
82301
63308
13859
60372
5634
7315
43339
50808
60830
62590
80952
15318
73573
66578
64239
45737
69388
16197
47263
80628
51994
57187
38844
58358
23173
42961
35078
46338
16580
43048
58616
43293
16063
48103
57023
66253
60831
62307
66161
52269
43052
84596
5528
11602
3522
29081
9616
18894
16066
29092
23826
59784
14479
81080
20439
74577
68168
86867
32673
15972
57886
66360
57857
72268
31465
64492
57146
85977
82408
76566
48213
85414
40803
55268
79671
35709
69956
16180
16626
81033
19916
64128
35202
12210
84604
66629
22130
23827
22224
57858
72341
59772
10699
36809
85661
10894
28212
10134
34324
57822
12250
37441
48824
77365
36819
3087
8960
70036
34021
61517
31993
55614
78640
18882
17814
23660
49292
32054
67193
43126
82823
77048
39279
41730
17338
50989
39300
23753
75898
61539
32502
77628
43935
9765
37935
18589
66162
47266
66595
74156
57823
78203
49383
48789
35353
72223
46642
55265
86436
49714
36072
50360
56033
16464
62063
17194
70409
79092
76384
45747
80935
47420
43087
55275
69937
50386
77563
57225
23773
66247
24759
64723
5787
38594
74111
18225
43741
29711
43060
38310
25602
74793
22217
74555
71559
28319
46731
6978
60834
18673
46662
19867
43019
45739
50388
46663
17894
60824
49373
52221
72353
72373
23164
32676
58540
63300
84467
16187
34934
11935
10712
32668
20448
8707
21111
73381
10801
18934
36822
12248
11808
19390
85366
23839
43025
30231
30301
84480
48024
40225
46620
26870
48807
61300
45730
34011
43292
61304
18892
40830
72345
49381
44035
24158
61588
31964
66603
13868
25436
55273
11806
57827
21548
50359
31941
21040
7409
72369
53312
73384
12194
36106
78465
34057
61447
82019
16030
5820
4720
86770
60311
4375
57430
41701
15320
72206
11813
17853
51101
66274
55431
40118
28484
21033
74788
22132
70621
45738
3970
3070
35105
57850
72340
13899
38560
85406
10248
82452
18729
64393
32861
58585
21031
25523
84326
10734
23625
38334
66601
69875
4969
80127
49686
46342
72359
52942
80936
24967
58536
53057
51979
57206
49595
71640
43797
74161
57140
19858
37959
27797
6273
15339
6410
42254
80943
80951
8984
34778
15439
63332
69943
32098
48554
42959
45042
83899
54943
78859
34089
2929
77738
67611
53291
62207
73382
76112
42112
11623
11653
70506
3582
25080
70155
37287
54939
65924
79473
14837
14476
8980
14740
37264
24662
7147
82146
63240
30821
54887
54070
71992
41246
57443
40006
37676
59201
74602
11593
40900
59848
37975
47285
38576
60829
46563
67042
58157
85875
82675
66230
48168
2867
67174
73764
74625
75234
85903
8942
26874
3686
54796
74346
43300
31259
21833
19925
47300
76588
45303
49656
48785
48355
45292
66158
4168
26868
43304
21042
70417
74794
72338
31140
8761
77607
22150
10653
2838
66292
33561
10898
51960
84401
72151
40813
52250
3580
35715
10756
4598
50417
51053
19639
63393
25387
77612
77586
34693
26675
28156
63635
43076
29083
55731
60377
86533
46574
54854
86621
46607
79673
84382
29052
74862
8718
12375
66579
13949
5801
53516
15940
52374
41581
2779
63164
21097
17809
56595
48517
59188
10218
21102
40851
9008
27628
5554
49411
16203
75533
57001
23460
78861
36434
77928
10126
58547
35509
64516
5800
6250
27273
78818
86444
57484
37811
58964
30869
41274
10705
7200
52338
85190
81450
23857
18704
3581
55269
71723
82700
10115
23850
10736
10800
64916
6442
33700
32585
15942
46623
75675
29119
65226
69769
27720
86163
63331
10670
34895
70450
30805
80765
40834
72232
20237
56545
64547
19807
18605
75458
8967
10813
78005
25433
61325
26863
67778
41275
9839
26871
45757
55285
70605
74646
40637
45705
43307
74785
62756
32744
63274
60418
62418
52248
31042
10770
63625
80929
57830
45724
32692
28745
55005
75418
76478
52285
33994
65679
69724
63307
78463
82652
16027
45734
80932
5701
19574
57834
71101
80670
69929
9552
36833
66594
66427
65800
50329
66299
3080
48509
30834
49678
75626
86168
75660
