136281
124733
105703
124837
126367
118739
91987
158717
116702
147509
132913
125412
93751
123530
125178
98598
122111
117091
132556
102029
133641
129439
137991
124617
115675
156326
131582
92133
154056
147575
95068
130986
93880
138781
118715
141855
131107
91666
89265
119966
109883
156497
103883
143894
157280
133293
117527
118983
129787
143492
92837
89140
125594
119971
127758
89722
100976
114555
105219
96200
149891
141508
115489
110754
136475
95275
108140
114609
148618
144462
104194
106481
141482
150238
108491
152341
126473
146156
110783
149317
108641
136371
131923
100252
145762
104811
122485
111155
158385
109044
153946
112325
107923
121439
139355
158746
111132
136929
152346
156358
143108
131091
102539
108078
158915
90749
144797
113437
124110
138252
144465
133489
106890
136025
123597
124158
134361
143220
98577
129790
138917
153416
133648
154038
147014
105665
99489
148840
113957
153934
97067
137964
127031
123218
147858
90760
134603
153324
141063
143707
104917
131065
128004
129562
114638
131757
157774
140118
138107
106120
107727
117546
138369
125760
127030
87920
133219
96227
100302
99370
142964
146286
147498
130564
130498
114227
116558
114092
156604
133158
147577
97418
115394
121715
141438
106603
156491
90024
119776
132165
87467
149142
114578
157199
90025
127005
141692
112130
130244
123558
136603
120948
110370
121911
97631
137377
114335
143235
136854
92928
158398
117067
150108
120358
154489
99395
106317
99687
119958
154996
137875
102520
119800
146431
143256
114840
130640
94624
93473
107673
118449
100351
157173
134165
109534
109117
138241
91101
120353
128195
103695
128330
114530
140993
124255
124480
112338
143085
114626
88420
153554
110516
93456
133199
113068
108595
123735
95280
89707
149225
124251
88915
153984
104773
154535
131590
121726
90011
99527
113348
95989
116060
127505
136503
127794
134192
100323
144990
110786
131983
114030
102290
92888
135228
118943
145397
101145
107799
122228
97265
105082
102173
147951
91017
150439
100646
108651
137252
105075
138360
120448
126200
115134
102158
112247
96183
115278
152705
131050
157832
130457
129406
140850
99407
148799
124056
156131
108767
104236
91631
134988
136021
139313
115771
90012
95071
142502
96857
93417
101977
155104
148079
131678
128042
140368
135652
107796
109737
123584
147247
124260
134226
147917
135977
127782
148483
130269
133062
153282
96233
115826
123069
124852
94305
117747
103056
108735
138441
103084
123083
133516
95083
100341
103085
156364
94530
103894
91930
153962
102148
106138
157258
97611
108199
154544
149912
123207
123178
119977
138258
114352
116511
124025
143239
107332
146726
120873
147894
120792
96489
139661
140886
143895
140342
155920
110080
147542
114295
129086
147253
139376
96198
87803
101053
92259
148377
105666
99313
95310
98838
128650
110509
152410
109335
95433
105084
129169
150132
157196
103445
110797
123035
107626
111865
92188
100717
123366
94321
90865
119688
96767
117592
107224
134125
116656
158916
151638
123532
93825
89639
135461
96171
91538
145868
134064
87196
89346
88078
138129
115539
117064
157179
157392
138946
96832
103086
96103
120064
151738
92743
120883
87689
90735
89609
105631
143992
96064
110514
143948
156641
116802
102155
114553
158143
102133
154738
100964
112345
136624
110304
116650
143672
118904
119774
118940
118934
125399
136582
110811
121815
101471
125347
100352
95586
124091
126499
136937
105129
143260
98858
96862
125563
95377
150189
111233
143991
88735
126202
158258
152379
95434
104682
96040
133133
89890
87914
153414
124996
93272
120408
90226
137036
93254
143487
98999
143285
107378
134987
118693
101184
107357
100938
134909
103798
118613
88942
113965
128380
117635
134820
128388
147134
157240
95588
133069
146269
96203
102484
129750
143333
117627
133299
118203
118944
94677
96185
140941
131655
137968
127081
124473
118018
114913
136230
148488
137454
140484
120256
144481
92453
94226
140486
119801
95337
149316
125244
130363
149116
97949
104823
112641
123255
115625
130374
98328
101465
90883
111259
114020
90868
153996
123622
148834
126371
124191
127127
141061
158367
134151
130232
151310
139758
92605
148278
130886
89089
110361
143218
101156
156346
103696
100263
93574
138265
135024
151888
106342
94179
131306
92921
158435
103082
127808
110360
143048
118340
110328
101336
96079
133191
94231
109762
156660
109594
97276
117569
133203
100773
101678
157312
118574
135211
106325
111541
97588
134821
105377
131340
111220
99038
141869
105652
105354
143082
95964
93659
156738
123284
133537
153152
126673
133652
94374
87916
133170
109865
93168
124083
155770
97253
134070
123363
130520
147418
108235
158138
93929
118906
99714
154007
87938
141962
144953
90867
101489
120249
126590
140914
96217
116658
139094
121612
89344
147248
156408
117696
140980
93314
153942
116797
118537
128382
116499
136639
110119
110622
150070
90817
97231
133337
133198
99746
148027
150095
93243
114097
106083
148526
122240
115002
116101
156342
157807
153178
93440
132303
129818
156365
88278
92876
92731
91582
96772
141446
130627
113036
90220
140354
119625
108150
90520
102979
96202
148474
103271
89400
124994
87313
153954
140918
105285
100322
125330
137436
139984
125012
125820
153994
90021
110475
117690
100254
134099
158428
87731
108223
90267
99496
111600
92369
134772
137341
141492
154690
135348
147745
132163
89505
117269
108380
97230
125254
101024
132631
158255
139980
156368
149216
104905
94680
119424
119264
92254
120533
135134
143969
131423
132575
146766
137073
144410
123013
139642
107808
89496
89772
104538
104943
111530
117404
132955
120638
113179
136141
98305
91534
156162
88703
92873
92866
147893
134085
125070
97613
131837
127417
89338
96802
158438
120857
126620
94269
89717
119907
102246
103876
91143
153357
127064
143020
106819
134679
94685
123654
114557
87768
124622
123632
132020
132105
103350
118290
117212
105743
125906
97066
139700
131979
138231
140975
144409
94067
152556
89055
130034
93260
101686
153147
109638
151884
111593
141656
116082
152532
127854
116699
152161
92956
96886
130467
115055
148404
118026
133642
138692
141930
140560
137021
102091
102526
133818
142090
150508
106056
150089
118700
118116
124241
153973
136493
137326
135210
93871
152606
89259
97079
107840
125086
131810
148687
121539
105238
137365
128027
97047
151406
101512
87666
143834
102160
113933
121573
99428
118245
149451
109412
143898
92287
141476
93916
116531
124007
123752
156024
93043
96614
108045
105414
126453
136269
121722
99741
87465
91342
91820
124098
94274
106016
93435
133189
102191
153768
106338
150868
112772
92843
115667
111038
133178
157880
94131
102154
147545
141952
95427
114157
121651
88806
114567
91810
152938
140659
92481
143940
142126
121813
155779
96630
99700
99486
97183
120947
131567
135822
96766
123950
151484
137958
91892
95191
113787
154843
90126
117553
100890
143424
134319
125143
120496
141386
157758
93878
157736
88156
111228
123896
109237
142036
140632
118975
115056
153892
122284
90732
154864
100660
134636
133506
153908
143918
156880
93528
105616
111111
153476
123222
152587
144809
92359
97174
137336
136710
91989
151679
99033
149494
135051
133808
147944
120593
136083
130784
91539
127907
100039
100775
92014
121405
87728
110474
101930
118437
88706
136916
140557
95841
153285
156576
134073
92324
114187
148421
111787
97519
94347
143813
100620
96332
151785
153717
148787
123021
91287
152100
102978
131486
89263
131389
126511
131366
95288
156478
118579
148916
137473
135065
109200
88697
137368
140668
91906
110969
147902
111601
137070
127603
87724
133247
133275
89321
95394
130918
98870
93992
124563
88125
146426
104582
107814
87957
102333
87680
123005
150345
126943
148412
96451
134242
134091
127007
116660
118247
120850
142307
131021
150607
144369
123647
121621
102281
148014
113739
150105
156552
148194
137844
150667
137334
99805
119973
102431
99757
115054
116794
136328
108370
144560
145795
119769
126927
146839
139399
139964
130746
157978
145010
97671
154768
90108
153708
117550
90971
114935
142611
92042
140684
128049
151917
93877
154833
100140
150785
135766
108297
119806
141385
143920
152088
144934
88291
109628
154765
134680
139958
154806
123648
153403
130605
97096
132954
158437
118623
118806
101289
156360
107167
127490
148291
106433
115531
110961
118255
153724
114253
140969
106605
108576
118423
141470
149100
143703
103367
123444
90054
153655
130937
114366
123658
114525
92564
156298
99321
116491
100082
93875
133508
130230
120491
101695
103575
115376
90504
142950
103656
117355
115393
92129
134678
93739
96680
120204
104043
147697
121947
105076
93583
156098
91178
110488
105465
99891
110561
97164
157024
154606
120774
108442
144054
120831
97140
155846
144881
131808
111689
155652
136036
111603
105509
111597
92220
106216
153263
100316
138601
97058
146173
158663
114948
103386
121023
144513
149855
156129
106301
143234
124559
136804
140627
100253
123108
96803
126378
134643
153582
101655
99420
137538
126811
154441
94615
103519
89886
108357
107794
124784
96583
135387
151868
101065
117449
111287
155869
132973
87853
105789
143249
127531
110263
156970
144871
126724
143267
111001
140278
142749
109257
94202
134107
102853
88817
151291
154900
147743
131545
140617
99890
111595
134083
110425
129084
110366
102681
94608
102837
120879
158404
108715
147250
126948
158729
92680
90171
100906
136283
106725
99069
106585
151276
88569
149489
110287
117239
109803
97780
124891
157580
90983
157114
154593
107006
142132
117426
148723
153113
136560
146184
123838
113999
134633
95031
133218
103797
133525
105137
116457
123887
95687
150923
102111
127950
147040
134155
123042
109292
88032
107385
156929
123977
147398
120854
107788
156705
151538
114912
136619
130160
148673
140620
120895
108360
146977
101170
111523
118708
96777
131517
102826
114367
142042
135579
131647
108178
137740
108593
92197
120745
108075
153167
150103
139955
110492
156957
134239
90677
154982
107572
93876
129682
130012
111618
88940
94224
127475
106089
153983
123353
102200
102694
110925
99150
142243
149877
144607
133540
108727
137942
140845
90073
154802
106000
100674
110954
116599
93420
113037
144376
111161
123644
93873
153899
154070
118830
150032
134886
97500
93499
121326
143693
148739
140214
156421
104497
88839
146592
87755
96797
100255
148712
89654
87578
149490
87704
118097
121598
130767
108374
88833
91245
108334
113148
149522
148782
106315
130935
123799
101599
140792
89656
113287
107932
130411
148894
92167
108224
148864
109409
115792
124268
94660
104985
156979
102382
96223
107853
156164
143144
121628
123287
116783
134606
112726
156717
123140
111447
115439
154778
106986
113834
115612
95561
117648
130361
136512
90462
154895
127394
98256
117253
147970
144397
135086
98144
143189
118568
145467
149993
120985
127697
114987
140153
111232
90490
114939
98285
143230
127096
123174
149641
92376
100308
115527
141516
102302
106632
105211
144987
98791
104710
91594
102184
123190
91591
96182
131849
126814
114519
93353
158141
124875
155575
146606
88161
139660
89435
153180
137398
109016
150152
114282
88433
119975
146584
138255
100347
151881
116652
121710
97763
131036
121035
157210
149985
105704
126520
96814
104390
116766
115106
112750
146487
112920
151543
110563
99567
136608
94285
147388
136293
150155
97579
128003
94665
88096
146594
149076
96126
123216
104235
143587
90799
115621
93517
156524
114672
114677
87586
105770
99634
141963
151519
125202
147313
151726
99516
143008
142608
157272
96286
110496
133330
100831
90181
123254
103844
150211
88205
118550
153358
125715
156499
143302
112485
133849
133399
117582
89447
114862
123304
118225
156501
113288
146601
151576
118006
146241
103137
116869
115111
114426
92386
147406
93452
87779
156295
147971
136532
126392
143145
123470
130317
88050
143316
140081
133278
89667
113343
90489
135007
95680
133082
100986
90782
156575
156297
93545
126329
158441
150121
112733
143165
116077
91090
91394
116672
90815
136579
93256
126436
132889
154030
134200
119624
90872
102248
91495
88009
110648
99596
156051
99543
124200
120973
92490
113994
100810
148223
109438
124082
130291
120063
115418
134908
125166
90310
131702
130387
93553
113755
129409
155011
135106
100329
156455
124208
91472
107890
139390
114066
94473
90039
111882
139824
117259
156442
108540
96591
122022
110419
148380
114075
152823
156960
88020
88567
100846
113345
155103
116611
131666
118385
114022
90897
153046
130455
147689
91167
88308
156348
96287
108154
93549
104812
137322
93934
150156
108740
100228
105752
139298
146176
120279
158026
123286
152349
96399
145390
107537
99688
140061
153183
108326
121830
132219
120124
102322
107043
141443
120037
90763
105008
142831
117101
96511
120172
90646
99515
88364
87603
152187
140053
147312
94130
143408
150946
116763
142078
131085
103066
134709
143157
95271
107351
126638
126190
87571
154019
155000
88094
105208
106034
100798
108016
146452
150969
131948
157310
91015
143342
136576
143851
114509
131099
132934
95851
123627
123278
119640
120036
152803
130313
88182
143503
128747
144034
112728
111088
124978
90881
153190
99844
130207
156261
149416
121668
156606
106015
133473
111962
142500
89170
112808
142050
89319
93626
156454
114091
123974
131962
110517
104715
138520
129557
102072
112468
134204
88074
140066
144699
133267
112922
122790
121647
125723
103654
116738
134045
95485
142068
107815
110436
131765
99592
107765
114065
120221
158706
136533
151589
130246
99565
123417
120313
151927
110569
119609
110588
123316
118455
117442
109726
96497
90838
152374
96225
122993
92784
96491
152631
120107
117670
119892
119212
157287
140882
142248
158360
99462
113928
123426
145453
154743
154020
146443
147182
93599
102140
142636
88302
146871
153022
116793
102949
111881
115328
143372
99948
137091
149444
133196
89556
105104
149884
134258
112786
137385
115207
104826
89343
140104
114539
140123
158434
136638
107634
125127
133090
134214
94199
93518
92429
112622
97592
138389
103451
102498
123376
144917
147730
138271
114876
139677
152204
95715
95697
93132
130379
136037
92940
87248
111557
126387
95540
146689
89317
133830
150184
145440
139859
140645
148647
153142
124987
123096
102327
96238
152369
157673
137435
130294
98264
99622
118808
102280
106880
133996
94349
109017
112806
136573
115115
157155
88118
133290
93735
102153
113872
134177
139918
111292
114556
130293
153268
143526
97536
112744
139922
87746
88203
105956
105108
147980
158305
97618
105036
126490
90726
110614
138450
99468
141377
111764
95382
115186
136498
147290
115353
113819
154849
97050
148599
136729
147593
116663
141474
107772
110542
154005
97358
102234
112469
112725
125187
102418
144793
91973
96338
136407
127674
92437
132115
143334
116360
142217
115135
106838
158117
120155
90255
110155
128637
88049
90733
147326
143128
150185
89682
122570
90885
122998
152986
133879
115173
121902
107058
98974
91179
147853
146442
96125
88429
123282
113310
155586
97548
112718
114037
112707
157824
141007
152573
153010
104951
87762
127720
158098
136455
105090
105067
155086
153056
93529
156395
125208
105044
143278
154033
93356
110527
107622
101273
91630
156991
110541
158909
112720
110382
104886
107849
94575
87706
99517
137087
102308
130314
140633
108181
150096
136466
144762
102365
153432
126197
126985
114269
121635
95210
151896
113545
140450
146128
98272
112070
153237
131094
137447
137418
140021
112721
94339
112954
101981
131577
95013
105707
150398
102176
112348
110394
126707
94709
124970
130120
141380
116488
87988
138272
107705
156183
90117
110570
87092
130148
152929
97341
110252
154524
126395
107891
150085
110688
135399
90821
131930
140096
143146
123978
125332
114205
143715
101378
114495
106692
140429
123687
111505
123795
103970
122994
133743
94081
147024
124089
145047
126162
124252
119225
118424
105338
127853
117013
126002
141899
115510
116114
94547
113472
87668
140335
125956
125217
149502
120625
123802
93217
143023
110181
113465
99295
119698
119757
102663
126640
140607
92541
101965
158392
133562
135797
120219
96012
142843
87160
112542
121916
126519
140522
156283
123759
144311
132976
105501
97870
101950
130009
136999
129690
92019
126157
101923
87066
110128
108750
126242
97059
123797
137005
108607
141420
136286
120485
131921
128728
157764
155071
132939
116503
150619
117311
130989
87663
95304
124820
132967
117246
155578
151684
119231
92586
143457
139762
120222
92283
88227
107563
106705
93172
158928
107590
101562
130027
116442
115372
156101
107260
105216
132981
115133
150412
119846
140721
126209
99014
144994
102732
119604
108424
130019
90556
125856
113825
100627
101363
101925
139091
100044
109774
149851
149506
98226
137110
99336
87769
125592
99906
154428
127407
92617
119754
97087
101940
93212
154590
150630
94577
150511
130869
116526
126809
130868
94074
120662
145366
140643
153650
93209
87199
98436
127459
107552
111436
101588
124723
86978
153431
136675
154373
130698
99142
104735
126917
104739
127666
104753
124605
155476
134601
154080
126731
119683
92867
123699
148692
87696
90519
88598
126013
113770
104010
150593
113408
99774
113832
125464
118016
110617
93223
88885
100664
95268
99107
113830
117230
151121
125120
158175
118702
108132
97048
115709
114959
112160
110656
151399
95826
113469
145002
148837
157966
149107
152881
140007
99329
99288
156652
108700
109307
132941
110265
92765
87067
149845
133807
149860
120326
143009
102541
151985
110103
114277
113093
104391
99067
121927
87771
111149
89395
122057
99289
96563
99086
150441
119713
104721
96333
156997
130008
143015
139696
149595
157744
110959
138309
113801
95779
130741
130010
121532
126763
101903
147033
94075
90599
138019
108336
90539
118422
147694
97601
94852
132379
96051
91985
130914
131397
140356
156865
93215
146683
136841
138170
142773
92559
156982
139708
105467
106191
113476
156949
120647
120218
95557
94576
92762
110298
119716
148827
131988
108226
87226
110112
149893
92808
99197
147023
104734
153623
107350
148297
136266
143796
130683
138465
110152
104733
93233
99070
110266
106727
148219
93050
147050
95888
136322
104522
126628
96641
90042
106176
137923
99090
134797
102470
95825
124103
121313
143035
107311
91670
103736
101928
105483
90550
133751
126823
108600
100038
146840
133539
92851
110713
158332
156910
87708
140654
137016
111441
97011
99303
103332
110125
119796
125132
117394
157646
151696
136231
153693
93216
129703
143027
114963
95139
130749
106756
125897
88644
92905
156928
93741
115500
150632
103403
153641
125915
94034
122974
140086
156112
130059
151845
113387
158253
92764
120639
157947
139258
137922
127996
131422
114898
94071
124594
107585
92149
132111
151308
117178
113790
90204
130017
124829
90558
101681
124642
106007
101538
111268
142070
97587
147507
140536
103326
90574
143520
94002
102603
118962
120501
102983
133819
140246
156919
137093
116432
121186
150410
157976
119719
121937
156126
147768
149902
153660
102416
147799
102471
123523
124755
140574
147025
147802
91900
130620
108068
136323
157853
127547
89640
105430
132938
127373
110280
101511
126176
95805
118416
108304
150566
157934
124591
89685
101934
105209
104699
132975
127635
146733
108395
113519
109013
138505
89800
123842
142969
142815
154686
104428
91152
87118
106693
153699
151800
136240
148274
139712
110273
116147
107205
100574
105212
142069
115913
87193
117119
120570
137227
99294
130488
115900
144986
143353
87673
145652
109976
139688
119720
153612
112175
89663
154678
121417
100111
123820
143026
91153
143041
90260
125950
108139
149507
96007
132925
91080
100643
99285
107984
109559
104464
126155
94611
96437
156111
103130
154658
151300
87679
143632
117974
149901
106201
101178
157859
154667
148099
142277
101501
105252
89713
139647
133536
102497
130776
101641
132949
100730
120845
139685
113789
155109
152868
107313
110274
153618
93753
148925
127478
124826
117366
143695
118567
90128
126863
127147
90127
101154
116446
150568
116522
133509
87775
155127
110129
90603
116513
106409
99785
117282
118552
92557
156102
113460
146845
149299
123932
116483
126191
139587
96307
117077
89631
95369
110055
143679
101548
121893
107621
141408
142072
114145
147021
143631
122955
113426
91727
110770
106377
139462
103327
156875
94190
125230
108312
91032
152874
97596
88578
105376
95350
147041
115187
125910
125589
141526
157946
134670
128038
114208
87676
132375
122027
96006
140657
139162
110052
133656
151438
125590
138653
88004
157548
103878
90575
140244
155627
95456
126163
142775
119682
137067
131399
137599
103898
121458
114283
134671
120511
113966
88681
155777
105952
90600
141581
102478
157858
147035
87077
101296
104498
112068
95251
120584
115377
140537
118758
152882
103760
92865
124650
102318
93487
90543
113503
141580
88622
105339
119711
118543
121048
97041
90084
153714
88876
131940
155340
91647
136250
122943
122282
108387
125256
136774
109668
125992
91335
132978
147064
