741974
737298
751432
740552
700976
729026
738791
706915
700445
732066
708142
712384
764673
715738
700706
764654
758057
698795
720817
727311
767383
729731
698535
739969
698491
717452
739080
754579
755308
715856
723571
728800
735338
723426
730289
706478
725925
736552
764923
732082
754845
740787
705402
709404
768928
719936
731384
769039
723816
730332
762465
767005
717896
743353
737423
740234
734774
711921
710856
752599
728484
707683
727700
730463
739518
718054
766112
698415
716358
720203
754597
749986
713227
760379
754618
762851
730479
723742
706635
727869
703088
706694
714183
705378
734165
712961
764068
730909
731142
740784
717445
752893
744039
740781
726433
725143
752780
747926
730505
767957
741486
714033
724912
727262
742156
752755
727740
733918
768174
744296
759345
718549
726406
730891
710102
763519
722241
767993
744385
723573
765916
708571
701529
744213
724688
757291
714192
754259
767984
731371
700450
750705
763484
737920
703183
728788
769872
713668
715664
759913
720677
735451
700307
699817
721965
705758
706902
754118
723837
761720
713585
737901
761762
746266
745351
703690
738149
730409
725404
731722
714570
747650
704454
707122
700821
737011
725386
747787
747806
758350
747851
756893
745484
713494
720916
718202
722741
749810
724047
700805
754266
722156
714544
698570
707724
710551
712832
769922
745450
756120
757017
738730
705010
762493
714525
729760
759733
746727
704681
757151
765029
725889
705424
712776
738750
767952
762758
757803
698907
770046
711067
742214
728643
701198
728258
758930
747694
735627
708137
757678
766425
728302
745181
739000
718738
761100
704578
771147
723192
705320
737704
731920
722016
764983
765928
708725
761004
740690
769274
703682
761995
721496
745718
718535
768077
746391
735887
731257
698492
719385
740756
730652
724018
712316
758709
735127
735852
701392
769083
727727
747738
761372
718639
747002
728789
756435
722372
749960
729102
750518
727283
708031
761693
749858
714152
700457
740777
735261
766213
764174
765807
724769
710405
710526
739452
738631
710864
742691
737842
731911
721728
727816
719909
722703
728464
756362
701944
764745
757007
730886
700853
706342
759191
765784
769172
708277
708549
759411
742636
711766
756412
706105
770435
736385
751672
717678
716489
702488
710275
746822
713815
722187
728667
719087
738760
727312
770822
715646
757842
732071
698810
766947
731727
723593
736350
768108
709646
737715
769287
710897
771404
703402
718934
741594
766918
721165
712924
704627
739073
735458
762487
749765
708379
755224
717542
705032
707226
738575
763940
705657
699814
748757
771402
713682
715285
751233
727705
717885
721685
759414
764337
711674
706387
757329
703223
727576
716355
704865
713249
766906
714546
759838
752798
759798
770255
738182
756160
765629
707504
761002
716917
730034
704315
720392
712505
762618
750141
760414
712769
766048
710131
708634
770177
748957
719529
755998
721055
723027
734627
749120
714989
721824
707244
721466
743364
714925
760432
726647
701976
712838
766961
738993
728055
748703
730792
707600
723393
759210
699997
769242
707231
723915
718284
751317
759883
732984
766141
740862
713246
754135
724122
751464
701391
722296
744803
752323
731067
751557
715851
734301
738679
767855
757085
730166
709563
730824
722944
704623
737983
699376
759442
724088
759625
700782
768714
768783
764207
740588
710463
730808
723197
706879
738941
714431
711811
763936
764389
762461
728641
707206
747765
752656
744502
730560
752469
721968
707650
771311
742877
757330
718931
730856
755373
739679
715817
738082
765682
728605
740227
757985
704876
725758
748470
767075
759522
755512
702704
756609
752436
728281
709378
717524
741075
701635
760727
698704
762729
720415
710093
722002
704660
762225
709282
714895
754665
737462
746526
704458
711661
734354
721948
728853
711929
732048
714917
723456
756531
765470
768292
713174
752664
707561
736340
737411
737925
769133
730532
727307
699361
760784
720328
764536
707684
709818
711421
723308
704952
749930
762912
723476
749172
701215
761562
754528
713636
701163
730579
742998
732398
726653
714972
751657
714243
733969
720233
750846
764358
720057
724013
723834
748888
745802
718669
701510
765962
701849
749241
728563
725486
764749
711504
742612
698143
718714
711512
708570
771342
709941
732612
698508
746276
756676
730873
753539
742809
751412
746382
750353
757523
730500
698564
762177
707701
735935
751011
704760
768094
740419
755069
751154
747839
744228
742210
719636
769338
720587
768905
758071
737625
760318
727053
754397
721559
739828
735192
720239
715731
703471
766085
708236
761237
746403
762336
698519
707826
723326
724741
717625
754598
719711
727491
740314
715682
764488
759479
717873
706999
754260
771515
754862
727125
760999
738195
700835
718006
752526
744438
713197
743365
714691
756427
745013
755584
738796
701924
761740
712397
741554
765030
769829
751374
747514
712823
749008
734435
703618
745210
701063
712760
768565
738010
758595
763366
712241
729205
735607
750880
706684
725734
762864
701368
725474
730116
770083
771195
700718
762433
752990
741988
753691
753509
727098
715837
769920
730384
728746
702890
720643
704583
739095
760284
717737
752628
768583
730972
766272
711933
699681
727802
747719
722049
715061
766283
703669
721961
728717
729719
740739
714553
747939
738964
707593
710986
700055
719165
728013
715006
766356
712814
730905
729748
769528
746815
750760
768066
759768
767022
728608
703733
708323
727258
745680
750916
765305
750680
770827
733510
765043
756173
736431
713643
770907
737533
715174
711061
756210
720923
731633
721467
730340
719847
729808
770627
760998
717164
740265
701542
740500
744728
726726
761233
713466
735931
757927
736541
702380
753497
713720
771137
765776
705866
719770
758012
723672
719859
760771
719652
723506
710983
767876
700703
736538
717343
715960
703470
707554
722810
756540
753543
725416
716967
759734
701525
707933
737445
754599
768085
722679
758934
764208
700711
764004
764074
744904
705570
698807
727003
702177
719927
750978
712337
760039
761903
710853
762861
723405
739146
705701
720751
769618
710367
710921
769178
767956
711234
716990
718722
732803
703473
754228
744124
720449
729119
732581
760083
709638
713042
746001
758867
705246
739257
755574
766869
716986
744824
700637
743329
767406
716966
709929
733026
705691
724644
699936
722742
758702
749856
761082
735308
768332
701309
732809
761184
747441
719803
727402
736537
737926
743609
732627
704700
765545
767226
727778
733074
730486
713787
708328
723667
720377
734647
763485
721042
768681
713675
760220
714670
740145
770437
768902
745281
752595
739422
766687
759507
719816
723155
725557
738673
700059
749961
736536
740741
750364
762397
726078
741460
757845
763829
719845
735486
726765
759405
766630
771060
734345
729822
703465
732712
770775
710363
767669
740057
761220
760943
717391
720736
701425
764691
721180
701710
743316
703342
700253
760747
710073
763505
715104
761067
719164
699087
760038
765736
713789
713527
722539
767886
716662
723073
698500
763893
718009
739205
711097
729392
711809
715100
722690
748810
754851
707340
766882
745478
760514
735856
741238
744198
716625
750865
736972
707794
705241
744142
761071
745889
760084
703353
770359
736319
723121
769319
719925
754060
725870
723629
734074
736377
766232
704082
755165
730653
757984
714855
734338
764218
757346
756938
763494
717621
728928
707829
722791
703855
761661
705200
703331
763056
768096
747179
746342
760308
728049
729202
743690
747430
730134
735930
766607
729869
712510
710749
728698
744145
758072
771051
699134
705784
729715
733507
704579
738124
739454
713045
736810
708343
771151
710380
754703
728579
753185
770012
753537
749845
746090
718925
744074
724667
759919
724407
730650
720834
745699
767104
699242
756282
708041
758412
751407
703099
767248
718897
767228
708447
723260
753225
753232
712417
722935
715240
738296
755093
759022
771491
733303
701340
737884
712506
743007
762107
724694
736546
712291
713263
702098
768114
717401
763846
766433
756699
725609
767297
732607
706063
738209
736199
761176
735691
717815
767273
756984
751855
753387
729749
719895
762468
710887
744160
767033
725687
743056
710877
733085
710943
752506
704894
710100
735802
747148
743725
759746
733508
705051
756275
736417
763109
702483
708034
710890
708607
737026
730326
760135
758155
760759
705755
766592
719075
759130
762541
769500
727102
715788
717050
754220
751562
705933
749679
703468
764315
739860
714948
759503
721097
754186
766883
744173
722809
720263
727051
721318
735941
763358
742738
717312
729745
766508
723658
770374
763817
732392
722269
723310
717096
769745
766880
762442
706139
746009
717733
763001
741846
708169
728028
737555
723735
711640
726235
699885
740168
720863
710982
764314
760420
731336
701378
714422
699679
727256
704977
732820
746283
728338
699120
761450
736320
702183
736129
735990
714144
754590
760986
755727
709262
723491
742478
753542
705953
727127
716309
752958
746320
740416
733093
726122
713271
734646
712550
734991
760804
762803
750419
706150
723146
761434
707425
732653
737979
737023
714982
699158
762302
706148
705930
710968
703466
756310
716752
700831
703626
733721
717852
753440
726974
752654
717608
735520
708453
707922
756336
758080
714687
721338
770546
766879
729825
742695
768364
710670
769032
723263
761410
754110
749970
739036
721902
721353
737556
737405
755022
726929
744171
715484
706323
703890
720056
709281
752282
713615
769525
767216
767246
731062
719916
767039
729655
722840
710947
704819
719401
699893
718061
745304
751552
710666
765674
700272
730183
753550
736530
769327
744332
743367
715957
747032
746508
726378
726752
747096
754706
730701
761172
767087
713774
747977
706997
720476
726671
706966
763254
713369
699424
747410
713436
766216
741457
755291
713772
733527
749532
713410
730184
764316
702389
743026
763285
700254
699194
742645
739121
736338
742933
719399
739665
743176
735938
740407
743821
736433
756784
761174
730739
729750
758137
759420
714721
767452
737976
745630
707857
726764
756689
725245
742688
708344
769653
716591
757707
752406
699555
761178
756325
726390
705667
750867
708065
728523
698989
746825
699409
736396
716887
757563
736954
710939
769911
744147
712717
769465
703245
729319
769861
765626
739418
757528
747439
757554
711523
727128
756791
712764
725832
771074
767042
700410
731785
712789
761701
702015
763508
769170
756058
698865
724058
710342
750517
716944
704291
746502
700910
728004
700238
761796
746399
726747
769754
710674
704872
703213
764006
733710
739868
719574
754411
767283
720917
767024
737575
711998
722813
724117
742487
718161
713700
723392
753305
722740
744135
711230
722814
766362
700128
731840
735519
720771
761121
704495
729758
765929
730630
767156
740706
703900
722138
764838
700537
700216
743319
703718
728647
722018
737959
769577
762538
716982
760677
765841
700725
734471
721866
740366
735675
698748
702398
725190
741273
732994
711865
767674
770103
706727
742340
760844
751159
716120
768996
720667
725331
734069
743428
745191
714994
719004
744513
749892
729752
698900
706187
726823
734356
707831
715162
752159
766041
747724
770004
712613
699783
725706
756601
706702
738577
719010
759506
764856
723997
701579
702575
734625
704925
754268
729394
701558
740266
719020
713742
699854
747530
713161
731031
744392
729829
771328
720741
742686
735563
768990
728293
747905
744403
747057
728645
771469
748959
716039
768981
715070
719013
771231
771350
766986
733650
722149
737998
759561
726707
766135
758135
710204
731088
701762
735447
722842
746968
715782
730049
727671
764484
713009
698513
708122
727804
740809
747527
698839
725906
745526
723397
698567
709287
748849
756748
748813
701647
735135
726745
744111
710918
742507
768918
716077
700844
704757
754258
733058
728661
756723
735464
712145
704686
725562
740767
705842
768338
726627
708670
741275
761547
728736
751433
710508
705534
719934
707323
699326
722179
752501
721228
710326
716359
718140
762843
761669
755136
760361
706066
765660
731991
741272
706927
756054
753665
763489
707148
749072
726682
698568
758062
752605
732057
756580
718959
746406
769965
743251
730673
728798
747298
767601
753602
728801
745653
768984
700682
736542
727521
699323
742592
745507
750869
725582
750806
708276
747816
771503
752652
730406
771401
700802
769328
759656
727550
721211
742760
710181
756570
742641
721158
759137
706395
712635
703759
721708
710137
717857
771400
766967
727823
764813
708383
727296
735513
761532
751577
725672
731557
764247
742763
767590
754681
765966
756220
724044
770434
748711
707849
753237
764815
718921
742665
726797
768084
723024
768932
732233
730310
764850
748958
701372
715000
770873
735554
706111
712947
756375
761629
712183
725598
703244
734194
761321
699491
716361
752138
710871
725513
702433
719921
739070
741124
722843
712890
722874
727280
770851
764611
731969
732998
714476
760409
711991
707987
731957
701947
756549
718913
748522
770028
712160
738928
699430
725670
704440
752606
737363
734454
707300
704008
767006
756983
718809
710886
748963
731947
765905
715032
722076
712949
711988
728586
712988
745624
758367
740663
759419
702418
744424
737902
761596
733047
715167
754251
728690
728628
752594
720679
712800
755206
717624
705522
737669
712235
739108
764822
734442
753216
728713
718103
754353
751502
735487
738929
771463
761577
760331
711260
726773
756505
710082
715657
708576
737799
741523
708153
734789
706688
718224
716897
743818
712768
719910
710174
709065
746516
700847
737905
729854
733946
729175
716943
754571
706625
728976
701598
747339
698561
723815
702646
725561
711541
703872
700157
707223
714507
713649
718753
763945
712886
716066
745622
719883
706923
706190
740499
725563
724071
766142
728561
769065
701634
731601
712873
747034
765667
752694
734558
737318
768992
712793
769097
715674
749178
719025
751554
736478
731916
701566
709054
769081
704690
727103
764621
716984
769280
706696
707760
765644
741270
719996
749642
735798
717250
717957
727494
699373
715076
719121
728695
763474
724382
757336
752466
713721
712179
741274
727706
757160
722160
703253
755196
761170
759563
762214
733116
748839
758693
710108
750879
710499
747597
704921
746826
757137
702568
770596
724100
770030
725564
722725
708597
759800
725668
701744
737999
712827
702444
706626
730395
756757
715004
721289
750001
738813
729810
752600
769964
720984
745652
719969
769368
701926
737813
769371
759882
712857
747612
740807
759527
767801
720215
712974
754256
722763
709851
736474
712874
759528
741129
715077
728802
721032
738951
734058
703407
731051
760307
720689
711602
754666
704014
747744
757405
758098
698746
729794
721678
703842
766043
716082
716162
738625
698610
737972
741267
723537
730878
767731
726679
757876
717956
744523
700743
729798
701721
746981
714162
718988
768136
742535
760321
731810
700277
708412
717571
771335
731035
713212
706918
708535
728675
737823
767092
712990
706130
755126
719944
734227
759529
766364
738899
761204
722046
724084
745540
740387
718922
770898
725130
715097
731984
698587
769913
747809
758415
712829
707977
737890
712498
743296
730482
725671
700150
717495
727788
768988
768197
749963
713272
751480
730898
734533
715050
712837
759459
699332
740493
756786
701631
717565
739985
731726
713794
699396
760672
747797
743252
759556
714474
752541
707268
733092
751575
761045
699322
698735
711325
743976
700809
762712
737816
768584
752350
761603
704629
736593
740215
712749
733986
766138
748484
708395
709860
759284
769294
763456
712828
700257
721715
715111
756890
706913
745569
711624
705353
749953
705854
740541
715652
730971
751418
756239
747675
748901
716991
734576
753566
740768
748896
709565
699423
710192
750003
708092
722013
722161
762314
730379
731070
747512
728678
751106
727228
758422
733065
701619
710972
722071
729271
757326
737135
704247
739511
721984
734657
734233
707325
769260
754678
719143
711607
743330
746509
763387
716060
756049
740510
719291
753668
725591
752864
733097
721396
766210
762506
731917
755690
728896
714740
723002
733858
769089
703873
712888
718944
706678
711014
737934
721070
724351
726758
718670
710747
754999
726026
757791
743866
710576
702651
713481
705183
719906
769560
751138
760699
716618
710841
716315
701006
748982
716940
746389
757664
700648
740371
740463
747490
738723
723416
754278
701308
738740
734621
722355
744330
762995
747723
711474
720504
729225
717456
739183
737202
770893
744002
766443
719329
735868
720735
741235
713072
736098
745379
716108
749684
722447
743829
729126
742893
754219
701782
734284
728056
716743
739147
757736
764546
720497
731626
704789
723297
727182
705109
703322
742797
731309
705547
719903
742917
718952
733127
769785
745251
707440
737154
769881
742949
712931
723302
699978
752630
728686
706558
732543
746056
712616
750620
711886
728574
716678
729305
762910
702160
757357
763277
739284
707966
714260
731681
706430
743798
767825
742931
699010
720466
732132
700293
769654
732661
739354
749518
750462
726274
737730
766641
709279
769486
743639
705883
744826
705970
699138
713269
707093
725977
703065
708011
710648
735649
748582
763243
760118
756916
735316
760372
704381
714290
735304
718933
705229
752500
739371
739503
711205
722525
736476
743285
743621
738960
759903
699201
742831
763078
707237
762261
711101
756647
739139
701932
699235
769508
711425
769622
750432
707459
749604
701706
753021
712132
754792
763287
732061
713468
737194
761287
730853
703059
721758
759999
746025
732725
699190
740060
769543
703080
771096
719605
707721
747351
729472
705062
713352
714209
741928
770962
732731
756817
763302
711380
770925
715200
701703
762242
746069
727166
766929
751269
714214
757550
715754
719443
761520
768194
756946
749456
719617
713354
725958
771440
763226
723733
699899
708194
749054
732797
752289
719274
711456
736020
739928
719535
710333
710255
739829
698658
702802
722196
735696
713791
719456
757477
703013
764607
735258
760971
753271
707693
748608
736299
760181
768654
710646
760705
722773
725222
736797
739228
697991
760164
728727
732697
749352
703159
756909
747644
741818
749549
752953
766446
733275
714328
744269
746861
713301
734318
743931
757362
736143
747557
751231
770650
753034
726067
729320
753199
739319
759697
706567
735826
769607
757504
742918
751405
713901
762748
743633
771224
732512
701349
766132
749303
770961
727595
742796
758411
736785
703110
751102
703101
760205
766682
763202
719055
710602
720538
731877
754457
766745
757342
710625
705327
736021
701783
729821
767096
711507
722352
716633
742935
729728
753030
740034
750601
705230
722532
732415
756823
727267
753178
726247
769862
742851
761393
747880
746542
726158
719544
724503
730843
766317
728363
750610
736225
739332
749394
764027
733670
748661
740156
763101
711859
764811
699188
759575
729501
740050
756613
753137
732787
726242
701403
749491
699928
768679
766743
729463
747074
730209
769962
754777
730872
743078
732435
735698
725346
771194
717281
739181
763108
729214
727088
736166
757057
725686
730275
712000
730391
746044
729575
739322
726917
722434
722152
719465
756730
704804
754459
727602
707722
701885
705147
766741
760045
710751
763263
712099
732511
745428
767115
711227
704740
722482
726057
705124
749557
746490
732763
729350
714438
757341
761481
706041
750754
763979
716824
710267
722399
711231
739279
745303
763778
713550
748597
738727
720527
713627
716542
705245
729519
769609
757604
726049
718994
701758
764015
739269
740067
726034
743283
743879
738895
729812
751107
700727
736197
737717
752285
743859
771333
746187
754992
761651
769481
748234
745214
705035
711223
723846
763217
766791
760889
742420
705131
741233
743305
707296
771063
766625
717392
718889
751124
707343
734197
749448
699381
710535
703074
720363
705078
713448
756682
706984
707878
739247
759970
731294
749411
754550
705085
713719
704799
762591
723808
767010
727624
756012
746702
699981
737199
720469
731304
761412
718533
760765
757526
714295
716601
726908
749021
732728
759594
725555
728843
739486
729136
761482
769407
720427
712826
737698
761973
739122
726210
739896
705440
705242
746430
705949
728744
703103
738562
752328
763167
707967
718663
757562
732656
699140
702001
764689
745312
722178
721793
733079
734362
728892
703919
737439
739529
708102
706003
766416
756140
708681
754682
728462
769697
726608
712056
702087
700163
709986
737094
766764
700712
719889
762363
739948
745930
769323
720946
703368
726047
716947
712589
702165
759979
723343
720701
754455
757358
760963
763047
740015
701728
715294
729539
749277
762329
749547
701169
726155
744037
713488
753051
716661
721523
760305
732841
763981
754084
742609
753047
748843
718728
759862
749702
702113
719504
770730
705115
751534
711181
759252
722943
717604
735213
749962
716431
726215
702285
740076
732788
722932
761225
737037
726452
722401
749999
755106
732834
700374
705087
749813
736202
752733
710641
699900
738509
754477
713994
699991
764441
758061
710435
748708
769353
713553
710762
720529
701907
740132
766948
748673
732460
748786
735700
719495
721398
730170
719378
767778
714974
701770
708635
711714
714217
720281
749683
716703
727011
762241
744503
745636
709581
757454
757671
727666
722487
710668
711709
727149
742838
752914
702330
771073
760153
758060
769718
740696
725770
733730
710740
768091
727743
706198
703131
723811
728437
718597
713231
766126
725295
726232
739950
762839
707146
737269
711726
728362
750593
701889
767717
710451
702857
706021
725837
725252
705675
748563
760873
