169564
223460
218358
216775
185927
163197
185586
165172
200364
195618
161999
194489
218801
222359
218188
225070
224253
223562
166095
166235
190430
193889
216149
164122
204819
213809
181860
216299
226264
226173
172241
215034
163259
217726
196112
196107
178881
209430
181360
221604
187454
221138
223477
196131
210192
213784
202958
217717
212090
198041
225897
171169
187825
171640
204523
178960
193401
177420
224216
215145
166921
166427
182905
199861
165277
225136
174796
168465
220850
211509
197277
205410
180399
217913
196376
197205
226047
201197
208279
199517
164703
223024
165122
222077
188496
224725
194157
225389
170969
171673
164884
225996
195992
219823
164047
218914
203590
163267
224851
160342
199193
214115
176799
177243
168097
176205
196157
175898
219678
193018
184806
210283
215892
167390
206132
199522
179572
210827
206272
170232
202165
162622
180288
206098
161604
205141
211090
199282
170027
213414
172869
200256
212964
180414
206928
205505
185898
194962
194612
165335
209389
162461
201598
182178
207094
171235
192404
160306
207009
186634
223569
170466
214592
186047
165767
215018
166102
216859
175491
173162
213716
188750
172414
187397
204671
166989
219814
192090
226250
226114
173361
188535
167063
204053
219821
209573
223236
177671
211089
159830
188224
159139
220875
212884
176760
184404
205439
200309
190141
192107
192244
182220
220170
168699
216858
223151
173954
186735
223964
207201
169947
171396
202306
219302
179924
185056
181453
220237
225047
186903
166285
183087
209675
172529
220980
160339
169667
213793
190068
179762
169666
163383
195111
164049
199500
180417
217478
182008
213003
199537
195868
179874
159728
164232
164496
181566
195597
204527
204809
169823
207278
181137
191740
180015
225294
209250
221124
189560
168036
216977
215063
181466
180679
180137
172124
181166
224899
222479
174962
203022
172807
188575
206475
175758
179728
209289
201782
159650
179752
186932
225116
213216
207524
162458
172579
222363
222526
165958
222296
217893
197131
204143
200202
220603
220512
160867
189654
217094
188734
226496
186070
209006
169300
214707
197253
181653
217248
180786
167938
169151
177663
198969
189601
179598
184591
220509
207279
223367
178870
168668
171056
175766
171797
186740
210980
223715
210533
199660
207765
200245
207498
180247
217210
162494
211432
185172
206326
221667
186919
226746
169695
208176
188001
212075
194386
207839
212587
170140
184794
176247
180202
205980
172421
219681
182197
215164
180844
209916
210977
219158
207823
222113
193857
209497
199364
186827
173389
210878
193784
165774
208840
223499
202335
170259
218996
225101
171612
194771
197939
186758
180493
203659
225001
166145
194381
181134
177439
223728
178719
177889
189306
209694
186030
210634
167734
196129
176126
183256
185663
213026
225916
189499
160719
162490
179602
225322
209218
169017
222956
182162
210085
186048
200836
213880
226505
194451
193399
221718
222626
188577
226925
169960
213759
214012
182311
222375
165323
177650
209622
212069
177604
177830
161334
216334
181456
197871
188742
159620
180495
219704
164187
177855
202948
185585
196768
175635
166120
191998
223426
221166
223863
159591
175971
172523
194345
187332
213693
185892
218580
201087
197951
191169
196401
171356
222814
224774
214236
201832
219843
177148
199324
175907
204092
223331
199653
202194
216322
186181
218360
194339
183672
217029
175838
188146
199609
174548
182328
217852
174382
212071
194425
225277
188018
165903
197184
209011
177950
189430
188024
159831
164052
214177
160221
181661
200323
193254
187997
201801
162016
167725
164262
216853
179730
222081
196793
203699
170172
209547
205645
199508
193939
203414
213898
185795
196047
190126
195997
166464
164117
176834
165584
188807
181802
183310
197188
188743
198824
182137
169176
222547
192115
208208
186808
178173
166236
205419
180056
189642
189796
188208
201791
204340
216841
197289
194171
185835
177137
170589
216960
223544
210900
206542
207228
208723
163407
179028
216967
211457
174200
192133
168135
207458
209165
204914
200995
182237
210112
206013
164097
180400
167530
216958
181793
183968
208191
199455
184773
159732
197203
221673
160721
178863
219699
164282
217846
199840
217753
173391
159953
168433
220557
214670
169222
225210
177888
217131
215481
220682
181803
164142
173398
203691
195302
222951
167149
172425
181879
215258
219927
160880
223088
206410
219184
179863
213218
183107
186266
208308
161511
188019
210454
175239
159479
163416
180135
192004
186750
179866
222075
167868
223422
182332
195351
197192
188728
186717
162818
159618
163765
198566
207140
159889
224838
199297
194149
198655
170222
219811
182469
207792
200263
166111
205945
221487
169949
209855
162222
174232
218668
163728
214034
164464
181135
167125
187426
186461
198734
177921
187408
198483
215530
186798
159622
220454
225143
177449
192440
178539
182493
224401
172770
214640
213833
194432
188783
183997
174154
171576
220566
222406
165831
182037
172418
214675
220434
166069
204530
210268
213758
207195
162483
191555
193556
214645
199782
219166
211952
224883
220630
206813
210556
202942
181476
219684
180673
179869
169652
178183
207662
215237
224249
161095
186841
194325
214633
167941
223741
193691
212408
192241
185920
193858
188756
193842
202344
210079
167044
160642
180860
219574
216822
200633
177147
197241
171467
206421
217870
180287
220167
194440
191739
187421
186127
178090
173077
220050
192384
191760
186288
179820
163930
197594
191308
200220
219072
182188
193823
166564
203577
166762
226803
199978
184001
223953
225207
159841
223611
196403
195248
176886
216261
160281
168844
204678
209971
167963
215403
219940
220081
202766
224890
198967
189133
175155
213033
206708
195942
167398
176957
193221
207062
174384
225204
189168
200106
197606
215006
164493
210541
163208
200057
166707
179614
186910
213620
173322
173328
202187
184272
203211
161440
225332
226304
189826
215917
172417
193320
225808
225086
161871
168243
168583
163413
208547
222758
173242
223776
201489
209488
220122
198710
190588
169093
208370
209084
220838
179615
185831
179884
181138
212059
167707
182983
163138
210163
210616
200784
188632
166814
209950
159718
168498
173407
188495
226809
210651
184097
206348
189131
193469
213910
191850
167142
218137
184006
222127
218611
183320
190593
188747
217271
177435
217349
159024
197552
202341
224701
207508
214472
169062
225032
209578
193616
165537
226217
198129
166779
171055
185869
167496
210429
170411
169117
215115
168585
217706
216035
189134
191229
209078
191818
221485
177702
163642
191879
224179
225973
206356
203135
201567
173989
194044
196125
173263
206076
163742
223397
206423
213800
176149
220407
210034
174522
172190
177141
189714
176830
200850
203192
223641
187866
160258
186728
223413
180793
201993
173753
190750
187395
191771
177585
189132
225259
191711
213667
169603
166454
172993
202354
162614
169796
210543
170498
204481
193040
215419
207818
177852
189076
171397
223488
223332
204614
164118
177443
196158
224806
225701
176774
216353
217732
166488
176881
172403
226805
216692
200753
160787
176695
163123
223219
221071
185696
162785
207093
180536
179710
218507
197174
193819
184307
218785
210179
225548
222302
209828
225975
174381
222422
177555
168260
204632
220425
183014
202449
175299
166918
179873
216976
190312
169345
199816
222939
168586
207592
176255
203208
204200
171433
169910
214687
177392
205380
203570
180972
199488
181460
164680
175156
164506
176922
190092
196876
223291
180768
166645
209906
225296
159034
177775
178948
188022
166650
206931
207183
168076
219577
219847
220872
203684
169702
224978
163432
220178
163464
209591
218401
220526
175263
223412
223037
208802
166983
160779
196939
172761
171920
206273
209054
198727
191703
177136
195859
215404
163510
197179
176119
215243
175612
226362
189122
207373
217721
163403
205124
202143
193807
180385
197222
199368
177717
173121
164973
182419
216679
216640
208078
209580
217754
174226
218445
203515
203317
181200
205615
182663
173797
210105
169325
165078
166652
215211
212407
169982
165472
198042
169253
198435
195456
189810
186799
219988
193340
175138
226806
199655
160223
225399
217481
218271
163422
201237
198958
222462
161531
189138
185350
196058
164727
186125
209385
225250
213912
206806
214279
220336
175620
199804
201145
197069
178452
215326
200226
213000
188715
176912
224134
164823
206055
185089
209954
181538
189605
180489
200033
185107
194159
205600
173238
205172
214022
199415
206215
206208
213930
196861
214613
220568
189275
214405
204266
186732
193521
184285
195389
189128
188706
191729
168318
199260
164669
185678
175849
203582
185154
225616
189130
225291
165418
213243
207842
223841
160749
210031
168584
174533
160699
182626
217077
198114
172971
215922
171058
207197
206108
214431
193522
176937
220312
180016
220571
224235
206655
202849
181423
176407
182095
181984
206047
191845
197212
195575
220201
192250
225195
210108
185871
180613
193948
159563
172432
160189
222495
169042
160117
214155
180742
205227
194379
213421
226814
223140
207503
201265
203195
203140
166938
225181
166775
185662
163536
181929
163079
180326
225938
219353
214991
181523
191758
175616
180952
193562
202713
173289
159689
210627
184373
207577
182158
214456
215198
196785
195442
189137
176931
165815
180614
180998
200375
170008
182160
216720
163875
226152
178874
166020
180842
196110
196542
182855
224657
211055
169034
210967
212552
210199
203285
166934
163502
215391
186591
170200
216367
200743
183785
176948
173334
185929
210978
202331
220984
174329
196457
182659
165828
210157
160743
192102
180134
207942
175646
207553
220910
223907
202992
198774
208230
202249
225747
226023
201793
180404
217380
220341
181064
164119
218695
208129
187220
202068
217487
207124
216995
217873
182697
205989
187237
188718
217576
217791
164257
182968
176050
180785
203239
225198
219113
163623
181917
213374
189281
210175
225282
191316
210806
161004
187851
169811
172880
182685
189325
191556
166094
194327
202360
207151
207264
164178
224275
178563
163604
196265
225524
194441
160772
178098
219331
168520
219151
168228
191427
204591
225607
225589
168388
169842
217205
185735
179701
213142
215519
187670
180256
218887
198635
166293
213164
173818
167603
199871
192079
223878
159799
207030
222880
171922
226382
210797
188966
191775
183740
213168
176261
196009
197133
166259
172562
204882
179919
183097
167627
210322
185990
178460
182547
214159
210908
216587
198171
170157
164804
190211
217042
171188
202110
223908
197868
167054
188802
216118
210318
195978
205171
196227
217374
212516
221159
205920
174497
199606
166104
215165
167983
189008
211082
196160
179879
199075
170489
192010
188740
180884
217183
213106
223920
189260
166442
210817
215847
178399
219805
166262
222989
199574
223577
200933
164070
195622
209023
186845
202392
223415
207867
222236
175623
178124
188490
222391
226049
180034
207040
171856
159872
219589
223546
199454
163511
201185
199444
182246
179796
223593
221123
164500
166552
212512
210902
223651
163774
175680
212507
215154
213903
184788
177121
210809
197564
221586
171103
180203
206343
203001
226038
199580
188381
179609
168745
184188
193491
214280
222994
210513
209577
176552
202369
209637
177416
170017
222348
170152
204711
169503
219500
196205
224789
173231
213915
179294
163358
216606
207077
221638
202498
223685
172979
179779
222667
196341
172560
216030
219479
224882
213253
210185
182085
159796
198632
161417
184264
182231
209449
171851
220447
172483
218463
179591
213607
219956
178600
180852
214590
209711
180523
177532
204552
214654
175866
210786
222679
209448
198185
212597
200155
210779
213123
199279
196283
214896
172454
209661
163450
207322
204377
202551
213222
215191
214706
159900
164994
213105
201997
209632
170078
159540
205950
226309
169244
180514
183720
185694
200328
175595
215451
210734
171308
168415
177658
166191
214061
180516
166117
185537
222724
222241
173248
196012
216052
223222
174820
194308
209038
198633
197024
205933
219874
201123
218466
161155
167077
166301
161633
222627
223698
188821
175966
213129
164753
207046
171000
213591
174222
159847
172553
159461
194900
219934
185907
169241
194932
188804
166204
174773
186438
196134
187619
210308
196206
172614
213133
176654
198214
189250
163916
212599
212336
180909
194175
196763
219494
174524
171831
194904
187276
166568
207541
225895
205420
196203
224706
170162
171405
172199
213948
211081
169316
181133
176061
207961
225226
215294
174405
216136
172330
215501
221602
200861
175809
178730
202431
222481
215009
159731
220000
180628
163431
190188
173414
166050
212053
204490
209280
172586
206848
199526
167060
223062
171039
203665
206435
226701
173352
213683
177657
202428
194921
188798
166264
165183
158952
160001
216157
217126
180521
166048
210907
180874
178085
184860
199844
202352
164838
164879
207500
206239
170023
190209
213136
215402
219366
188396
209708
175868
192151
214244
186420
214735
219114
185939
196231
194927
217824
218456
206416
219695
200891
192157
221345
173343
169006
185776
209615
194913
213156
213179
195621
169230
224637
171210
175908
224403
177845
196234
165064
206100
220503
169090
201815
184815
184088
180047
212488
187263
172231
161146
188529
190147
216893
169373
192135
181461
198484
195514
212530
226862
166148
220982
182245
169295
183110
192352
195301
225067
222672
163580
211014
222568
179457
208115
224925
209556
160006
165130
159770
207267
199199
197284
196221
172909
195697
210160
190457
175775
202046
187413
214972
181973
220615
201221
161029
206434
212489
196340
200986
204713
169483
207073
218422
164215
209569
199197
223686
185914
213886
178396
223934
165035
167654
214730
190189
210257
180041
182203
206178
167746
212594
185580
163405
175789
194310
226108
225040
183101
209037
206582
199570
159820
222520
210896
186828
198562
225303
196267
203614
221197
217553
179887
222569
192220
174408
213178
166592
219715
169386
186109
194959
214032
205900
191853
189664
219812
194436
203244
190139
226909
163453
188828
199610
190380
196002
197597
176089
220892
195313
188909
222598
196222
192390
172874
196534
163583
186000
213897
221988
213188
202475
225594
172619
204849
218704
165967
225839
202508
160118
213175
186819
167977
202386
192345
163498
199895
223217
173412
182173
197615
187317
212509
166359
214045
218101
219818
224900
215316
216981
175773
160264
210814
181448
211028
214575
208240
222643
205365
207068
176021
208796
220593
209576
167439
208086
164874
218904
199789
214530
165080
193951
213255
179570
188280
216096
165748
180021
221570
165162
194384
188757
202133
181387
172085
177146
159807
201244
164240
180377
219905
212498
159746
170151
201555
226835
216923
175890
205943
163555
165905
213132
202546
170806
226129
185581
209475
224782
225416
163415
180353
174859
167461
224965
213974
181883
226858
225166
215200
214360
213236
221373
185976
192238
215540
165995
219878
206336
182329
159659
219493
194376
165968
188761
196186
186907
163093
174174
214611
226338
207039
172617
160298
212572
169761
159791
213252
179769
199812
207295
187330
216101
190423
192131
224169
193863
170080
175863
215533
168475
169389
204414
182921
182180
202430
217667
173254
209608
182281
188751
184297
161860
213976
210093
203525
214261
213942
166090
202568
222232
171871
224009
178938
190073
194360
225360
200352
178029
206998
185913
219896
200912
195600
169436
224936
219795
217826
197199
207161
221178
169445
213135
197931
212048
209949
206531
196130
210190
177890
192333
169627
181782
199533
181962
172845
181369
173091
180741
165771
165098
188960
172899
169856
190456
204241
172918
189276
186345
213720
206018
208220
163126
219626
169041
223231
217770
210515
172154
213641
172958
223017
203225
220917
202032
159195
221060
219561
187316
219535
191712
166604
195883
189292
179272
199814
216635
222831
219583
220534
162749
217508
167904
186316
221115
218106
176673
209071
191709
175287
211065
209377
177111
187350
176145
175525
220249
177643
186359
182704
220964
215268
191670
179426
213338
223227
209829
199999
159520
175632
174543
222941
207754
206008
203155
168297
168746
179179
206028
211293
193387
203186
177984
221203
220402
188152
195852
172997
224664
216707
185175
221108
168756
189239
205982
203255
185680
172160
185726
167651
183293
215513
218895
185635
169049
175195
206576
214953
215934
169043
177757
179656
220942
182720
176146
172165
167968
170975
165103
169569
163952
224699
220259
172153
217447
159013
190304
172155
176115
161129
194857
161456
182764
222289
175521
214392
203309
163167
189307
181942
175298
185725
159522
177768
163946
217405
213356
206730
225672
199252
186525
210066
185325
215174
207487
181928
176981
213700
206027
167934
183753
223940
226307
169060
179039
180226
225107
169870
166678
179151
182576
176982
190102
219540
220497
223609
206073
165184
183663
179659
219533
215389
169190
203880
213623
185604
191920
167364
165833
216636
187055
175664
224690
221629
217636
225171
193641
199251
168210
214428
203169
168611
204095
197030
179105
193300
169615
187054
160648
159518
179663
197026
205619
181940
169764
199242
209281
194865
161496
190325
165051
173434
180355
193402
223947
224006
198218
205192
205168
166656
224667
217317
223923
188481
163810
213922
203947
202048
170617
172796
200014
191172
208620
181932
221914
167930
209108
188441
220248
183827
158961
205161
159504
190310
215898
220913
193523
206598
168005
165405
193052
159517
193856
166486
204214
195845
210516
171279
225512
172157
193450
216412
171165
185621
179175
203983
162388
213678
218675
179652
191256
219092
217153
194851
199219
199000
219389
166808
181943
206765
220373
216363
206053
172806
193449
177988
213637
186335
181974
226214
222293
189298
220226
202088
171843
203248
221405
211058
168187
206021
220914
219627
199948
206019
199287
174050
169118
175644
214496
194009
216646
175660
160816
181624
185139
206936
210150
217631
165823
185658
188440
185644
206815
217761
163798
171183
223252
165217
159515
219602
183766
202060
189154
180284
161731
186422
176201
212210
173040
179252
165505
170346
218428
203948
202678
221916
174070
224929
183683
177914
225542
206780
182477
196976
199953
226131
218471
162501
177025
166631
190463
191715
213674
172172
224663
219538
181871
176222
172163
219539
220385
204813
173052
195853
205538
175187
182500
168766
160622
189199
169045
225513
202056
179013
186510
179209
201209
180325
181923
214267
185645
166783
223237
159553
175551
213652
224659
173206
222781
193474
191379
178048
168491
164035
196875
217463
191076
203535
203989
167536
172186
193664
220929
183760
162870
169095
165854
206645
199244
178050
168490
182681
169846
165826
172159
174502
198011
186466
183690
209264
198802
173927
200019
217244
183442
204801
166740
209946
218903
178074
198933
203222
166718
214335
185587
225216
219530
207761
195860
190507
173926
218343
215561
220319
186180
179030
196993
220915
165160
167520
185242
202029
161717
209053
192373
224687
200797
219555
169025
223438
165814
194850
213316
196926
198191
209357
161154
191846
164482
169790
180271
226185
179668
202055
180652
189026
206010
204830
218423
161162
210673
222938
169084
207628
205766
163913
189373
207601
224678
217309
182669
168590
209187
189274
183373
188965
182653
209926
209064
185637
216701
209951
169073
214368
191750
219516
163862
219515
160815
171174
208194
214356
191769
165563
203231
175522
217529
215001
195851
180942
218182
159191
175981
172987
204342
182885
202146
215483
175663
184042
172942
198170
190016
197613
170779
223619
185676
206718
221048
216659
164144
208018
223607
206058
186255
223484
209210
181920
221047
171860
209956
218154
202051
220297
213647
181416
191799
217551
196931
197612
194416
193538
216653
220238
196920
209729
165842
209066
225217
223324
172794
163136
220236
161197
179654
159137
176188
160811
173069
209952
183705
206832
180216
205151
193390
221622
217513
168721
198078
187042
193438
217895
225602
179664
217393
198937
206756
161347
165142
204806
162674
159126
201188
209188
225108
194417
203976
217782
167979
175520
202855
174922
193091
191214
214452
196663
213656
209932
207550
220240
172763
206770
186485
219035
172205
187379
176160
179569
185718
164551
215891
217272
187789
202049
165808
177685
209958
223458
214937
202058
191400
190027
206656
219594
184322
225553
223467
163879
189174
186532
190458
192677
191791
175529
214321
185719
187380
172136
163823
186902
177756
196923
214438
216387
209268
223943
191860
203294
218085
175519
203161
202044
176244
206020
204595
213946
197096
217284
186458
223369
215539
193675
174756
188498
182639
202137
180282
200474
209073
202027
189813
198949
166798
163944
181935
177767
172921
222094
195842
195890
222285
209992
179073
178019
209087
171745
179368
192461
203110
190404
210576
185650
185648
185716
175624
213646
197554
210041
224040
214465
165819
216649
179249
217916
171976
215551
