267267
266501
266643
272842
263727
242881
258227
253192
274684
252076
258413
255859
260990
258367
232770
260979
258785
272186
263557
282701
252227
279839
278432
249218
244213
232814
269225
269339
256026
277928
281014
262586
257782
237444
258686
237939
261327
257553
281238
260336
246105
279263
275634
258349
230780
241271
273087
260393
278594
257529
263921
265833
241950
240955
282564
278440
262919
275512
273617
234124
238701
248717
230186
243284
246403
256764
282027
255505
234706
233790
282430
248825
245997
282700
281165
247321
231589
246950
245037
278130
269329
273424
253170
265708
254464
248989
262680
267981
276234
272963
244456
278765
275680
240966
277609
243054
276892
229410
272984
265719
245941
272983
236682
249271
268749
247837
274646
280752
279667
277370
234653
275867
278504
256746
252194
281875
259471
248176
227997
228063
247551
258487
269485
245841
243166
277307
254288
277717
281808
235935
265485
267511
270650
254537
276708
261833
267721
259573
252814
243138
270163
234086
237670
280280
261749
253317
267719
262013
229643
230174
262398
235443
260865
254111
265307
235199
269707
282457
262437
265038
254952
245673
271190
274243
282450
243136
247718
254565
241103
268615
242975
276322
255459
278916
277858
263642
275462
282289
264630
230779
273204
260050
265697
259232
244291
251798
266143
265430
233877
263596
227234
282130
259212
254417
278070
261186
239965
269524
275562
238127
271145
255373
274211
244272
272850
273164
252144
253123
245695
277308
234538
235667
281776
268997
237565
254673
248988
230762
249417
258694
263850
260303
239020
282053
275108
250738
244788
236439
269238
239898
237038
279888
264999
248819
254120
273486
262832
249214
271191
282122
263567
274541
260187
258690
278064
271304
241022
235654
272789
258163
239370
248817
280555
281106
249284
235919
231156
258735
254468
280727
232154
227977
259885
249113
273153
275467
231805
228079
275378
263932
231825
247940
263745
266890
253030
240331
275413
248679
245787
253104
268627
278468
259309
259175
265987
250781
231626
263878
231132
280356
233631
229821
255534
254489
259314
231673
238615
259093
243209
230931
242379
231135
274477
235767
254877
231139
275461
240837
276285
265965
271470
233099
275405
273756
257479
267357
239482
277870
281035
253510
243498
228346
280718
249252
229914
237555
261188
255307
273693
256700
274639
231847
274479
246883
255032
268775
256437
276221
235028
268449
276978
263204
267059
275328
255124
253188
261100
243827
230176
263594
239275
267015
258332
241171
273868
231999
281788
239271
270973
269303
235264
276005
249619
244465
251772
281454
242510
228299
270765
234126
268092
260927
230678
254560
266600
268691
241185
234557
264736
261005
234696
266647
267641
230789
271115
237990
230778
269226
247322
250135
252186
270244
239647
271495
270840
263784
261790
239022
261842
262835
246899
262271
278127
267670
258569
275150
268987
256490
266161
253634
280082
272893
272303
236510
239771
246980
257150
277946
280179
241042
264977
231810
229169
235977
245175
270979
257198
266689
257524
276808
268853
252820
282503
228993
251572
255873
276151
256783
256243
244295
229281
259278
260232
263068
249856
248654
245842
262811
261849
264579
248168
243044
259539
277927
275820
277302
250344
277554
243430
252057
273463
237937
274199
237020
232215
235510
239642
276332
242982
266842
252228
275862
260998
268979
233470
266461
275444
251159
246816
261999
279417
228949
278108
275162
276396
261370
254953
239014
245318
241220
275161
232242
281059
259167
247634
253650
278611
238342
247363
236782
237979
236068
258475
275509
256510
281045
262841
262829
243009
281217
271467
227350
241016
245659
270718
265986
252734
260058
277389
259320
277641
239355
260818
249732
241005
281262
259642
264960
244131
238880
249807
273124
259225
228052
267575
269342
239627
236519
234566
255731
281311
235228
256655
277411
240889
268970
254879
259499
277621
241758
258771
254452
233900
266807
233647
270551
268991
245156
266385
253872
269202
277209
254151
254546
249011
248783
282679
253866
245938
277347
259407
245168
249755
271717
249626
272234
256419
273180
251894
274678
276069
260820
273869
240918
265710
269378
242520
248664
273847
250558
246196
274460
268106
242643
276122
251924
244466
280373
228452
255563
266387
241039
261928
230792
244894
247530
260444
257562
233207
258340
240415
243962
280552
262364
248161
242495
250127
253532
264787
254318
232549
275324
241523
229482
251780
277933
228950
235727
240568
253924
244430
246003
272846
253788
250115
268468
280839
263763
242349
257029
234414
282126
272241
273206
244804
267625
280305
241314
274025
243139
274178
250113
239731
258160
260878
249975
233275
259281
258166
254564
249334
248742
255790
254505
269499
238689
264138
278453
262318
257486
269240
273095
256611
264727
259887
232482
255365
277827
281201
276297
239551
281715
227455
251907
251570
260119
244605
255077
243229
280979
243556
263762
254284
272173
248279
230263
240722
262060
242538
281514
231833
258764
237663
253884
243418
270280
271363
273005
247025
275091
242962
275450
241199
252766
260208
258211
265988
256765
276833
256592
271463
227988
261295
258228
255029
250827
231865
241036
273226
273963
243896
262741
250137
259158
274104
267763
233012
252720
256119
281879
265705
239705
258191
252803
241504
258466
254354
253518
239631
269204
263518
247685
233793
258396
238677
277887
282082
273807
273268
251760
261829
244239
237247
244256
248731
252403
229127
256508
241104
252300
273186
255422
232820
263786
247895
239193
241296
261664
239452
251276
250617
246852
229476
237086
270517
275225
249765
265449
257885
253886
238573
258372
268103
281518
261425
277973
230002
267142
233017
234971
261347
257172
269757
229225
278126
253887
263603
235059
256309
262678
270260
255550
249838
244874
269146
278042
249761
268799
242241
240998
259891
277484
259091
278476
258171
247197
228756
237991
269970
231325
229925
233148
233850
238391
259068
230926
275140
247038
273263
248865
228569
276578
278246
240363
239576
280735
237597
246482
231489
270613
266195
275260
259621
262681
249744
255314
259582
234894
274994
235863
244756
269101
273976
259613
282336
272803
247387
240135
234399
278350
252400
261787
238919
237229
246971
233594
250480
273883
275303
237077
243850
233774
267150
237192
246584
279756
228021
257957
239233
264599
255947
232170
269340
246609
277576
259030
277843
247101
249918
278117
278026
267585
246793
238116
257915
252743
256947
250869
237088
241134
262849
254949
227612
273349
253975
235023
230229
264694
277945
276796
228947
261794
275331
235504
267400
264488
228020
240844
265165
273068
227571
261426
234317
263772
272479
240694
248600
231844
259584
231277
270217
230641
230521
227494
273884
260118
245929
246098
264591
275443
253075
239347
234585
259639
267021
250488
248337
262799
264297
235368
248428
259567
232727
236766
274799
277497
238700
241286
278066
264607
228102
247804
254375
257458
278078
229378
243301
273082
232794
254592
234999
281343
282769
260421
246531
278034
249833
244216
243590
246504
235472
251946
252033
246843
277198
282331
261805
270592
240673
261478
278868
270268
237172
251080
264500
250723
281551
272516
234431
247688
273592
232473
275244
258567
259837
270779
233539
257880
251024
243632
246590
247032
273984
273454
243294
248086
281530
229513
252714
278850
256272
230776
281508
274653
232161
234549
247326
259220
282798
268342
261924
282334
240341
256165
267148
255895
267437
249599
267506
260749
267295
275856
257902
238779
263002
267011
237186
275539
270258
258358
233986
273427
259607
246142
261437
259075
270993
252567
280881
280857
260280
268972
228083
246542
268377
248333
278325
237095
279522
249393
267137
273996
269186
265014
231034
252361
277566
248922
261595
257039
248079
237252
237287
234246
269370
238479
260487
234457
277996
242952
280879
250074
275079
244657
277194
279485
269846
242743
252850
281187
236234
258207
278547
280150
238843
270218
228078
230980
255430
270574
240959
267608
268678
246074
232475
280374
232210
246226
258947
280686
272120
274875
268054
234061
231710
268077
276015
282160
254988
242583
274811
268013
244381
270148
237450
267610
229670
244432
263287
229732
237174
267138
267724
240605
249435
262434
272347
267252
266494
275515
275756
258607
277584
267975
250811
282396
238707
253758
234513
254943
265137
251632
260524
240092
267276
255203
249811
243883
251629
259527
279777
251758
257790
274559
279847
246670
264516
266447
276371
274548
246823
236058
235669
263747
234902
260056
255229
261919
280679
274940
244668
253085
274190
230785
264519
263564
231100
259077
275442
233747
246841
255478
260037
240545
234463
236417
280232
281647
245948
269399
276657
263846
233777
250807
242632
236105
228755
233158
280810
261206
269133
246898
260063
253471
240107
249769
254555
273286
274776
227556
243638
242558
232474
269684
244246
248627
276762
255323
250653
268558
271309
274955
248189
256312
255423
234309
267443
275460
282555
282611
252717
267246
270793
258491
271241
239364
249457
231951
255474
270762
282318
244822
244739
250178
275595
261503
281352
256441
236384
251722
272478
274542
250770
236320
250199
264689
232832
234552
265702
257551
282337
237567
267657
265735
253649
259515
236174
269595
282168
252387
281033
239643
281534
240244
282307
267335
231674
242711
259092
251985
243840
241235
231686
237598
266393
234567
246335
256007
271059
249706
231767
274587
268486
266687
256269
252348
277776
270889
261016
238001
261582
237928
261419
263767
276358
281657
281102
276789
229870
278847
229605
231621
261592
249709
280165
277364
237391
244251
264002
270636
280618
259517
236780
282654
251277
236837
269736
231268
245349
244695
271063
255432
269500
229798
260882
264466
267203
277498
270034
231361
228912
279858
273298
228564
250941
277714
234167
270253
265059
273394
269265
232023
276884
266691
246233
243193
261408
263251
231339
228845
264647
270616
238042
233685
278326
239659
261452
271193
261699
259865
272527
250008
230777
252419
251774
231715
255328
270145
252739
233179
278578
260580
247113
263244
242652
282406
262368
228613
239150
246088
278489
233554
264723
269360
235780
233023
251514
272144
250649
253034
281548
255526
265037
235617
232471
243900
231798
228227
278439
247732
234645
261862
244776
271866
244518
239664
280398
235589
246224
281900
248990
276930
251806
273444
276076
255653
270786
230974
235046
236072
265602
256104
235600
253733
276220
274301
255786
273793
281447
255548
273419
254027
277309
261119
243959
250342
243975
240306
268048
231986
264998
262861
279693
248878
248066
282096
279235
229229
241237
275698
254002
274778
248871
247577
236802
233462
262021
282470
248849
250893
250850
262287
248932
260360
233988
230946
248085
241408
268660
271176
273043
281457
239562
280427
243327
276944
235309
245989
241436
260369
249031
253415
259967
229532
235875
249778
273769
262641
266836
240890
260959
227845
238835
275485
232719
271113
269417
262719
278537
254029
274939
241443
262699
278620
258608
259237
255517
255533
244316
277797
282363
262600
232074
238366
235045
268849
278774
237511
230061
278273
261707
278872
238427
272221
235773
229574
276614
269292
257015
280140
232826
277003
278576
272989
240403
233764
259934
229487
242899
269110
276527
276256
244060
249801
248563
265458
254461
235214
256033
270870
265625
244149
273710
253166
265095
247329
263833
259876
258346
267651
277666
282447
232695
239169
249770
274700
273992
258344
235253
270303
231840
281132
273017
227643
274236
253843
232467
271357
274367
279237
282135
276414
281842
236993
232064
238145
229193
281521
267734
245978
268887
255578
276266
248892
274009
263088
232100
230824
252805
243247
280160
282523
269114
229308
263482
238138
270292
248854
244229
245932
275618
271424
271245
269542
227681
228921
247495
243924
281537
280779
245664
266013
269502
256637
227500
238895
247759
266770
250096
241325
232510
247725
251819
251978
265050
243183
268932
255222
275771
246194
268923
262726
246146
282522
249064
255486
250400
261817
281915
254721
282029
280776
276648
277825
260377
262962
238837
273129
273466
247843
256171
261141
261124
275429
266491
262957
266861
281348
278100
236701
264135
265317
237504
229544
272914
273927
278140
273788
234077
265773
267713
252825
235844
238304
250936
238282
243084
274998
240610
282658
261860
266714
265906
234619
261002
251855
238406
244949
268095
254665
228153
250836
237620
251513
264879
238794
282765
248443
247178
251860
279951
261248
256360
275362
273638
265808
244961
241453
256565
251058
259890
279517
264716
239802
254883
275573
233036
265860
281075
274176
244307
239393
240365
268886
251498
278848
247324
256587
229838
243182
262918
273121
229961
277813
235556
235792
254727
254301
250737
247736
271155
232372
280351
272993
261033
280975
272354
254427
258394
229850
263020
232437
276731
270637
268046
248557
281377
279542
238572
281771
273912
241471
263840
247319
244958
273386
230008
264730
250374
251927
241233
274671
253068
263893
238472
233782
263083
245870
265512
250724
253113
267560
278535
254591
254627
233827
247100
282372
271716
277724
279234
273972
245438
258513
258455
248536
232050
260901
269514
229547
274300
252075
246951
248955
275835
236728
240373
250939
274683
229232
274423
268940
271741
260365
263490
276679
258427
277768
238927
251914
238530
265850
274970
247985
280058
254822
274360
256642
228951
269835
269418
233927
231817
262029
281358
259594
274398
261003
238688
280894
258706
274427
247805
230833
266604
231306
247175
251669
264553
261115
252810
274175
250903
269405
281845
236461
280981
278572
235533
269275
231808
255403
261721
242640
250681
268705
282634
234647
244828
230814
232122
246027
282612
236349
272473
237624
262760
244147
274596
264327
264328
281214
255483
282602
267118
241350
276540
239566
228466
265769
243834
238732
282439
232240
266670
233853
246957
239740
236637
257009
239784
243338
262792
254623
239141
261348
256070
277505
228702
245994
261042
243787
253747
275424
246213
259601
269278
259569
253686
236097
238754
261274
232736
236546
243168
245861
240577
232118
254616
268587
243968
238303
273007
235277
251848
233842
253514
231455
261085
240056
246124
228144
250801
232071
269495
237022
236702
236543
235873
245971
234649
281913
242879
281642
260700
239672
227503
264753
278223
238306
278218
241122
276630
282434
233472
281182
255445
243318
237194
258139
280430
252768
279501
234675
245106
246917
243264
281031
256236
246384
276609
257422
278562
255405
249075
252793
232098
244833
263941
234913
280364
271197
280996
243926
249491
255466
280957
272896
255435
276573
269472
235325
236820
248084
265780
267689
236795
232847
275881
267027
246943
246138
266924
282715
227987
250739
233814
269563
254364
278656
256938
274954
275086
239152
279125
248843
228407
260699
249146
249787
279245
262066
232134
231806
243363
253437
235883
275933
243257
235307
267700
239431
230700
251769
249779
262278
265684
248757
230519
258373
251504
233661
257727
240443
266363
275605
230574
233913
258730
262025
277482
248806
246049
262024
252427
271407
227252
248641
246972
230885
251852
282712
277340
240108
264729
255472
236344
256296
233820
280227
244651
272913
275941
251921
275410
281955
239250
266560
249018
279890
236931
227979
242551
228150
278541
263836
236556
232862
248751
263682
230522
235313
269518
263832
233933
258901
256940
269089
282652
270159
266914
267676
241032
249995
243927
252379
279208
263505
260792
278366
232301
246959
240058
260705
259761
258177
252580
267254
236841
277225
252832
247310
255166
238731
279790
260281
228887
270096
241167
269962
250276
234416
261162
271162
254387
231364
259987
266903
253235
252576
280131
278362
248714
233536
233528
258173
246347
273257
241068
245714
261315
264759
270109
257898
272727
264431
262078
239893
266708
248874
278014
272719
259500
280108
265274
230570
264321
240591
255774
235179
230225
270353
270627
234899
278645
255194
246673
271139
255452
281701
263531
240630
274262
278241
258712
232112
243419
248361
270121
258900
264296
269141
255977
237234
275570
230552
282179
234234
263532
269184
265782
266424
250765
229243
273726
266431
278251
279382
273089
254999
234292
270018
269659
273253
227614
245716
269115
277158
267100
278018
255208
240633
247182
263125
255253
239923
251554
266103
277170
227877
227867
235789
276341
251388
281488
260768
274355
237278
246553
248625
239221
256459
246419
232564
278003
259832
240059
246472
239192
236366
240105
278259
272422
228631
253070
250309
229848
270599
276418
281678
275692
274571
257026
256664
276294
238524
230586
251563
260773
251556
245258
234620
254337
236383
230553
264223
231331
277602
280508
259612
232451
264102
277595
234364
254345
238743
280607
280126
242979
255122
282709
267740
274575
266464
280110
231301
275196
281501
247541
259783
246428
258963
278221
263555
242922
236403
251918
279882
233522
240345
249145
263523
229251
243724
242934
276004
259772
248617
246441
227692
245927
258950
251592
233489
279883
269130
253829
239815
272723
258599
240101
281207
272497
262839
245727
259170
277877
239200
234201
279196
244172
278786
242928
267052
281683
280111
278220
276323
261383
275545
282627
265213
249402
230618
251246
282797
240248
247116
246845
252493
266441
274547
230587
258888
270743
275199
260780
279740
275544
278640
248416
258667
229242
280101
271789
261514
227871
251300
270747
268650
263533
259593
258845
281284
234154
233589
276308
243610
266987
269743
230998
274884
227868
253776
233535
258606
253627
277167
258976
240661
232133
240594
275211
250766
281493
259667
254994
254336
251549
262747
233085
228575
255773
277559
260285
236435
246134
258183
281527
269975
281483
230636
263535
257970
235631
232000
282629
256562
240708
276853
281655
242555
239809
246554
247751
249913
259717
234374
249471
240287
279824
260754
270528
237170
257927
258895
238734
257603
246498
245015
277147
246048
275596
264263
274908
262539
252162
255049
274573
230944
272745
255574
255001
261161
272523
273323
235904
272999
236395
264133
246404
279179
243685
250921
269857
244903
259591
228536
259012
261397
263085
250916
261560
267336
272535
257585
273701
247282
280102
252136
229283
278232
254966
239236
229922
254343
280081
246579
253102
280088
235605
247371
261459
252727
253919
254339
266432
248257
279780
248991
243511
252304
258668
249443
247746
275210
266421
240678
232756
243531
276957
264377
234922
232874
252231
276856
251624
274184
237213
264317
281719
248684
277096
240777
238013
281492
243476
248598
261476
251595
255199
245557
234134
282752
275619
235185
232728
274225
273261
276812
241065
258192
244259
248603
232963
281694
246654
240648
238058
246314
263598
260752
227848
229735
274600
238051
260753
270106
261417
233545
261294
273664
275582
227882
270056
278736
276395
274319
269144
276012
232061
274611
250106
278282
272731
278256
264338
239176
239912
277491
245260
267074
229317
263538
246614
255067
228219
281164
253837
248058
228548
276715
278163
271157
238255
250129
240053
231322
255094
234433
256434
247120
268659
275146
233520
250784
268188
242938
227888
246503
262798
277500
266417
273159
280105
278272
240334
277141
255310
281494
243619
251537
229209
265712
250794
254110
276960
274920
239214
227596
275191
274892
268613
247905
275120
258188
279940
270572
234925
241069
230279
279836
265047
234355
264302
250128
282581
270621
282139
246440
246354
234976
233540
280665
233493
262739
268658
267249
256485
281166
275253
260774
276347
265053
267381
280845
265247
245719
231307
274239
240624
277195
278158
227874
242548
266426
237165
262538
262380
281503
228651
236449
255204
233532
279199
231884
231290
282037
261420
258979
248619
232107
269720
231233
252344
274565
280152
247865
257779
235607
234621
276303
271141
247766
274202
237176
282335
260484
280470
235499
242945
274807
274229
250210
273302
248612
250304
249352
272446
234722
254951
247821
239935
274579
268186
239362
250050
240131
273780
240490
267361
278771
249893
234447
249497
274568
243687
252350
240162
235656
234935
254329
276826
254744
251573
254379
260255
235182
281282
227305
245717
267329
263545
258233
240388
276339
237166
236987
269752
262414
239234
230509
270589
259704
254320
234966
278281
255780
263081
277107
247292
240070
253320
251557
276388
229836
251320
276310
236415
254357
247054
272718
275237
253283
236010
266433
251553
228844
242463
281685
282633
261774
231312
228577
232734
249375
251562
242641
269585
253796
239209
265643
250774
282544
257923
270120
247293
278615
273512
229233
242926
255040
273704
270042
272721
233526
242660
262852
249212
243343
242968
264453
230561
237003
268743
227478
251282
264451
246772
259555
243622
263568
244864
227701
264292
273684
265674
245723
269708
245708
241369
254319
278403
265766
250173
235620
269159
269332
