556011
556880
603015
619967
558925
605947
576117
591184
560380
621287
608635
623699
619068
594835
612544
585589
566257
598523
559525
568473
564244
585709
595543
568909
565567
614470
562586
623512
624907
626191
618319
602458
592529
580131
615432
559884
588951
565543
561328
599516
577522
623874
553410
612245
574066
603901
622681
590682
556373
607399
555067
572611
565151
614335
605920
563722
621991
604844
565966
611999
614083
571708
608327
573914
604994
584672
554427
558109
619929
614541
609127
621317
565641
607386
573582
609687
559186
620769
560771
587042
584201
609509
588220
619772
617503
584985
607791
594914
577651
557065
571160
563161
556367
560751
617634
590094
609239
568515
557103
577592
589944
555516
590725
619627
571681
600797
606595
603848
553916
572871
601525
593505
583223
600263
625544
582165
621585
573394
560173
561439
603289
600542
580430
580926
553474
554932
578129
620818
557213
586201
557834
563475
596778
622457
563395
557201
560094
613571
578950
603151
577806
558884
569195
595184
553528
600786
572563
589851
616827
584656
552985
573390
572587
586945
560064
590600
587336
586858
624271
577817
589577
555689
618379
577234
579226
553541
561003
591577
601786
603805
562304
585057
625392
625931
578559
577839
601012
609230
557553
583156
571700
604959
556413
619754
568788
627668
607456
597027
565298
623061
602263
599325
573083
555431
577042
595277
604641
600720
582496
619949
626431
608714
626394
582063
591023
622664
577384
598793
623710
606450
589518
628884
604951
621492
588621
612895
569498
623131
596977
623271
561452
586466
573744
585899
594621
597043
628199
559150
578697
626944
622917
597030
555531
616781
569314
610320
623895
593292
614320
563640
608999
620771
582613
586140
568031
579273
562840
555714
586262
604774
574361
573378
589654
587053
624432
599825
601418
592999
609483
623607
609221
590844
597848
582554
557404
559670
586379
564761
590737
567989
585564
624712
591140
628286
600668
571658
592503
564044
564168
568125
576560
625506
577341
608958
616579
627420
602998
589752
584311
619149
562948
559100
558877
571271
594587
613923
608077
589914
575578
624898
554473
577924
595217
567852
583552
606970
571721
598665
587750
583226
583347
589754
567158
585616
620797
571651
580909
559197
590248
589761
619194
623276
596961
561380
621781
586373
591830
594113
569515
571584
562372
575499
594692
555344
554277
562932
586385
571198
589707
559761
610362
611742
628231
561739
581114
601611
560970
575580
571809
584176
574530
578786
606032
577529
592388
627505
628718
605686
588708
576679
582083
553788
598225
615665
613589
574642
559723
603876
578139
587893
569074
596055
557139
591618
606012
625377
592568
571676
606642
571807
600114
557771
610946
591904
586105
582579
571823
589897
593118
577214
582080
559696
627599
593516
590122
622305
593684
624481
589540
613428
579829
613683
577342
606434
627237
623220
617263
583954
590798
619864
557055
581539
589579
589462
559755
555872
588556
569894
575885
560124
578887
626403
622115
626528
624861
610150
594195
583511
561490
576089
594810
616414
578616
586087
573966
589783
593470
600536
605937
590193
606074
615560
554890
583964
599538
566764
596009
625091
554991
622621
613372
593472
596382
587035
594544
580414
580270
626122
603344
567027
591770
609233
577269
622915
576150
580623
624934
588124
595267
564534
584349
587705
605270
589905
560045
584856
621161
590258
614763
583034
569046
559077
614384
616244
571137
580712
589726
620191
608962
585945
623028
568545
585755
570945
571098
585121
626231
627750
610089
570761
591415
560019
591936
580225
606457
607551
558695
581171
597128
588264
624714
614477
623941
594389
595620
558738
613959
567157
586032
620962
581552
573126
569419
590543
582131
593476
563521
571176
553465
608460
596623
605268
601032
585846
607848
568083
555040
565851
560897
628898
577175
627660
627646
582145
620893
564162
566063
598837
557189
598024
561804
594766
620262
560742
597549
572098
613949
615837
621566
582139
596006
566954
588706
614435
627119
597605
595939
581304
603825
569467
618799
555045
601069
568258
611741
554571
564923
565814
557761
575304
556368
573446
560043
616095
573373
578575
587443
608769
614300
564689
615821
614124
586513
595190
592563
581040
585614
595356
565795
596073
575359
609846
621620
574835
561551
572008
579168
617350
601861
628430
577861
587493
597988
575508
585944
562460
608482
623873
579827
611755
622965
624429
616156
557322
593448
617144
576515
578579
605932
615067
579691
628741
566925
600548
598400
575934
605072
555450
571457
587425
567862
621628
571506
602928
618123
563000
627707
582157
573384
565758
613727
569395
576410
609924
573230
583739
621934
578925
595451
624290
616616
573561
561530
627436
592489
567851
575437
607570
603460
553955
569511
590603
618166
608790
594329
622297
573929
619714
561136
593540
574731
601935
595903
624466
582372
606314
556369
570952
610014
589478
577414
617674
623621
592669
609642
556416
558864
623246
599610
627252
571593
620111
600951
585543
558906
599353
576078
604811
595333
554397
614872
606379
604336
591574
572577
594831
619786
559678
562499
588804
620815
620877
607553
603959
574676
616307
575655
608131
622694
559352
607992
561517
601028
569878
620980
557735
628672
614501
559066
601523
560134
554671
564543
579888
583217
583863
577375
626363
595297
600941
559850
588131
556841
574948
614314
572407
610457
569111
624390
620449
586593
583134
563173
573165
566871
602839
575410
622422
579767
573266
580716
617857
567792
623473
554686
598158
570620
595987
622361
557405
580701
567263
608032
585264
597778
554861
611172
586675
609784
572032
554762
573318
582902
607953
604127
617580
616341
563961
581803
587697
579728
605106
617847
566875
606538
601388
575884
605005
625531
622403
584477
562492
593028
619803
556245
602003
606163
565582
577808
582649
595750
573340
573118
557446
622708
612830
598939
599107
572249
561143
564912
595752
623900
564676
576330
613806
579623
617967
594381
610442
569520
602126
610242
579141
621794
568119
610170
611435
584076
606409
586147
578142
597839
594786
609670
602062
559313
584267
624847
618124
568532
562286
624603
611771
570894
576044
566498
559568
579837
576899
582147
614468
569782
576222
613543
567199
555679
584709
591493
563235
628843
624211
624722
572790
605939
554520
616740
571810
617798
569388
572749
559596
614528
576208
591663
554775
561312
624717
562803
603649
624233
594717
628147
603760
579455
569733
572437
618301
582017
561793
607569
602223
591263
575568
612000
627753
583565
618962
621432
621588
570355
558495
560887
598996
591270
609413
600516
556143
582019
577441
576533
559533
590346
596602
579363
626641
608796
567468
617555
580107
567907
577509
617414
580436
573399
589566
598594
626977
576919
555870
622499
585333
606390
582869
564426
617241
564552
587858
598730
567399
570311
559896
579590
602834
618141
602428
563207
582539
553598
602793
557227
616818
580304
585895
591134
570484
587585
610336
614697
594228
566781
604374
628241
597372
602349
569336
575091
556229
559864
620927
604098
559927
569890
598220
554990
620464
599053
600334
570744
556656
556927
613755
614018
623011
602668
575826
557393
627435
574194
565116
558162
556299
602733
559300
591401
614232
608058
614502
601074
577149
614069
567759
597455
604651
591309
590599
623191
556411
559323
591424
591230
578493
592281
571470
611367
598251
559537
559059
591191
617791
603042
610538
602461
607933
617978
616971
614010
624571
559839
553728
598890
625680
617997
553591
561140
601744
557712
620499
612992
622478
602337
620058
557746
563515
564442
601297
566338
582393
623310
576866
617699
604242
572967
596213
598254
609408
612772
565601
621260
620072
614019
598216
559489
616595
566795
572984
560773
572597
602191
595756
584298
582167
598347
556177
610558
598414
615624
554568
605589
581817
598209
553614
556736
586685
562307
592435
617466
600401
574629
590871
587998
623924
570281
628411
608600
591243
618583
621363
576122
554012
564410
580371
598554
604623
588988
566224
572085
569013
620184
562838
553571
591834
614539
607784
575474
606352
595751
561069
563179
598016
556628
567651
600382
554761
583807
563800
605918
598170
555532
576334
582170
579270
564767
602950
591491
573521
626342
616052
623923
566335
588025
586194
571124
561846
616537
569609
577527
563382
586199
572337
628003
621891
614030
553449
613958
567707
621193
586297
599410
616469
622762
625965
556057
560142
620780
576784
605276
557223
624734
605844
566530
583832
585301
583026
580824
607865
593833
558500
607877
627881
621415
604320
570295
587052
586687
580459
601623
576573
556172
606329
566033
557709
574827
568184
569685
599436
555066
560113
607688
591697
563876
560044
598948
601676
572750
618022
572659
605254
556356
560163
569653
623381
623047
573441
599487
619183
556995
621238
557481
576437
590170
627402
557468
561287
617070
618434
605102
563583
610531
579657
626577
588653
553596
610050
565498
627494
620411
566478
626123
583671
590289
602645
583784
623326
563947
600128
554763
621795
605489
614325
563469
562993
560825
587556
622559
568201
583029
623081
618156
587359
622611
609900
595592
595821
573440
569639
569268
605625
590650
569350
575373
570312
560857
574650
587886
569883
626350
579544
581902
587698
600452
603690
619187
557286
609665
617415
603132
559835
587993
561443
619083
581487
589530
568130
606363
620713
604886
627385
605205
577652
561467
573226
566305
598876
564624
615576
609242
606461
581513
613953
595192
598634
605933
609927
556326
609705
569443
603956
595601
563196
553740
573563
556810
555815
590446
564073
621824
566810
614448
626990
620808
612839
555930
557295
595437
626796
553482
600222
579259
614146
585662
553692
577614
610478
573934
580696
604956
623655
584455
624614
612048
586850
572994
557836
554690
575789
608569
572973
567549
580757
563432
575918
577510
608952
560500
591269
605700
587180
556839
609312
557318
567539
578940
617151
577255
620752
588137
617282
614875
566379
569691
596817
627241
627060
591116
618085
602908
570345
576054
571523
566714
564072
627293
600123
614440
583541
614533
594434
569885
610161
583951
621516
617930
560261
618241
566791
595829
621648
609672
604723
592254
553876
595585
555346
610440
627419
553590
606372
602368
566376
568301
563621
560063
557074
587708
580752
562266
575886
595309
600549
618122
570167
553429
605662
609566
620482
582614
559731
573241
599294
602014
571270
602372
598521
578138
620775
572616
583959
608559
582755
605925
577585
591123
625934
582832
554368
609960
575902
606388
573151
617943
571063
575080
588026
603050
613842
580164
618158
608285
625324
556524
571057
620171
578905
569190
577767
584151
583953
572858
583656
585097
617747
615539
627272
605044
586436
609709
610398
605291
580827
614504
594849
606053
601520
596689
609667
615384
561095
597189
570305
557810
607875
562708
560972
586145
571177
591821
556450
590629
623985
563743
628393
624884
578954
589200
555466
598753
569451
574208
600037
602936
610553
628882
616518
571746
571395
573345
573348
556051
584174
577004
617344
597719
622117
618742
624864
573530
559679
599196
575849
600119
584255
556712
571283
581224
594600
586114
577428
604842
555076
572669
583495
587678
624345
575798
561451
622657
627609
578883
578974
569189
572964
603766
598208
576661
579863
593881
614472
622546
580174
594510
608597
603092
613334
623269
616553
608799
560170
568006
564506
604008
569088
559293
569243
616873
578460
570505
601377
618927
590161
578936
615824
576681
555561
557874
625242
566880
595525
560782
600366
565424
575818
578801
604824
555380
584429
587029
589800
593111
603196
616284
602429
619016
607548
597724
607775
560764
618918
600390
627273
591561
628887
618648
595332
581206
554662
580078
620007
580483
601568
591659
624675
583173
622488
576626
575328
614369
581101
607979
624306
560685
578946
564845
613679
559118
582203
591803
618759
618110
601517
569202
575638
594627
585554
601590
607777
562915
567476
602420
576649
560054
621483
601218
601228
571821
609119
557479
590111
588845
581051
557848
628333
625122
609184
628376
577844
602462
595948
626678
588839
589937
603983
553697
555555
581359
593120
586094
564338
616368
614123
565469
588487
608154
616777
588106
563755
580829
582357
617360
606286
619739
614143
621162
602947
573577
600333
556894
605057
590747
563601
558656
576617
557549
625076
589915
572596
605047
600090
618993
577263
560156
573282
564918
571435
613588
562705
578943
609637
601716
578843
561475
562555
620892
621282
588858
625155
609925
601225
571125
577947
578938
553092
621729
584708
614164
588825
598922
624538
598613
580891
604658
598691
613630
627562
558172
610428
570747
605051
621537
568113
581207
586381
570912
556499
585957
626214
623838
590628
599456
583218
562451
604409
600474
581766
604120
616445
627329
573713
626538
597529
576657
565946
596488
560115
579187
555004
612542
617381
601598
564280
621760
625897
614739
598553
600084
555893
560139
587457
583945
562900
595687
623889
566893
565848
584181
589728
555517
558466
575667
562523
596746
620148
556494
616482
614415
564855
582146
560785
585982
617347
626540
623347
597889
584392
590644
590665
580155
613538
563238
575115
601674
624029
578955
623826
564173
562600
607523
587082
600103
626576
580646
626531
594149
563529
609599
608447
571165
620168
560541
625906
595291
571814
601609
555563
587009
607477
597572
598510
623282
601593
611984
624168
559378
557508
579800
586325
603984
583725
564969
580564
609706
571742
587070
626448
568290
612386
595698
617704
572899
627459
586130
584954
620163
614064
566015
592438
557857
564161
561429
577238
603039
566962
598633
616542
563604
594534
568207
607909
581245
573912
562563
588993
606071
568968
589762
621240
598165
578743
584877
593006
562699
578854
602435
603386
580882
593112
575864
575557
581217
568763
627382
605109
613712
605371
598617
578451
610337
605995
613894
623934
561297
573579
559361
585911
625240
561013
627349
594454
612009
617378
561102
592191
614425
571440
618984
626085
558590
578790
598639
622007
616737
575641
625152
622350
596793
586088
601582
603227
622114
569235
578825
614148
573634
616447
619940
622632
618845
562634
579776
582390
605027
582127
563609
602440
557797
566929
581150
575666
582171
576018
583224
568781
619975
614618
607494
614672
563804
575329
598546
586977
604966
622645
616007
566986
553966
594416
596885
625595
621614
556526
588100
628891
557110
613524
585960
597679
627560
562496
597483
617295
622646
620032
578747
577870
590643
564734
568801
622935
615999
557476
570642
567866
618432
586570
627387
617679
572671
615636
573379
614132
568214
622190
599278
584924
566210
572934
556436
567797
562535
577285
575705
611987
592381
561496
564857
559109
624454
596694
604244
598649
571226
593743
584937
565998
604145
608809
556437
563638
607864
572618
571073
568131
617410
588874
627337
573915
587396
564680
579237
626415
556930
588107
586377
564900
588901
578942
563626
571444
614166
556410
627870
601621
588877
579766
599518
592262
572655
568169
555429
621897
601868
604879
571747
564883
570531
586417
573239
613639
562513
561036
565815
562702
556503
586333
602481
589737
619788
626437
618915
596669
573853
556953
620852
554876
602478
621764
619400
627401
617925
575138
616347
627400
586024
593537
588766
574357
589970
560153
628735
579859
608489
627354
619765
564468
561196
613581
619980
606067
587794
571852
575706
618908
584792
607883
591289
608036
575275
581279
583193
588176
571200
566877
616366
625850
626689
623933
589947
584126
624165
605010
595316
614162
567505
604354
601378
595397
617896
572264
601742
627850
572620
619453
617955
559119
562324
608040
613641
582324
565873
576317
578911
569094
623967
619824
568180
608903
626433
591488
579792
583813
609650
592564
610304
571127
558822
562724
562570
563574
582092
619993
557833
559433
609690
584967
567303
573281
621959
605003
607631
584796
602400
555905
601556
592646
578421
583219
559406
580416
626232
615633
566848
625398
557759
554993
567983
595723
622395
621574
585627
619561
587435
578546
563599
566503
557732
605841
594961
606397
580360
594969
553667
554599
556307
598382
579475
586563
599198
602057
569744
577043
562863
587884
559660
568078
590418
627137
620605
607359
602125
573177
555825
564076
577900
603044
621414
620957
556227
586715
608257
605468
598230
582645
555862
590005
622162
624053
594980
566351
627775
626923
617105
591285
595937
561025
576211
591707
602825
596949
606511
579315
628570
585646
598284
602408
581913
598401
571488
595542
576506
598214
620500
570851
569422
626611
623051
627284
626993
620501
619519
560419
573073
627020
621090
569791
626832
617001
555317
559923
579419
583598
554573
571479
590280
588849
570969
620574
609382
560098
581498
607674
566529
621401
586700
626773
590216
562277
559909
582719
598159
556219
598358
609441
576634
577902
571897
584719
559878
563098
627083
566930
586622
627058
622709
586719
602704
569554
585653
556642
595465
563017
586702
598189
565769
560901
579150
569448
624049
567795
578635
621428
603864
554587
609328
563289
557410
554347
609245
595720
598250
593864
620543
557058
570506
622108
594999
616215
627423
568021
573130
623513
565535
556452
559803
601732
588141
591430
597562
616872
598301
605631
569951
595379
564447
560794
586133
584388
566661
585805
617639
607669
599470
579301
569800
616533
569172
620412
594962
560860
586696
604051
618176
553724
554119
567397
596096
620596
576346
563317
627568
591202
596912
586581
614527
587806
627911
585567
617319
605970
588862
577097
556945
556867
573520
586530
620461
616191
627715
562971
601756
580857
582434
595813
620618
583323
620438
589519
571803
579313
601890
592336
577059
563785
605807
577589
580900
559939
563185
570525
609095
576602
616958
560949
585330
556252
590173
564066
597899
587206
616834
616930
559556
557700
588578
610937
602404
569163
563305
582867
598139
565442
596035
577429
559521
590436
586638
609350
619249
616059
575078
578552
567057
580883
573588
575777
606423
563363
586680
570524
559785
627131
598345
616139
627035
587930
620424
577328
611290
598947
570507
587606
615541
621996
587572
608841
554352
579786
614099
556141
576245
556718
567049
556192
617363
605178
617003
625538
591395
598226
590219
566535
581892
562623
573576
587381
578205
580342
553753
587477
569774
571490
616908
555003
602015
599065
554488
562827
580810
579796
586617
556278
572377
598493
577085
609313
602181
581908
610405
564047
616566
591100
584891
605171
586833
624846
561994
626893
566001
566038
623170
602185
626716
596955
625848
600993
597608
597299
554282
620140
554844
556268
600464
586922
582729
602840
561651
606084
610097
594225
625170
616848
627867
562820
556179
602716
580627
608579
567384
609369
620315
621966
583792
626961
570514
626511
573506
595725
576234
582787
568494
624496
578763
616919
570523
561195
566398
605690
620913
589548
594997
572446
595071
623899
553224
604752
594238
579381
605632
586809
606539
594231
624425
588821
566371
555016
587619
583914
579339
595031
577098
620507
582718
555666
616996
576284
554523
583956
609358
579571
609133
573147
553787
605155
601669
587405
594424
579390
613134
586057
606001
583380
608251
579456
583052
602489
563105
626610
553686
625071
573733
620553
579145
586787
602197
602180
620347
577114
609996
582611
563021
618701
572656
600314
627443
566361
623754
617787
570555
571088
586490
563401
609628
556165
580855
569612
617764
580231
608554
607950
576312
602380
570543
609549
570351
564550
580255
616499
603271
606527
571898
560862
587048
553773
611405
597641
579588
579474
563552
604880
561043
621081
585726
586801
580629
556183
569625
586357
621881
602654
566533
620524
593802
555901
582273
570144
580343
598316
626563
579983
605534
616926
627228
571930
616213
560874
567805
575972
627118
557649
616121
562548
596765
564039
566406
600337
562907
578996
626996
579184
567888
616991
598612
621338
578556
576883
607773
606013
554738
602076
583797
562750
576138
577112
597716
601757
626809
562704
576295
571542
616183
616505
587000
556972
569092
576227
587105
578920
599695
591325
598103
603928
569619
589596
620324
569534
613673
556284
554287
627236
609590
605816
576197
570508
563913
621394
610606
591133
626896
626775
614413
595837
590551
593391
590409
615745
605683
591456
575790
620649
617649
564042
555590
572417
595807
583042
608931
620259
559673
559497
592644
567391
624683
594889
616948
590324
586815
609963
572682
598299
586671
575099
605246
595717
620079
595410
562926
602715
553243
569952
623998
595005
582467
624217
573119
595129
586531
580786
564669
600437
590254
589561
557413
569555
579477
587684
566482
565606
569716
617601
556152
554821
601709
589932
566575
566042
600315
585799
587718
556965
576622
553761
614215
594734
582437
605322
586653
570352
554361
626965
621244
587947
602696
554360
565515
564071
578475
594187
560179
598262
585640
619504
602161
609319
562222
586071
584799
605840
609655
562247
556851
554365
562242
620194
624339
585126
607658
625975
619509
613847
609943
616055
606602
576343
581847
605325
554957
594993
623635
604740
594223
570354
573022
565524
598300
576209
585678
591102
555318
579490
604747
586244
582439
577468
569421
569463
556521
577444
626907
588009
604714
577334
573369
600024
571495
620082
588554
573571
571474
556964
565565
560713
601303
617011
570404
609069
626939
572948
594738
584735
578527
597036
