0 

1 3 5 14 1038 
1 
0 
29 15 2 27 119 12 49 16 130 162 37 103 163 440 
29 
1 
31 46 556 181 364 109 33 343 236 102 47 
31 
29 
44 711 420 88 167 45 156 89 32 418 435 667 49 785 338 320 361 108 513 100 143 831 313 101 793 225 1788 896 235 573 177 849 342 379 908 142 617 426 282 415 134 164 327 945 398 467 274 799 555 550 325 718 995 1590 2055 1219 2118 2217 2306 
44 
31 19 72 221 
56 196 64 172 1345 362 1192 404 885 203 658 1081 996 964 932 1535 1360 1490 
46 
29 

15 
1 
63 64 88 172 89 47 
3 
0 
22 4 295 147 
22 
3 
23 
23 
22 
139 358 104 52 30 131 304 42 54 40 67 75 80 24 137 55 162 99 272 525 228 419 147 422 350 1440 
139 
23 

5 
0 
8 6 7 79 175 105 106 178 199 13 20 
8 
5 
9 21 47 150 472 410 130 
9 
8 
17 10 
17 
9 152 
18 41 121 60 211 115 329 628 582 896 
18 
17 
19 453 238 1240 
19 
18 28 
44 711 420 100 88 167 45 156 89 32 418 435 667 49 785 108 338 235 361 320 513 143 831 313 415 467 142 849 101 793 177 225 896 573 342 379 908 274 426 1788 282 164 555 134 945 327 799 398 995 550 325 
56 
44 
357 349 457 521 255 
358 
23 

104 
23 

2 
1 
82 47 188 160 71 260 324 78 186 205 182 319 491 
82 
2 182 
83 
27 
1 
28 129 41 60 214 115 
28 
27 
19 224 302 191 375 216 132 508 724 57 702 122 190 95 192 128 481 187 277 61 39 85 777 145 341 245 239 456 568 569 572 330 331 213 238 376 69 367 725 465 144 146 136 212 551 575 591 505 388 538 567 453 756 851 518 127 316 1074 965 794 290 1206 232 739 229 270 654 248 985 281 268 566 744 423 636 1307 1287 890 514 929 218 574 563 437 633 397 801 780 1567 963 507 635 530 469 580 1241 672 413 417 565 1997 558 592 309 498 1184 585 452 689 1446 1253 824 1088 412 987 428 984 1757 659 1240 439 1352 438 868 792 549 250 390 418 729 934 1349 1714 517 1221 559 570 920 1633 735 1536 820 676 1717 1114 804 1011 1119 679 1174 1346 1096 1023 1267 778 1395 637 1205 571 919 1150 577 670 716 283 1078 2109 1551 273 1123 639 1646 1227 2082 1358 1937 1273 1680 1512 980 715 1317 1062 576 1570 1034 1274 1909 918 1691 714 922 1632 1780 1197 1157 1261 1525 2066 1026 249 1676 1406 1295 2104 1806 2139 1613 1928 1552 900 1136 1777 1840 2108 1871 1375 2196 2220 1118 1844 1491 1687 1779 2257 1644 1701 2283 1999 2102 1881 1007 
52 
23 

30 
23 92 

14 
0 14 
14 65 58 77 545 
65 
14 21 545 

4 
3 

119 
1 

10 
9 
12 193 66 198 94 81 74 208 608 36 416 399 305 53 11 114 345 205 311 829 803 495 348 916 1002 772 1312 603 
12 
10 1 
47 92 38 184 98 125 638 
47 
12 2 37 79 15 175 8 13 103 130 147 6 106 86 105 107 29 49 162 20 178 
473 340 159 382 774 425 474 76 91 244 443 493 176 642 166 770 877 1235 813 347 359 909 516 547 880 561 310 857 529 791 369 353 1131 828 1445 171 1005 174 298 303 814 444 445 366 151 48 1528 883 723 991 448 7 650 499 482 291 782 732 703 252 940 541 817 1107 902 727 626 1231 1214 662 1659 623 604 910 656 843 809 753 276 335 609 1053 1578 365 1524 1079 1161 1300 870 1610 925 1251 1275 943 1257 837 746 532 677 800 1601 1338 1071 1196 1670 502 1201 1246 1156 691 1450 1391 1486 988 928 1030 657 721 769 451 1120 1262 871 1097 1531 1615 1193 1944 643 1245 1208 1224 1630 368 698 1218 599 771 835 740 671 526 1581 496 747 317 1242 1503 898 1210 106 997 1067 1004 1100 682 1033 1575 1604 1364 1682 1619 1843 1087 1624 1511 895 954 710 544 1072 2057 1288 1963 314 1320 1047 1286 1359 1080 1811 2136 1941 458 1673 1226 1817 1489 1686 1517 1799 1562 1563 1306 1772 1416 1057 1832 1906 1895 
473 
47 92 

92 
12 
473 660 93 422 447 446 1230 30 942 941 749 973 1387 1797 
129 
27 

41 
27 17 
132 61 43 229 192 277 309 145 572 739 136 563 367 270 144 146 575 469 232 316 218 794 654 574 413 530 1241 672 417 592 452 1446 571 428 1757 462 729 577 1221 570 1174 1023 778 716 1273 576 689 1551 1777 
193 
10 

131 
23 

6 
5 
47 
7 
5 47 
86 
79 
5 
66 185 80 47 371 
66 
79 10 
110 
110 
66 105 185 178 80 371 
406 459 407 111 432 620 271 
63 
15 

175 
5 
607 217 47 197 
607 
175 

198 
10 

132 
41 28 
1069 133 1145 853 1138 1794 1580 875 629 825 1497 1460 1977 1530 1744 1902 1953 1838 2250 1720 1916 2027 1771 2279 2205 2213 2239 
1069 
132 32 

58 
14 
169 59 
169 
58 
314 763 594 669 520 690 812 170 678 707 1699 
224 
28 121 

314 
169 47 

121 
17 
224 216 122 128 190 341 245 239 568 456 569 388 585 412 505 538 567 518 127 868 929 633 963 1349 565 1352 920 735 1512 1570 1317 
21 
8 
65 
94 
10 

61 
41 28 
62 893 1187 1758 683 789 1386 684 1885 1719 886 1939 1501 1823 2253 1546 2203 
62 
61 

340 
47 

188 
2 
207 
207 
188 
209 784 254 266 279 477 230 552 253 1090 247 931 336 231 1006 1164 970 1054 748 891 622 888 787 424 1052 267 332 699 497 265 625 627 
209 
207 

784 
207 

302 
28 60 
1293 
49 
1 31 19 221 
220 50 374 47 1336 786 1620 1540 1746 2190 1888 2288 2088 2244 
60 
27 17 
302 57 290 95 96 377 378 330 331 1011 376 1206 281 659 1267 1395 
711 
31 19 221 

556 
29 

304 
23 

42 
23 

105 
5 
110 107 47 112 
406 
110 

57 
60 28 393 124 

290 
60 28 

191 
28 

38 
12 

106 
5 47 
124 47 
95 
60 28 
805 434 1378 
420 
31 19 221 
421 1781 
181 
29 

54 
23 

160 
2 

375 
28 211 
1248 1736 1976 2177 
214 
27 

40 
23 

211 
17 
375 702 636 212 213 465 566 423 744 890 824 498 1034 283 637 984 1346 273 1358 980 900 
1248 
375 

185 
79 
110 
178 
5 
110 179 107 999 47 
179 
178 
1959 
16 
1 

86 
7 
602 87 391 47 138 
64 
15 44 

130 
1 8 
25 194 370 666 47 
25 
130 
306 579 936 34 26 664 223 720 1116 149 195 148 117 589 386 475 476 487 1177 384 489 1308 663 219 120 356 1392 1180 1211 524 227 344 354 363 951 1477 1461 665 705 1243 1244 1207 971 287 586 1008 833 392 762 757 865 385 352 400 395 1166 1381 864 284 832 686 795 850 1276 694 819 1761 1056 1084 1085 937 938 983 1028 215 722 543 687 1703 116 1453 1130 355 1671 882 1466 1040 953 956 926 581 233 1268 1153 1371 1064 315 881 1347 234 118 838 751 1009 1215 982 1013 1137 1063 1018 1533 1560 1430 1399 935 1325 867 1022 1269 1216 1894 906 892 816 1405 1324 1073 2116 1254 923 1024 834 750 924 1868 844 1584 958 1550 1281 1109 969 1448 328 1259 1547 1983 863 1260 1092 1351 855 605 680 1195 1534 1924 1831 1135 856 1966 1813 1441 1626 1544 914 1427 1356 1066 903 1725 490 1301 1527 708 1931 674 389 1625 1587 1521 1318 2149 1732 846 955 1608 1602 1892 1529 1865 2031 1408 1934 1428 1335 1151 1679 1456 1878 1926 1657 1666 1854 2272 1403 1433 360 1160 1413 1904 1618 1302 1790 1209 2056 1299 1110 1285 1755 1828 1473 1731 1639 1642 2289 1147 1879 
306 
25 

579 
25 

936 
25 

216 
28 121 
776 807 1708 981 764 1599 1605 661 1614 2098 959 1167 1522 1751 2280 
159 
47 

100 
19 31 221 
466 894 1783 
59 
58 

34 
25 

107 
178 105 
381 733 258 113 736 536 47 470 704 645 206 163 1094 647 
67 
23 

80 
79 23 
110 
81 
10 

74 
10 

75 
23 

208 
10 

115 
27 17 
724 508 249 187 851 725 268 560 551 507 591 756 965 1074 248 985 1287 1307 922 437 780 1567 635 714 1997 558 1184 679 1253 987 438 549 792 250 390 1536 517 804 1633 820 676 1114 1096 919 1227 1613 1937 1062 1909 1780 1632 2220 2110 1701 
508 
28 115 

724 
28 115 
1447 
608 
10 

162 
1 23 393 
47 
24 
23 

26 
25 

71 
2 
161 
161 
71 
173 442 264 852 974 97 202 210 401 811 429 921 501 243 1113 630 845 527 511 624 463 480 752 263 414 742 866 1204 1402 1036 
173 
161 

124 
106 
57 
37 
1 
47 1171 512 1039 
184 
12 

260 
2 
261 
261 
260 
285 262 484 292 632 1557 713 1108 257 460 1105 1291 808 519 483 533 869 588 427 616 949 1163 587 758 286 912 1296 1426 1124 1407 
285 
261 

43 
41 
300 860 464 402 
88 
15 31 221 19 72 
822 606 947 
220 
49 
221 51 393 873 387 
221 
220 
88 667 108 435 156 167 177 32 338 44 89 361 426 799 101 274 134 164 49 945 282 320 235 398 415 379 100 342 142 420 513 896 785 418 313 225 908 550 995 325 1788 467 327 831 143 573 711 849 793 555 
167 
31 19 72 221 
299 590 168 806 798 613 1255 1588 1660 802 738 1986 1383 950 858 2018 1431 1485 2156 930 1820 1429 2041 1190 1955 1027 1479 1764 1252 1377 1886 1752 1672 1923 1645 1782 1860 2103 2059 2179 2183 1494 2216 
364 
29 

36 
10 

299 
167 

103 
1 
68 396 47 
68 
103 

51 
220 50 
226 848 321 431 323 986 1083 486 322 1146 1282 1767 
226 
51 

442 
161 

264 
161 

852 
161 

98 
12 

137 
23 

763 
169 

163 
1 107 

45 
31 19 

55 
23 

416 
10 

660 
92 

702 
28 211 
1313 1716 2160 
382 
47 

295 
3 
296 
296 
295 
1170 539 297 380 403 
1170 
296 

664 
25 

1313 
702 

229 
41 28 
1513 939 1101 1591 2221 2222 1890 2242 
1513 
229 

974 
161 

399 
10 

774 
47 

324 
2 

122 
28 121 
1292 879 2063 2006 2243 2106 2182 
453 
18 28 
614 1401 1250 717 1327 1294 1748 1821 1945 1925 1523 1653 2076 1891 2016 1964 2169 2155 
96 
60 

156 
31 19 221 
779 652 1154 157 2001 1104 675 1016 741 2198 1848 
109 
29 

50 
49 
51 387 873 
128 
121 28 
1049 246 1409 904 1035 1182 728 1713 1181 1516 1339 2007 2084 1603 1979 2096 1932 
172 
15 44 
346 1068 899 1025 1568 436 
425 
47 

78 
2 

89 
15 31 19 72 221 
743 90 488 1583 1424 
190 
28 121 
293 706 397 1689 1406 294 1729 1468 1706 1739 333 1856 2047 1368 2234 1884 2089 2181 
32 
31 19 221 72 
695 1212 840 35 796 1000 830 948 1315 1652 1029 644 1069 1801 1471 1507 1763 1858 1508 1622 
418 
31 19 28 221 
503 1342 2045 1789 1423 2105 2168 
33 
29 

695 
32 

503 
418 

186 
2 182 

77 
14 

192 
41 28 
289 251 948 1233 1759 
474 
47 

99 
23 

272 
23 

377 
60 

378 
60 

343 
29 

300 
43 
301 1141 815 1256 1379 1400 1684 1538 1439 1284 1451 1290 1996 1154 768 1596 2316 1747 1592 
301 
300 

602 
86 

305 
10 

76 
47 

147 
3 23 
72 154 47 152 
91 
47 

93 
92 

254 
207 

266 
207 

289 
192 

199 
5 
200 269 
200 
199 

244 
47 

443 
47 

72 
147 
44 153 167 88 89 32 274 
196 
44 

153 
72 
454 
249 
115 28 

97 
161 

13 
5 
47 
1049 
128 

590 
167 

435 
31 19 221 
989 1366 
236 
29 

636 
211 28 
1385 1702 
481 
28 329 

329 
17 
481 777 69 639 801 907 439 1552 934 718 715 1514 1691 1086 975 918 1118 1123 1949 1593 1136 1864 1688 1661 1295 1491 1263 1812 
187 
28 115 
933 961 1019 2236 1872 1537 2254 1778 842 2274 
277 
28 41 
288 278 1188 1663 1654 862 1095 1236 1579 2120 1463 1003 827 1929 1965 1457 2193 2211 2085 1373 1678 2174 1595 2130 
39 
28 

85 
28 
464 
777 
28 329 

53 
10 

667 
31 221 19 
668 2131 
223 
25 

11 
10 

202 
161 

459 
110 

720 
25 

1116 
25 

149 
25 

309 
41 28 
1065 1093 1907 1785 
493 
47 

194 
130 

195 
25 

87 
86 

594 
169 

262 
261 

484 
261 

20 
5 
47 
114 
10 

145 
28 41 
993 
269 
199 

1171 
37 

217 
175 

176 
47 

371 
79 
110 
279 
207 

614 
453 
994 1724 615 2048 2268 
994 
614 

341 
28 121 
578 1723 
245 
28 121 
494 
346 
172 

239 
28 121 

933 
187 

642 
47 

148 
25 

83 
82 
308 123 595 450 189 126 140 337 618 998 709 534 84 546 408 726 553 593 141 455 697 409 554 535 562 485 506 646 1770 372 373 
308 
83 

123 
83 

117 
25 

589 
25 

386 
25 

456 
28 121 

568 
28 121 

569 
28 121 

572 
28 41 

330 
28 60 
781 1870 
781 
330 

357 
56 

331 
28 60 
1768 
388 
121 28 
1911 653 2138 1834 2044 
1911 
388 

585 
121 28 
1968 2024 
166 
47 

370 
130 

475 
25 

476 
25 

785 
31 19 221 
1303 1769 2159 
412 
121 28 

197 
175 

345 
10 

669 
169 

108 
221 19 31 
1835 1822 1696 1481 1950 1734 280 2065 1961 2143 1404 1943 2064 
595 
83 

168 
167 

338 
31 19 221 
339 779 1974 
339 
338 

539 
296 

770 
47 

877 
47 

1345 
44 

154 
147 
205 351 797 155 
205 
154 2 10 

311 
10 

396 
103 393 

235 
19 31 221 
237 1498 1472 
237 
235 

362 
44 

1011 
60 28 
1629 1142 
1629 
1011 

1235 
47 

739 
41 28 
1176 1897 1611 
1176 
739 

212 
211 28 
2297 1432 
320 
31 19 221 

361 
31 19 221 
944 433 767 
210 
161 

450 
83 

125 
12 

813 
47 

525 
23 

213 
28 211 
500 1837 1376 765 1597 2040 1388 1990 1647 1681 2191 2153 2077 1564 2212 1992 2307 
136 
41 28 
1374 1125 2049 2291 2043 1421 2035 2019 2255 1952 
563 
41 28 
564 1816 839 1321 1106 2115 2034 1044 2310 1900 2117 
487 
25 

228 
23 

189 
83 

829 
10 

238 
28 18 
759 241 610 874 859 242 1664 240 1877 1649 
288 
277 

292 
261 

419 
23 

851 
115 28 

1177 
25 

376 
28 60 
1361 1735 
505 
121 28 
1060 
278 
277 
449 1496 1462 1369 1419 2298 1638 1420 
449 
278 

133 
132 

1145 
132 

853 
132 

347 
47 

513 
31 19 221 
878 522 1186 1425 1861 2033 1542 1880 2172 2162 
182 
2 
887 319 1434 1311 1319 1800 1668 1631 1438 2026 1329 186 183 1041 1518 1741 861 1669 583 788 1437 82 1775 1159 1332 1314 1436 1435 1220 1842 1927 
878 
513 

522 
513 

359 
47 

126 
83 

666 
130 

909 
47 

143 
31 19 221 
1576 1132 688 1051 1505 548 1444 2248 2099 1784 1935 1655 
69 
28 329 
70 2069 2277 
477 
207 

230 
207 

516 
47 

391 
86 

384 
25 
1223 1849 956 581 913 1830 915 1075 1031 1149 1115 1787 1455 1709 1802 1558 1353 1277 1572 2187 1980 1874 1738 1509 1140 1612 1711 2005 1841 1730 2303 1586 2038 2132 1556 1857 1901 1792 1718 1815 1555 1917 2083 2262 1733 
401 
161 

367 
28 41 
479 2252 1561 2002 
319 
2 182 

831 
31 19 221 
1323 383 1519 
1323 
831 

489 
25 

313 
31 19 221 
1082 1798 1256 1623 2094 2015 1845 
381 
107 

552 
207 

415 
19 31 221 
1046 1707 1284 
632 
261 

779 
156 338 

467 
19 31 221 
1141 1569 468 
725 
28 115 

142 
19 31 221 
540 1384 1594 1859 2113 2251 
540 
142 

1192 
44 

743 
89 

1308 
25 

811 
161 

268 
115 28 
441 1225 1126 2114 
512 
37 

560 
115 

270 
41 28 
515 1098 673 1695 1677 1903 1121 461 1863 1493 2240 2125 2218 2228 1889 2128 
515 
270 
1162 1454 2010 2022 1432 2039 2246 
1223 
384 

663 
25 

454 
153 

465 
28 211 
1012 1488 2238 2074 2194 
547 
47 

404 
44 

880 
47 

961 
187 
962 
219 
25 

803 
10 

849 
19 31 221 
1055 
1055 
849 

297 
296 

1557 
261 

251 
192 

561 
47 

733 
107 
523 312 307 960 734 
523 
733 

312 
733 

307 
733 

776 
216 

310 
47 

101 
31 19 221 
597 847 478 600 222 1640 990 1484 1417 1449 1367 2050 
102 
29 

120 
25 

356 
25 

597 
101 

429 
161 

380 
296 

440 
1 

857 
47 

258 
107 1038 
411 1389 1515 730 1442 1152 1266 1355 1411 775 1059 1340 1061 1091 1309 259 1467 655 836 1760 1058 1350 884 405 1363 1169 1727 1010 1191 1412 1354 1043 1128 1566 1326 719 1305 1548 1483 2173 1982 2107 1773 957 1710 1641 1103 1793 2054 1469 1915 1337 
411 
258 

144 
28 41 

146 
28 41 
1674 1492 1970 2290 2068 
793 
31 19 221 
1316 1786 1985 
393 
220 
394 57 872 1348 1910 761 905 510 509 1247 651 1148 596 1582 1606 162 1836 396 968 1705 1289 1808 1643 
394 
393 

848 
51 

253 
207 

140 
83 

551 
28 115 
696 967 1819 
1392 
25 

1180 
25 

575 
28 41 
810 2086 1957 
1211 
25 

524 
25 

507 
115 28 

591 
28 115 

1060 
505 

756 
115 28 
2129 
805 
95 

434 
95 

520 
169 

495 
10 

177 
19 31 221 
180 1155 1628 1635 1554 2260 
180 
177 

227 
25 

529 
47 

791 
47 

369 
47 

353 
47 

344 
25 

653 
388 

225 
31 19 221 
1967 
538 
28 121 
1238 1962 598 
1788 
31 19 221 

1098 
270 
1099 
1099 
1098 

469 
41 28 
1265 1239 2214 2200 2312 
337 
83 

1131 
47 

896 
31 19 221 17 
693 1662 1476 1465 2003 2014 1756 
693 
896 

293 
190 

1090 
207 

247 
207 

639 
329 28 
640 641 
618 
83 

998 
83 

828 
47 

421 
420 

354 
25 

363 
25 

931 
207 

573 
31 19 221 
584 2266 1334 1397 1283 1396 1998 1981 1919 
713 
261 

1108 
261 

1445 
47 

567 
28 121 
1698 1297 1545 
113 
107 

232 
41 28 

407 
110 

336 
207 

257 
261 

460 
261 

921 
161 

518 
28 121 

111 
110 

709 
83 

150 
8 

127 
28 121 

316 
28 41 
1344 1175 1495 1129 1304 1958 1234 2167 1112 1942 2070 2225 2092 1694 2278 1737 2073 
491 
2 
1598 492 1656 1487 1258 2142 1846 1310 1690 2081 2058 2091 2090 1807 
1598 
491 

690 
169 

951 
25 

422 
92 23 

447 
92 

171 
47 

342 
31 19 221 
1102 634 1202 1585 1048 1539 1829 2028 542 1951 2258 2227 1143 
1102 
342 

1074 
28 115 

965 
28 115 
966 1774 
860 
43 
1270 2158 
218 
41 28 
1168 1414 1896 1883 1920 2229 
1168 
218 

1105 
261 

349 
56 

351 
154 

1005 
47 

887 
182 

174 
47 

321 
51 

90 
89 

1212 
32 

652 
156 

1389 
258 

1477 
25 

1461 
25 

665 
25 

705 
25 

1243 
25 

1244 
25 

794 
28 41 
685 2147 1298 1851 1947 2017 2140 2215 2189 2286 
501 
161 

243 
161 

534 
83 

1206 
28 60 

298 
47 

348 
10 

303 
47 

464 
85 43 
841 
841 
464 

1498 
235 

916 
10 

1401 
453 
927 1609 1765 2201 1692 1693 
927 
1401 

1207 
25 

84 
83 

546 
83 

379 
31 19 221 
992 
402 
43 
745 1185 1987 2195 2311 
814 
47 

408 
83 

1113 
161 

993 
145 

822 
88 

231 
207 

444 
47 

445 
47 

446 
92 

812 
169 

366 
47 

151 
47 

152 
147 
17 
971 
25 

287 
25 

586 
25 

48 
47 

488 
89 

1002 
10 

1006 
207 

1528 
47 

1008 
25 

833 
25 

392 
25 

1164 
207 

654 
28 41 
1651 1912 
248 
28 115 

985 
28 115 

883 
47 

736 
107 
737 1658 
723 
47 

908 
31 19 221 
1200 
1200 
908 

1287 
115 28 

281 
28 60 

566 
28 211 
1431 2032 1278 2281 2141 
744 
28 211 

423 
28 211 
692 2080 1826 
762 
25 

1291 
261 

885 
44 

706 
190 
1089 
1307 
28 115 

737 
736 

536 
107 
876 537 1526 1855 1076 1616 
876 
536 

537 
536 

274 
19 31 72 221 
1194 1077 275 1480 1847 1475 2204 1228 
1194 
274 

991 
47 

448 
47 

970 
207 

545 
14 
65 1203 1600 
873 
220 50 

807 
216 

757 
25 

1054 
207 

630 
161 

1138 
132 

650 
47 

772 
10 

759 
238 
1264 760 1571 2000 1989 
922 
115 28 

499 
47 

482 
47 

890 
28 211 
2051 1750 1660 1762 2256 2029 
726 
83 

845 
161 

606 
88 

617 
31 628 

628 
17 
617 580 1088 1714 1717 1007 670 1844 2102 2055 2082 1680 1274 1881 1871 1676 1525 1219 1197 1644 2046 1375 
847 
101 

291 
47 

868 
121 28 

865 
25 

246 
128 

514 
28 582 

582 
17 
514 1205 1157 
470 
107 
979 897 557 471 601 978 1712 1382 
979 
470 

897 
470 

557 
470 

385 
25 

748 
207 

891 
207 

580 
628 28 
818 1127 1954 1648 1541 2062 1814 2112 2008 2060 2296 2263 
929 
28 121 
1050 
492 
491 

782 
47 

732 
47 

352 
25 

400 
25 

426 
31 19 221 
823 1070 528 700 911 1271 1303 2294 1988 1853 
1414 
218 

564 
563 

527 
161 

511 
161 

395 
25 

1166 
25 

1381 
25 

1526 
536 

864 
25 

284 
25 

574 
28 41 

466 
100 

832 
25 

703 
47 

622 
207 

1409 
128 

553 
83 

686 
25 

437 
28 115 

1794 
132 

633 
28 121 
1229 
397 
28 190 

282 
31 19 221 
886 1740 889 
806 
167 

904 
128 

593 
83 

795 
25 

850 
25 

1849 
384 

808 
261 

519 
261 

483 
261 

533 
261 

1276 
25 

694 
25 

801 
28 329 

138 
86 

472 
8 

819 
25 

252 
47 

907 
329 
1139 1443 
1139 
907 

478 
101 

947 
88 

1761 
25 

940 
47 

1056 
25 

350 
23 

1046 
415 

403 
296 

780 
28 115 

164 
19 31 221 
280 165 1474 1766 1667 2269 2012 2021 1930 
541 
47 

1084 
25 

1085 
25 

817 
47 

869 
261 

1107 
47 

141 
83 

888 
207 

787 
207 

555 
19 31 221 
1936 
1936 
555 

937 
25 

938 
25 

1065 
309 

1567 
28 115 

902 
47 

134 
31 19 221 
201 1015 135 
201 
134 

1515 
258 

963 
28 121 

424 
207 

455 
83 

624 
161 

634 
342 

983 
25 

727 
47 

1028 
25 

413 
41 28 
952 1700 1940 2079 
952 
413 

704 
107 

432 
110 

960 
733 

635 
28 115 

945 
19 31 221 
1178 946 1634 1753 1410 
697 
83 

215 
25 

722 
25 

327 
31 19 221 
1573 2011 1621 1973 
494 
245 

626 
47 

799 
19 221 31 
1418 
992 
379 

1077 
274 

1349 
121 28 

203 
44 
612 73 1372 204 901 
612 
203 

530 
28 41 
531 1697 1948 1898 1866 
500 
213 

543 
25 

645 
107 
649 1158 1685 430 1362 1704 1370 1014 1818 1330 648 1357 1913 1520 
649 
645 

620 
110 

1231 
47 

1580 
132 

687 
25 

398 
19 31 221 

463 
161 

480 
161 

1214 
47 

409 
83 

588 
261 

206 
107 
631 1037 773 256 1173 1117 783 917 1482 1742 1637 712 1199 1422 1683 2192 1905 
631 
206 

730 
258 

1442 
258 

1152 
258 

1188 
277 
2004 1607 2037 2202 
439 
329 28 
1549 1922 2292 
374 
49 

662 
47 

797 
154 

798 
167 

995 
19 31 221 
1280 1394 1636 1876 1975 2133 2097 
600 
101 

1266 
258 

1656 
491 

1659 
47 

872 
393 

1348 
393 

1241 
28 41 

944 
361 

271 
110 

433 
361 

623 
47 

1355 
258 

1411 
258 

1703 
25 

431 
51 

323 
51 

1141 
467 300 

427 
261 

554 
83 

672 
28 41 
1510 
417 
28 41 
972 2284 
116 
25 

824 
211 28 
1165 1144 1134 2013 2020 1908 2208 2314 
1434 
182 

1311 
182 

1319 
182 

1800 
182 

1668 
182 

1631 
182 

1438 
182 

1312 
10 

1453 
25 

535 
83 

604 
47 

112 
105 

910 
47 

1039 
37 

613 
167 

1130 
25 

948 
192 32 

562 
83 

714 
115 28 

565 
28 121 

840 
32 

1997 
28 115 

35 
32 

1361 
376 

355 
25 

1671 
25 

275 
274 

656 
47 

558 
28 115 

1037 
206 

592 
28 41 
1589 
843 
47 

1418 
799 

1052 
207 

267 
207 

1250 
453 

809 
47 

1154 
156 300 

498 
28 211 
2199 
882 
25 

457 
56 

1184 
28 115 

775 
258 

603 
10 

753 
47 

1466 
25 

1040 
25 

773 
206 

1059 
258 

875 
132 
1415 2188 
276 
47 

452 
28 41 
1887 2276 
679 
115 28 

673 
270 

479 
367 

387 
220 50 

1552 
329 28 

629 
132 

73 
203 

485 
83 

1158 
645 

953 
25 

1038 
0 
258 
1340 
258 
1341 
1341 
1340 

689 
28 41 

335 
47 

1446 
28 41 
1232 
956 
25 384 

616 
261 

170 
169 

1253 
28 115 

1035 
128 

1344 
316 

1229 
633 

986 
51 

609 
47 

926 
25 

658 
44 

1053 
47 

1708 
216 

241 
238 
1969 2219 2151 
581 
384 25 

1578 
47 

1910 
393 

1088 
28 628 
2100 1237 1577 2247 2313 2150 1867 
1689 
190 

949 
261 

894 
100 

752 
161 

550 
31 19 221 
681 1111 1222 2052 
823 
426 

332 
207 

1061 
258 

1816 
563 

1336 
49 

610 
238 
611 1198 2273 1833 2245 
611 
610 

1695 
270 
1499 2061 2175 2197 
1499 
1695 

233 
25 

1268 
25 

1406 
190 28 

796 
32 

263 
161 

1034 
211 28 
1776 1825 1827 2030 2171 
365 
47 

1255 
167 

1524 
47 

571 
41 28 
2042 
2042 
571 

1079 
47 

1161 
47 

1300 
47 

1153 
25 

1371 
25 

1303 
785 426 

1472 
235 

471 
470 

870 
47 

383 
831 

989 
435 

601 
470 

1064 
25 

315 
25 

987 
28 115 

1068 
172 

1588 
167 

981 
216 

999 
178 

1000 
32 
1543 1995 1001 
1543 
1000 

1583 
89 

1610 
47 

881 
25 

818 
580 

925 
47 

283 
211 28 
821 1021 1627 1565 1862 1803 2176 2261 
280 
164 108 

1083 
51 

1347 
25 

1012 
465 

2026 
182 

578 
341 

521 
56 

1663 
277 
2053 1809 
410 
8 

1264 
759 

234 
25 

428 
28 41 
621 
1487 
491 

899 
172 

637 
211 28 
1722 1183 1743 
1251 
47 

984 
28 211 
1882 
1230 
92 

761 
393 

905 
393 

1757 
28 41 

659 
28 60 

1240 
28 18 

1275 
47 

942 
92 

325 
19 31 221 
326 1650 1754 2067 
1091 
258 

486 
51 

830 
32 

1352 
28 121 

941 
92 

943 
47 

825 
132 
826 1933 1032 1993 1133 1617 854 2249 2075 1553 
826 
825 

118 
25 

838 
25 

1576 
143 

751 
25 

1233 
192 
1390 
438 
28 115 
1805 
414 
161 

1009 
25 

1238 
538 

1257 
47 

837 
47 

1685 
645 

430 
645 

746 
47 

1127 
580 

1329 
182 

532 
47 

1215 
25 

1660 
167 890 

549 
115 28 

792 
28 115 

982 
25 

699 
207 

497 
207 

265 
207 

625 
207 

627 
207 

1013 
25 

677 
47 

1723 
341 

1374 
136 

800 
47 

1366 
435 

250 
28 115 
1478 1899 
764 
216 

1662 
896 

749 
92 

390 
28 115 

1601 
47 

1081 
44 

1338 
47 

729 
28 41 

462 
41 

1137 
25 

1071 
47 

506 
83 

1094 
107 
1665 1380 1213 1365 
1665 
1094 

767 
361 

294 
190 

1063 
25 

322 
51 

256 
206 

1196 
47 

742 
161 

1163 
261 

510 
393 

717 
453 

939 
229 

1132 
143 

1018 
25 

1533 
25 

1560 
25 

1536 
115 28 

1599 
216 
2134 2302 2137 2235 
509 
393 

1309 
258 

1247 
393 

1070 
426 

1025 
172 

259 
258 

1835 
108 

1822 
108 

326 
325 

587 
261 

760 
759 

934 
28 329 

1430 
25 

758 
261 

802 
167 

577 
41 28 

1670 
47 

973 
92 

718 
31 329 
619 1017 2301 1875 2304 2305 2287 2101 
1019 
187 
1020 
1020 
1019 

1399 
25 

935 
25 

1325 
25 

651 
393 

1148 
393 

502 
47 

685 
794 

2051 
890 

1201 
47 

1246 
47 

1202 
342 

1156 
47 

1714 
28 628 

517 
28 115 

691 
47 

692 
423 

638 
12 

1450 
47 

1391 
47 

596 
393 

1486 
47 

1467 
258 

988 
47 

222 
101 

286 
261 

867 
25 

655 
258 

745 
402 

836 
258 

584 
573 

1022 
25 

928 
47 

1269 
25 

1677 
270 

681 
550 

183 
182 

1216 
25 

1221 
28 41 
1715 
647 
107 

1362 
645 

1894 
25 

1768 
331 

559 
28 

1372 
203 

1497 
132 

1030 
47 

1837 
213 

619 
718 

570 
28 41 

1258 
491 

1178 
945 

920 
28 121 

657 
47 

1015 
134 

734 
733 

886 
282 61 

721 
47 

1729 
190 

1082 
313 

972 
417 

769 
47 

1165 
824 

804 
115 28 
1333 1791 1726 2025 
1333 
804 

1175 
316 

678 
169 

451 
47 

1585 
342 

1696 
108 
2023 1500 
2023 
1696 

906 
25 

1041 
182 

640 
639 

641 
639 

892 
25 

1120 
47 

1262 
47 

1633 
28 115 

871 
47 

735 
28 121 

1097 
47 

715 
329 28 
1956 
1704 
645 

1531 
47 

1569 
467 

1783 
100 

155 
154 

135 
134 

820 
28 115 

1615 
47 

1760 
258 

1193 
47 

1093 
309 

646 
83 

1155 
177 

1582 
393 

1568 
172 

531 
530 

1590 
31 

1514 
329 
1574 1728 2237 1804 2295 2135 
676 
28 115 

1495 
316 

1944 
47 

816 
25 

1717 
28 628 

643 
47 

1907 
309 

1125 
136 

1114 
28 115 

1292 
122 

1245 
47 

1691 
329 28 

913 
384 

1830 
384 

915 
384 

1770 
83 

1518 
182 

1086 
329 
2093 2152 1984 2095 2309 2165 2315 2123 
1129 
316 

1605 
216 
2009 2270 
1208 
47 

1573 
327 

1700 
413 

668 
667 

738 
167 

1119 
28 

688 
143 

1224 
47 

696 
551 

1640 
101 

1174 
28 41 
1994 
1741 
182 

1405 
25 

1203 
545 

1650 
325 

1324 
25 

874 
238 
1675 1893 1393 1749 2226 
1675 
874 

1630 
47 

866 
161 

1058 
258 

1073 
25 

1707 
415 

1350 
258 

1173 
206 

884 
258 

468 
467 

368 
47 

698 
47 

2116 
25 

1254 
25 

923 
25 

1024 
25 

1218 
47 

1186 
513 

528 
426 

1048 
342 

1986 
167 

996 
44 

1346 
28 211 

1468 
190 

1697 
530 

1447 
724 

1117 
206 

1654 
277 
1810 2170 2122 1850 
1810 
1654 

1096 
28 115 

1023 
28 41 

599 
47 

1267 
28 60 

893 
61 

778 
28 41 

405 
258 

1395 
28 60 

441 
268 

1204 
161 

783 
206 

917 
206 

1959 
179 

1017 
718 

786 
49 

771 
47 

834 
25 

1225 
268 

372 
83 

373 
83 

750 
25 

1376 
213 

924 
25 

912 
261 

1363 
258 

1383 
167 

964 
44 

1868 
25 

1609 
1401 

1380 
1094 

1075 
384 

1007 
628 28 
731 1938 2308 
731 
1007 

835 
47 

844 
25 

839 
563 

1205 
28 582 

1674 
146 

1142 
1011 

1584 
25 

273 
211 28 

1896 
218 

1315 
32 

919 
28 115 

1387 
92 

1797 
92 

1031 
384 

1149 
384 

861 
182 

1293 
302 

1740 
282 

740 
47 

1370 
645 

1213 
1094 

958 
25 

1187 
61 

1342 
418 

1014 
645 

1758 
61 

1550 
25 

1316 
793 

859 
238 
1189 1796 1172 1398 1217 2163 2275 2233 1914 1960 1143 
932 
44 

1968 
585 

1150 
28 

1162 
515 

1460 
132 

1115 
384 

2266 
573 

1334 
573 

157 
156 
754 755 2180 158 1331 1249 1978 1559 1459 1824 2264 2151 1809 
754 
157 

1787 
384 

966 
965 

1480 
274 

862 
277 

1095 
277 
1452 2161 2241 
1452 
1095 

670 
28 628 

1535 
44 

755 
157 

1962 
538 

1321 
563 
1918 1322 
1918 
1321 

1281 
25 

1109 
25 

950 
167 

1476 
896 

1144 
824 

70 
69 

969 
25 

716 
28 41 

1126 
268 

1496 
278 

1051 
143 

990 
101 

671 
47 

526 
47 

1415 
875 

1512 
121 28 

1448 
25 

683 
61 
701 684 1042 2317 2207 
701 
683 

1651 
654 

1940 
413 

1669 
182 

810 
575 

328 
25 

1893 
874 

204 
203 

858 
167 

1482 
206 

1581 
47 

1606 
393 

1933 
825 

1146 
51 

1698 
567 

242 
238 

1977 
132 

789 
61 
790 1470 2036 
790 
789 

1032 
825 

821 
283 

496 
47 

1280 
995 

1259 
25 

1227 
115 28 
1921 2271 
1921 
1227 

1547 
25 

2018 
167 

583 
182 

1431 
167 566 

1185 
402 

1983 
25 

1189 
859 

863 
25 

1260 
25 

1092 
25 

1236 
277 
1506 1991 2087 
1506 
1236 

747 
47 

1351 
25 

1818 
645 

855 
25 

1078 
28 

1505 
143 

317 
47 
318 1504 
318 
317 

946 
945 

605 
25 

1296 
261 

1424 
89 

1652 
32 

2109 
28 

975 
329 
977 1179 2209 2157 976 
977 
975 

918 
329 28 

1304 
316 

680 
25 

1327 
453 
1328 2111 
815 
300 

1169 
258 

1195 
25 

1551 
28 41 

1534 
25 

1242 
47 

1118 
329 28 

1503 
47 

1836 
393 

700 
426 

1579 
277 
1721 2224 
898 
47 

1210 
47 

1993 
825 

911 
426 

2049 
136 

889 
282 

1394 
995 

1847 
274 

1402 
161 

1021 
283 

1360 
44 

1123 
28 329 
1869 2267 
1330 
645 

648 
645 

1706 
190 
1795 
1924 
25 

1742 
206 

1727 
258 

1010 
258 

1870 
330 

788 
182 

1191 
258 

1831 
25 

1844 
628 28 

1530 
132 

1455 
384 

1485 
167 

997 
47 

2001 
156 

1805 
438 

1397 
573 

1481 
108 

1067 
47 

255 
56 

2156 
167 

1004 
47 

930 
167 

1412 
258 

707 
169 

1386 
61 

1637 
206 

1100 
47 

682 
47 

1709 
384 

1820 
167 

1033 
47 

1950 
108 

436 
172 

1182 
128 

1354 
258 

2180 
157 

2142 
491 

712 
206 

1199 
206 

728 
128 

1716 
702 
1946 2145 1972 2146 2178 
1713 
128 

1365 
1094 

1294 
453 

2236 
187 

1994 
1174 

1437 
182 

1029 
32 

2102 
628 28 

1134 
824 

1664 
238 

1135 
25 

856 
25 

1575 
47 

1604 
47 

1043 
258 

1646 
28 

1364 
47 

1589 
592 

1966 
25 

1775 
182 

1159 
182 

1282 
51 

1636 
995 

1465 
896 

1488 
465 

1682 
47 

1539 
342 

879 
122 

1802 
384 

1332 
182 

2069 
69 

1876 
995 

1813 
25 

1104 
156 

1613 
115 28 

684 
683 61 

1181 
128 

1441 
25 

1626 
25 

2055 
31 628 

1470 
789 

1619 
47 

1885 
61 

548 
143 

158 
157 

1795 
1706 

1843 
47 

2082 
28 628 

1087 
47 

1265 
469 

1791 
804 

1128 
258 

1256 
300 313 

1624 
47 

1954 
580 

2120 
277 
2124 2121 
2124 
2120 

1511 
47 

1544 
25 

765 
213 
766 2144 2223 
766 
765 

1597 
213 

1133 
825 

895 
47 

1358 
28 211 

1519 
831 

1314 
182 

1379 
300 
1502 1839 
1502 
1379 

1440 
23 

1855 
536 

954 
47 

914 
25 

1937 
28 115 

1903 
270 

1995 
1000 

1739 
190 

1566 
258 

1748 
453 

1429 
167 

1427 
25 

1356 
25 

1558 
384 

1463 
277 
1464 
1464 
1463 

710 
47 

1781 
420 

1066 
25 

1385 
636 

1882 
984 

1958 
316 

903 
25 

1725 
25 

1897 
739 

1393 
874 

1765 
1401 

1722 
637 

165 
164 

1273 
28 41 

675 
156 

1454 
515 

2199 
498 

544 
47 

1400 
300 
2184 2071 2072 
1111 
550 

1283 
573 

1422 
206 

2041 
167 

1016 
156 

490 
25 

1680 
28 628 

1872 
187 

1492 
146 

1301 
25 

1198 
610 

1617 
825 

1726 
804 

1620 
49 

1527 
25 

1444 
143 

1750 
890 

1072 
47 

708 
25 

1776 
1034 

2057 
47 

741 
156 

333 
190 
334 
1883 
218 

1326 
258 

1931 
25 

1121 
270 
1122 
1122 
1121 

968 
393 

1353 
384 

1684 
300 

1570 
121 28 

1736 
375 

1003 
277 

674 
25 

1190 
167 

1683 
206 

1955 
167 

1384 
142 

1232 
1446 

644 
32 

389 
25 

1425 
513 

1288 
47 

1625 
25 

1001 
1000 

2192 
206 

980 
28 211 

1587 
25 

1627 
283 

719 
258 

1521 
25 

661 
216 

1378 
95 

1318 
25 

2149 
25 

1719 
61 

1277 
384 

1574 
1514 

1963 
47 

1317 
28 121 

1474 
164 

1390 
1233 

1484 
101 

1705 
393 

1426 
261 

1305 
258 

1062 
28 115 

1320 
47 

1027 
167 

1734 
108 

1821 
453 

1732 
25 

1987 
402 

962 
961 

576 
28 41 

1600 
545 

1572 
384 

1538 
300 

1047 
47 

1286 
47 

846 
25 

1359 
47 

827 
277 

1475 
274 

1829 
342 

1479 
167 

1274 
28 628 

1801 
32 

1949 
329 
2166 2119 
2166 
1949 

955 
25 

1909 
28 115 

1608 
25 

1080 
47 

1471 
32 

1811 
47 

1796 
859 

1887 
452 

1602 
25 

1892 
25 

1529 
25 

1634 
945 

1297 
567 
2299 2232 
2013 
824 

1593 
329 

1507 
32 

854 
825 

1865 
25 

2136 
47 

2011 
327 

2031 
25 

1948 
530 

1417 
101 

2045 
418 

2187 
384 

1754 
325 

2188 
875 

1763 
32 

1769 
785 

1516 
128 

1408 
25 

1744 
132 

1980 
384 

2065 
108 

1934 
25 

1504 
317 

1764 
167 

1970 
146 
1971 2206 2210 
1971 
1970 

1846 
491 

1920 
218 

1252 
167 

1289 
393 

1357 
645 

1428 
25 

1510 
672 

1089 
706 

1050 
929 

1335 
25 

1396 
573 

1439 
300 

1036 
161 

2053 
1663 

1271 
426 
1272 
1500 
1696 

1941 
47 

1881 
628 28 

1548 
258 

458 
47 

1673 
47 

2161 
1095 

1436 
182 

1234 
316 

1151 
25 

2138 
388 

1780 
115 28 

1679 
25 

2167 
316 

1462 
278 

967 
551 

1310 
491 

1628 
177 

1239 
469 

1226 
47 

1106 
563 

2100 
1088 

1767 
51 

1871 
628 28 

1136 
329 28 

1798 
313 

1483 
258 

1377 
167 

461 
270 
504 1343 
504 
461 

2173 
258 

1112 
316 

1886 
167 

1339 
128 

1658 
736 

240 
238 
2078 2285 
2078 
240 

1874 
384 

1456 
25 

1738 
384 

1343 
461 

1982 
258 

1856 
190 

2028 
342 

1878 
25 

1699 
169 

1945 
453 

1877 
238 

1284 
300 415 

1690 
491 

1728 
1514 

1926 
25 

1657 
25 

1509 
384 

1817 
47 

1649 
238 
1745 2300 
1140 
384 

2107 
258 

1614 
216 

1869 
1123 

1435 
182 

1172 
859 

1369 
278 

1864 
329 

1961 
108 

1220 
182 

1773 
258 

1076 
536 

1489 
47 

1686 
47 

957 
258 

1766 
164 

1451 
300 

2007 
128 

1902 
132 

1183 
637 

2201 
1401 

1648 
580 

2098 
216 

1666 
25 

1443 
907 

1854 
25 

1925 
453 

1688 
329 

1946 
1716 

1676 
628 28 

1612 
384 

1222 
550 

1517 
47 

1809 
1663 157 

1799 
47 

1525 
628 28 

1331 
157 

1842 
182 

598 
538 

1942 
316 

1290 
300 
2293 
1449 
101 

1913 
645 

1594 
142 

2272 
25 

621 
428 

2040 
213 

1611 
739 

1571 
759 

1403 
25 

978 
470 

1711 
384 

2010 
515 

1545 
567 

1858 
32 

2248 
143 

2249 
825 

2099 
143 

1752 
167 

1712 
470 

1388 
213 

1667 
164 

1433 
25 

1710 
258 

1565 
283 

1953 
132 

2143 
108 

1540 
49 

1124 
261 

1219 
31 628 

1863 
270 

1632 
28 115 

360 
25 

1641 
258 

1753 
945 

2147 
794 
2186 2148 2185 
2186 
2147 

1103 
258 

2093 
1086 

1692 
1401 

959 
216 

1672 
167 

542 
342 

1523 
453 

1167 
216 

2005 
384 

1808 
393 

1562 
47 

1927 
182 

1197 
28 628 

1644 
628 28 

1160 
25 

1410 
945 

1616 
536 

2267 
1123 

2297 
212 

1861 
513 

2063 
122 

2006 
122 

2243 
122 

900 
211 28 

2084 
128 

2276 
452 

1157 
28 582 

1969 
241 

2152 
1086 

1793 
258 

1541 
580 
2127 
2004 
1188 

1715 
1221 

2047 
190 

1745 
1649 

1929 
277 

1653 
453 

1996 
300 

2081 
491 

1661 
329 

1398 
859 

1261 
28 

2003 
896 

1923 
167 

1645 
167 

2066 
28 

1413 
25 

2206 
1970 

1493 
270 

1974 
338 

1026 
28 

1623 
313 

2054 
258 

1965 
277 

1457 
277 
1458 2154 
1458 
1457 

2290 
146 

2184 
1400 

2294 
426 

1975 
995 

1217 
859 

2022 
515 

1621 
327 

2219 
241 

2114 
268 

1537 
187 

1904 
25 

1786 
793 

1618 
25 

2115 
563 

1990 
213 

1749 
874 

1563 
47 

1306 
47 

1101 
229 

2062 
580 

1591 
229 

1841 
384 

1862 
283 

1249 
157 

1295 
329 28 

1302 
25 

1978 
157 

2148 
2147 

1635 
177 

1469 
258 

1367 
101 

1647 
213 

2193 
277 

2285 
240 

1782 
167 

1772 
47 

1322 
1321 

1491 
329 28 

1790 
25 

1743 
637 

2079 
413 

1730 
384 

1803 
283 

1681 
213 

1991 
1236 

1382 
470 

1237 
1088 

1554 
177 

1298 
794 

1951 
342 

1643 
393 

1368 
190 

1209 
25 

2061 
1695 

1860 
167 

2056 
25 

2020 
824 

1939 
61 

1759 
192 

1838 
132 

901 
203 

2036 
789 

1501 
61 

2214 
469 

1851 
794 
2230 1852 
2230 
1851 

2094 
313 

768 
300 

2291 
136 

2131 
667 

1898 
530 

1419 
278 

2015 
313 

1607 
1188 

2303 
384 

1774 
965 

2087 
1236 

1603 
128 

2024 
585 

1407 
261 

2104 
28 

1973 
327 

2033 
513 

1976 
375 

2118 
31 

2176 
283 

2145 
1716 

1586 
384 

1263 
329 

1404 
108 

1299 
25 

1478 
250 

1806 
28 

1746 
49 

1985 
793 

2103 
167 

2240 
270 

2198 
156 

2076 
453 

1915 
258 

2038 
384 

1908 
824 

1110 
25 

2132 
384 

2050 
101 

1416 
47 

1784 
143 

1988 
426 

1285 
25 

1814 
580 

1947 
794 

1891 
453 

2016 
453 

2043 
136 

1912 
654 

1755 
25 

2190 
49 

1542 
513 

2139 
28 

2159 
785 

1839 
1379 

2059 
167 

2133 
995 

1337 
258 

1828 
25 

1979 
128 

2211 
277 

2269 
164 

2106 
122 

1928 
28 

2046 
628 

1556 
384 

2017 
794 

2301 
718 

1724 
614 

2085 
277 

2121 
2120 

1967 
225 

1473 
25 

1432 
515 212 

1721 
1579 

1943 
108 

1596 
300 

1272 
1271 

1789 
418 

1964 
453 

2250 
132 

1777 
28 41 

2140 
794 

2034 
563 

1859 
142 

1508 
32 

1845 
313 

2273 
610 

1840 
28 

1577 
1088 

2179 
167 

2108 
28 

1834 
388 

1857 
384 

1702 
636 

2075 
825 

1553 
825 

1938 
1007 

1731 
25 

1622 
32 

2086 
575 

1423 
418 

1901 
384 

1833 
610 

1998 
573 

2125 
270 
2126 
1549 
439 

1522 
216 

2298 
278 

1875 
718 

1720 
132 

2039 
515 

2316 
300 

1792 
384 

1638 
278 

1747 
300 
2259 1873 
1935 
143 

2070 
316 

2032 
566 
2231 
2009 
1605 

2134 
1599 

1044 
563 
1045 1532 2265 
1045 
1044 

2096 
128 

2064 
108 

1735 
376 

1812 
329 

2037 
1188 

2012 
164 

1375 
628 28 

2224 
1579 

1639 
25 

1718 
384 

615 
614 

1373 
277 

2254 
187 

2215 
794 

2191 
213 

2153 
213 

1815 
384 

1957 
575 

1559 
157 

2000 
759 

2144 
765 

1520 
645 

2058 
491 

2310 
563 

1888 
49 

2234 
190 

1984 
1086 

2195 
402 

1555 
384 

1057 
47 

2129 
756 

1532 
1044 

1823 
61 

2163 
859 
2164 
2164 
2163 

1778 
187 

2218 
270 

1762 
890 

1179 
975 

2112 
580 

2270 
1605 

1866 
530 

2077 
213 

1642 
25 

1917 
384 

2014 
896 

1916 
132 

2237 
1514 

1884 
190 

1270 
860 

2252 
367 

2258 
342 

1853 
426 

2223 
765 

1042 
683 

2259 
1747 

2097 
995 

2095 
1086 

2068 
146 

2225 
316 

2299 
1297 

2067 
325 

2170 
1654 

1751 
216 

2209 
975 

1678 
277 

2196 
28 

2221 
229 

2222 
229 

2253 
61 

1899 
250 

1459 
157 

2200 
469 

2204 
274 

1420 
278 

2048 
614 

1756 
896 

2220 
28 115 

1905 
206 

2289 
25 

1824 
157 

2105 
418 

1490 
44 

2317 
683 

2027 
132 

1804 
1514 

1852 
1851 

1890 
229 

2275 
859 

1147 
25 

2044 
388 

2110 
115 

2295 
1514 

1832 
47 

334 
333 

2158 
860 

1879 
25 

1819 
551 

2183 
167 

2154 
1457 

2265 
1044 

1228 
274 

1785 
309 

1278 
566 
1279 
1279 
1278 

2304 
718 

2305 
718 

2246 
515 

2175 
1695 

1848 
156 

2288 
49 

2247 
1088 

2127 
1541 

2313 
1088 

1771 
132 

1972 
1716 

2300 
1649 

1981 
573 

2151 
241 157 

2025 
804 

2287 
718 

1421 
136 

2160 
702 

1873 
1747 

2309 
1086 

2208 
824 

2302 
1599 

2308 
1007 

2261 
283 

1693 
1401 

2008 
580 

2089 
190 

2021 
164 

2091 
491 

2035 
136 

2210 
1970 

2071 
1400 

2019 
136 

2052 
550 

1932 
128 

1687 
28 

2165 
1086 

2137 
1599 

2314 
824 

1328 
1327 

1655 
143 

2227 
342 

1880 
513 

2264 
157 

2177 
375 

2279 
132 

2232 
1297 

1494 
167 

1779 
28 

2205 
132 

2157 
975 

1989 
759 

2182 
122 

1564 
213 

2257 
28 

1592 
300 

1900 
563 

2255 
136 

2174 
277 

2280 
216 

1143 
342 859 

2212 
213 

2228 
270 

2122 
1654 

2207 
683 

2150 
1088 

2197 
1695 

2083 
384 

2092 
316 

2271 
1227 

2169 
453 

1930 
164 

2262 
384 

2113 
142 

1919 
573 

1850 
1654 

842 
187 

2216 
167 

1889 
270 

2172 
513 

1956 
715 

2117 
563 

2128 
270 

2181 
190 

1595 
277 

2233 
859 

2284 
417 

1867 
1088 

1952 
136 

2111 
1327 

2135 
1514 

1733 
384 

1701 
28 115 

2281 
566 
2282 
2282 
2281 

2090 
491 

2060 
580 

1561 
367 

2189 
794 

1914 
859 

2080 
423 

1825 
1034 

1826 
423 

1827 
1034 

2126 
2125 

2238 
465 

2245 
610 

1906 
47 

2283 
28 

1807 
491 

1992 
213 

2162 
513 

2101 
718 

2235 
1599 

2251 
142 

1546 
61 

2088 
49 

2168 
418 

2130 
277 

2277 
69 

1694 
316 

2202 
1188 

2146 
1716 

2311 
402 

2074 
465 

2278 
316 

2185 
2147 

1922 
439 

2213 
132 

2231 
2032 

2229 
218 

2119 
1949 

2226 
874 

1999 
28 

1960 
859 

2260 
177 

2241 
1095 

2296 
580 

2263 
580 

1895 
47 

2315 
1086 

2030 
1034 

2292 
439 

2072 
1400 

2217 
31 

976 
975 

2274 
187 

2286 
794 

2141 
566 

2178 
1716 

2242 
229 

2123 
1086 

2244 
49 

2155 
453 

2239 
132 

2002 
367 

2268 
614 

2194 
465 

2312 
469 

1737 
316 

2256 
890 

2203 
61 

2171 
1034 

2073 
316 

2306 
31 

2307 
213 

2029 
890 

2293 
1290 

