208345
187617
160476
211579
209342
205349
166381
184998
198328
220641
195789
196296
208523
181527
208337
205605
198712
198331
182364
205625
183146
219390
185424
180882
171671
219004
201424
185418
176523
196450
170380
193173
180064
166250
199022
190567
182902
171784
160565
204983
178017
210711
211400
188102
181210
183206
191304
179081
203914
176535
211552
207462
217169
174716
176511
214850
183531
204528
187577
180116
171670
205082
187702
220640
205467
201041
172764
171946
211366
191231
202683
161402
164332
226327
218879
190640
203847
208528
164279
175461
208522
185254
171206
193111
192940
190885
207184
197472
172512
190504
165533
218051
198429
218837
201619
187673
193016
201376
197381
193193
168820
200429
182020
211179
168435
191222
204933
183527
175388
162927
176562
185389
179390
193038
196499
163441
182879
208724
211171
217117
160564
211350
163559
198623
165587
198367
220754
183852
190938
201440
183584
194815
218943
198529
192827
204909
171102
214503
179313
183384
226240
198443
180825
187233
183539
211497
221841
173424
224047
208158
166165
220979
173563
185059
199757
204746
205220
188281
193178
180109
187734
206179
179347
216171
209340
201360
202612
182994
176340
192901
165236
185327
179410
172309
216324
171535
181086
196581
211821
222905
184492
198600
174911
201018
188125
207570
191650
171759
197454
175233
196578
173733
176192
213277
194196
201387
167730
221087
191669
179214
215838
178971
192532
201550
167834
192576
215760
195762
172303
168509
206207
179267
185822
170341
165185
168527
183302
215966
197544
168444
167346
176441
159162
223675
175355
159210
208367
193048
190877
175306
224060
221690
184621
222933
191664
215453
211751
162976
165674
190543
168765
183338
190375
188196
162968
215635
166796
188198
165437
176648
159843
198539
211633
159902
199732
220925
210410
193867
183553
162748
174596
164901
184302
187907
200505
179127
192009
176347
215863
168593
191776
172299
179222
192650
193108
195729
171663
191117
211801
162949
211200
189767
159891
160363
185200
208212
224114
177369
170331
207714
179165
179154
194176
225358
160938
195764
211930
208658
168183
221688
166144
190524
213457
165569
197450
188288
179321
188133
198368
181050
187841
169553
168418
171290
211195
201413
224802
189830
204752
179054
219322
197841
213407
185370
191248
205335
198859
214819
199031
189041
164810
214688
204354
163989
159281
164367
161724
213324
208310
220785
167258
216424
211166
215883
179169
191446
209334
169813
174643
218783
217998
176446
161521
211609
166255
185259
192915
218022
184379
181335
173685
168206
211487
174736
219606
184161
214248
214694
183461
167298
208470
168078
201461
183145
218179
187214
226783
208052
205110
189756
179119
183574
162826
175304
203904
191249
160482
176504
210884
201809
159239
183132
200639
162797
179339
167015
225705
171730
216871
211325
160470
179290
159090
211215
225394
215642
174730
208027
211826
185257
207811
165117
189746
179033
198021
182533
162767
207426
183592
187660
205533
185799
189736
174712
176698
202931
175217
171695
202604
191271
205746
189770
185264
187012
211691
185431
175464
186432
160304
171665
202544
225021
184700
211572
170364
171930
168755
173672
168675
159367
175437
180121
218975
192744
221784
167249
166413
171978
172766
219860
173227
197810
166065
191116
222682
201307
211420
198426
221760
184661
208394
182554
218626
202839
205507
171381
171905
195718
180090
199414
168704
221839
184254
184444
167614
171799
173546
191582
195767
200521
191558
168856
191486
216174
161094
181248
170415
191593
207803
201653
207855
173216
161387
191612
213392
218813
201211
191189
165500
216384
206720
173681
179176
189779
162371
187485
211580
202602
225403
191584
172248
208623
169634
198265
207968
226130
203568
183136
187469
171809
188151
184924
176293
164349
203300
182252
162869
185256
198310
183008
201772
197444
215802
181356
175092
191244
161479
171732
159925
196570
190572
167686
195755
211289
208054
218568
175386
189898
183424
224080
184360
171384
198427
213500
168524
166109
175099
198418
192519
190372
185268
215739
192866
208050
180651
192730
175422
218925
211654
171718
171967
176198
168077
213449
220144
175349
193034
190577
214766
189562
167418
185401
160731
159240
190462
219347
201477
192787
183452
177224
162757
190443
211520
198910
218840
196399
164411
161226
183348
226004
220704
199877
192970
181526
190630
216347
181180
202672
196608
163376
180431
212083
160501
187649
159633
197679
174599
190315
185022
219662
193090
197465
170373
217842
181292
174840
169189
170412
179104
208421
198327
197327
176615
179310
175465
210984
214869
182272
171965
210226
211888
184528
198615
218873
167348
224062
173154
204569
204905
185412
174713
221781
168620
185136
171862
226216
202781
196521
164356
185286
164406
159478
195737
181289
162759
193085
159268
221875
191245
187951
187593
179365
168553
211659
209484
192815
224138
165801
185404
210602
223974
192960
205159
191869
191633
179246
200621
223326
201232
171333
183264
168046
171852
203708
194093
222934
176603
208567
167427
165260
211125
165486
163850
175456
193119
173742
185301
173581
165788
218788
188273
193131
179428
176531
191258
210091
226157
201391
192844
168332
187769
167762
186870
175434
184137
213379
183454
179445
193139
172115
170866
207485
165416
159744
194364
182048
199067
190773
176609
205750
203862
171104
222978
223795
165658
214421
205614
179057
165687
185413
165452
179227
201604
183594
208326
174705
160978
168659
168499
218966
211670
179232
168434
183059
183335
194393
174273
201519
202725
181190
185034
166425
184734
170594
183992
211565
194398
191207
194091
160272
193654
208461
211549
185830
211945
220789
192392
187730
201626
194746
192992
201951
224055
179000
207391
197867
191611
159469
215788
191068
162171
185230
179311
192678
226298
207384
208540
174681
181298
175344
176357
183263
207583
202588
192767
201308
208741
161602
181349
226194
217894
187096
205632
215631
188240
197477
203115
191293
223354
166504
192522
163364
195770
198876
201048
183227
219078
190100
179018
201348
187692
188131
205755
192535
191602
180123
218038
160515
221763
204734
179155
217990
194736
215764
179196
190900
200418
221721
159234
215833
219280
195100
208152
165518
199025
194324
226793
205092
183113
165421
190790
224995
191634
223093
201590
160540
211439
211133
211247
175500
208414
192955
202773
226908
226239
187859
168835
198244
209215
184150
189753
187751
192614
208318
176686
183518
211830
191603
192596
184096
205463
198177
191234
187447
174335
199007
173617
179067
219333
214749
176503
200453
198515
191574
159242
172720
185164
166508
219153
189752
188295
162709
159099
207225
205031
211168
215669
190755
223437
223672
192559
222046
195752
187595
185342
196500
174340
207484
192958
184381
181336
188248
221245
192700
184527
207394
183137
171268
191590
173735
192542
185405
168834
198302
208527
170378
182054
191564
218796
218784
205729
198466
202626
204906
185800
219734
165094
225099
211545
205611
210423
211926
166871
199326
208578
214822
225401
211123
201396
201562
223827
179287
204385
164365
192623
195759
162443
213430
195753
226255
184548
175468
189685
173535
210288
211602
205032
200342
183272
185397
175199
176486
187229
191553
162970
211862
196452
192871
184749
216271
189775
215976
194181
215722
219351
165151
181632
179027
192823
190759
183450
165460
175421
209221
188096
225396
184534
218849
179348
160418
213440
218853
193826
204472
159238
164405
202552
196586
191048
215614
162722
168006
209317
181330
189791
215860
165382
178872
183458
190093
171904
207515
175222
211499
219342
170266
201328
192702
170361
201537
204010
164377
205067
199449
175429
180129
211627
162771
183211
211506
205564
215398
170316
194514
167673
204975
162960
204763
211383
179412
205768
211259
160577
198950
161483
211297
205048
162939
162929
199011
208629
174714
183285
159083
166169
208319
185099
208475
211231
201750
175795
183143
171395
178279
208291
160435
159840
191666
177370
193103
215914
207565
205258
197463
162930
163869
201302
207694
171721
192562
183575
162745
226002
201326
202671
208405
168841
224001
190927
186769
174706
216159
191919
208487
214800
211838
198254
219999
217871
202611
211548
179303
162720
176304
181304
187525
192212
181045
193251
192856
191217
192681
183052
207259
168981
196567
204497
211132
185399
160490
179304
184396
220275
218275
184406
214681
173533
168817
222849
183857
198512
223791
203712
191382
176364
221830
183419
207405
184755
188150
211622
200652
219299
162866
213443
159295
192917
171124
179416
208341
201056
166835
190609
185618
207446
224120
187273
211443
165362
214864
190906
192768
189719
183156
201306
165579
166150
191376
175361
200461
181595
191404
216461
213333
208366
168525
211718
171953
189765
192937
192625
191105
198997
190731
211923
223200
171241
215678
188205
187529
186960
159287
211354
211557
203925
171095
191396
185258
168030
205106
211249
211726
159231
178275
208566
209349
182405
171666
186233
176306
221073
170425
215989
187637
196681
197512
175478
205384
218857
191288
171145
209485
167260
201548
204988
196392
214832
175303
221338
193089
190421
187615
165378
183333
193771
190364
211872
164718
201480
211484
189730
168742
177352
165602
224098
201068
216876
208698
162800
205077
166206
218768
192897
168324
160428
173728
223591
191057
191200
224117
162805
191580
190540
187235
190686
211689
184767
193959
163949
192993
189696
171716
174640
191912
218560
211184
215661
191181
179422
192546
201375
200464
212871
174333
175476
173711
185134
214028
209039
191630
219207
171316
202967
221808
168519
202789
165355
162864
226005
195779
201347
164346
205133
216301
178942
177774
204964
190618
205530
202631
217815
201305
202670
167823
195712
168102
171452
224620
222820
167265
218011
218218
183275
215810
185349
203867
188400
191330
194362
168850
211676
180127
160570
200808
198784
173517
191639
179115
170413
173724
175396
165647
196490
225863
185116
215194
193120
181302
168729
203769
160595
161415
191909
184467
223820
175683
215796
204872
209184
195713
190735
168246
191212
226285
168425
213432
175366
183981
219350
165286
191547
191492
224094
165560
218043
172786
197457
185448
165455
221742
197443
215757
162747
195743
205756
184358
162673
176456
176360
211368
160465
214705
214868
211909
201365
204436
188293
190929
185267
191273
196590
196969
220656
208408
179148
166822
193216
198420
188184
184451
210249
188172
211291
162928
176557
200542
176734
178462
181285
170405
191317
205340
168693
225353
172795
178939
168505
184429
203934
175949
159001
219379
162761
179821
211613
184789
191993
187337
183731
207736
161379
224803
215599
201607
179186
197484
215708
191374
168698
213480
200937
168794
202782
175169
205395
223305
184516
166022
191202
221005
185426
159293
195734
165457
170330
175185
218825
167861
188156
179075
208725
210460
175330
185063
171247
205071
187942
203635
167702
202637
202688
208424
215964
184433
215546
185149
211645
207497
182430
208330
224109
190582
196446
208402
212054
174579
163592
175439
187647
197305
208491
167201
211113
194772
188121
210134
173442
201597
221214
173531
197426
185311
171041
192637
191572
171808
192679
181346
173173
167161
211151
159798
171889
222852
165008
192809
215902
164379
181596
211640
174787
161882
198858
218055
190717
208692
170406
192781
167580
205554
208031
200934
204592
184317
220119
213413
198491
209343
175323
165367
189814
175292
195230
173654
191435
187215
209127
164412
179094
215624
191651
192690
165402
175451
215859
200547
192916
175441
192752
225029
165520
162854
198964
170858
192661
167342
192857
192541
214843
171489
198851
184361
196001
195774
219383
185250
195512
179423
208404
175792
192868
220348
184892
191407
188543
196665
184380
190742
221456
162680
208500
183495
192930
211186
164437
160580
193002
203893
218987
215850
192497
211999
171765
185255
171699
191090
225443
181407
192216
193802
211874
190785
177740
171736
199976
170865
208559
215785
168198
210768
226147
218800
225871
222858
174132
180611
188800
211364
215650
211411
192548
210259
218912
202677
214308
191436
215782
221716
198020
186165
192908
192777
184354
162719
211122
180251
187234
162775
196677
184991
189728
176508
179072
192520
211660
165091
158982
192167
171364
193158
211817
202017
204985
183971
189549
188177
210251
166174
178282
208510
193156
190814
194349
192511
201341
192804
187747
176129
190912
170291
176556
173719
167419
175272
198531
202759
215958
194340
209314
171911
170402
194002
170320
183397
188250
165385
199998
200534
173744
213504
190539
224122
180637
202717
181971
198709
208634
203860
215625
167246
224044
172338
207982
211370
171924
221804
184154
207403
195761
219203
176745
190480
190559
164424
181482
173736
196536
187549
168032
165553
199826
160543
212780
216489
191290
200330
184389
217823
183280
162832
179250
215752
208611
192805
220753
175311
203928
205617
211461
193056
185064
183475
222843
191489
220587
224092
168506
221104
173716
179315
174986
191661
191583
174834
175487
162801
171459
205512
216515
165149
163610
183420
179020
195786
215911
204927
224156
191426
191902
213348
221696
215811
160414
196942
175424
192989
195400
218759
167544
208613
175484
173490
207409
188283
192875
212582
190801
167285
193163
164203
219354
183254
174620
185120
191443
203517
191679
164352
187574
180434
163955
173693
193066
191642
210479
209350
192488
211747
175390
171720
180259
208593
168100
215826
159248
178958
188195
201450
162752
221821
163394
196050
218906
159682
189771
205113
176355
201511
217960
211881
171902
210398
191643
199931
219343
172608
185590
162669
216235
179312
181436
181589
198593
219794
168140
190641
204749
190812
223539
186640
170337
174726
218843
160370
171882
184656
202750
216388
215814
174675
176714
208607
198887
190655
173993
200504
176400
168503
168052
190689
163365
181811
171801
215655
183576
198350
179245
173649
220042
165476
209249
167944
205130
202599
207128
181174
176597
187558
208004
199222
205667
191220
203870
193125
179275
200519
198409
215772
167402
222130
168723
198357
205571
191466
175769
190262
193126
168588
179226
204935
226278
193064
190714
224804
188296
160562
191668
220577
159291
191275
165443
187644
187481
188197
187540
221459
206460
168065
192696
179305
176294
190384
166405
184694
196369
207510
195723
189764
179404
173903
221208
218834
188159
180387
208617
215808
171425
169596
164449
185447
225458
179029
188408
184428
183290
188857
165601
211616
173504
201412
170058
218992
226379
162791
177347
169309
203787
167807
211884
159100
196556
198550
192578
167284
205523
200459
191151
171798
204534
215729
198532
191237
203662
182674
166096
195726
164280
185597
190855
206722
184796
200501
166838
191236
221788
200522
171526
213363
191360
176688
186413
179086
166516
180119
203871
224025
214872
168629
177684
217857
187552
210961
216360
225366
185437
191581
225875
190722
183522
166872
191389
179083
176326
211189
180599
179415
176290
174679
180100
184531
188574
186701
226900
187496
208502
210915
219521
180602
211315
159209
187694
200389
164366
167214
172581
200516
170309
187904
162811
201609
221823
192765
208369
213370
162867
171441
225611
174687
223047
192972
205011
201504
179061
169950
188253
188143
187533
205098
181171
173732
207234
188097
168840
184075
185316
165395
191464
205060
159289
192612
168256
188155
171024
163371
199702
181364
175392
194737
190299
191585
173455
190669
175320
219220
184607
168089
163368
207360
211222
208511
220625
164348
213349
208516
219305
211292
196600
194118
208726
194095
226188
168049
181169
181099
207737
183406
165461
207223
181405
175284
217986
223823
176653
170722
216357
188135
222840
216179
207420
208699
216306
187698
205638
161110
201956
170182
159362
215774
211522
207443
211276
201788
165263
160599
202733
202654
195899
193966
183548
185141
184445
162783
191420
201067
185081
198945
198380
164566
160576
218559
189726
201465
196300
198890
209489
211630
196461
171549
204875
182716
184067
191614
184475
218750
175283
168212
173718
184916
174653
161107
171811
191218
179456
179162
218897
199205
160427
171987
192848
194352
180193
164174
220006
165659
175373
179138
200415
165190
196391
190707
176397
170317
185395
205607
198442
183533
181291
170366
160486
196749
171555
215821
181391
184228
188294
198336
181205
179273
188188
163387
167945
219313
192455
214849
193132
159243
188165
211238
170327
211906
214764
181307
190610
179159
215773
176307
219326
188170
226294
191647
186849
176417
172323
185006
218208
211282
165531
207837
223335
211322
190775
217970
190708
165668
196466
211273
226082
198193
195728
220823
175404
211223
173727
208452
205135
171399
208287
211143
167272
189724
180572
187725
171707
211316
213278
162728
190268
176558
211787
196439
183370
191914
165516
195720
192432
190544
216170
211577
171850
221469
194303
190833
211244
181192
192613
191609
226238
191352
165494
204246
165572
183220
165599
168581
185302
174815
160550
187579
171580
209360
198884
209842
183312
191303
191567
186085
183013
210459
190728
185280
172493
198521
184799
184725
181988
183436
165424
161383
211542
165639
222975
181313
188154
208288
184496
189731
213482
192797
205042
176529
198388
162816
193076
223366
212061
185058
170579
173623
189740
170868
188927
183504
181555
211492
192459
191305
209480
193834
198848
208448
183598
192974
190553
213817
173522
208987
195724
168386
181055
210966
171996
185057
179095
190862
176394
192840
183428
216317
189512
183545
184553
191368
183258
205577
215837
196492
196472
226402
168682
205671
173630
191527
213328
215579
164429
191474
202615
209378
219240
179008
172600
205211
173489
198482
211210
209372
225449
191610
211458
190847
165480
197274
188098
191463
215547
221995
185203
183339
184928
203772
223014
183117
206837
183416
215896
211286
177081
176335
205765
167649
185330
188226
197798
220046
215693
187586
203773
199044
192735
189751
184323
163637
173457
189738
193086
205072
192561
191213
224034
211341
185371
215716
190617
191480
178964
201129
161202
171908
184520
204071
202933
192474
207884
210137
201678
192778
174735
189729
191387
213355
203805
196445
175367
171694
213818
204993
173730
224619
208142
198271
215377
167330
213680
168122
218778
190827
201411
211511
202638
170674
195731
219005
159260
184407
208365
226288
211900
184506
165365
167221
211745
221183
211177
178277
192589
198337
192881
174334
190889
159498
218811
209002
175214
181263
159245
190702
179261
192454
192826
208062
192949
191054
190884
211646
221276
202864
216399
204922
164358
205343
213501
209404
187912
183443
184030
168163
191631
173712
216173
185414
213453
196596
162744
161866
205319
187928
201389
199262
192610
191296
189749
191113
166077
216433
188217
201501
211933
183618
204641
216863
188582
181300
222136
205569
214208
220755
167225
176547
171969
211647
191257
210472
211550
226055
161181
160569
210916
168080
174337
222360
196456
220951
171479
198153
191301
176297
201754
176671
191475
189566
176510
166412
181340
208379
176587
183226
191247
202607
187434
185290
195739
224063
215797
191286
211658
187372
192918
211789
165474
183133
200536
170381
201757
199379
211560
192859
181855
183427
164704
161218
205105
209129
187655
179198
175321
171807
196434
209390
207082
173495
175100
164281
200162
196494
165671
214862
198606
159365
205602
198339
190256
207858
215854
191391
185263
181270
189766
211837
203765
200271
191281
202660
160936
185438
221452
221709
159201
176590
205747
207483
166308
175334
207170
179065
204046
220792
218876
168153
211607
170467
174777
220681
171376
188271
218044
187607
205540
191238
198973
188229
196628
191588
190763
191174
183246
205229
211728
197800
211388
165552
162753
192902
193850
207187
216336
208139
207453
173619
179446
179300
177739
205464
219692
185137
192786
165447
218988
159641
176575
181264
190818
171650
171737
200196
159124
181195
162956
214606
225056
221461
195999
185101
226248
188122
175279
180120
159072
168669
196436
198560
181226
171466
176726
204939
212905
202210
226241
171393
184426
214824
173638
192865
221717
221646
193121
193037
177298
205669
205555
172708
203848
206850
171775
171800
207461
191285
188284
170313
159228
188174
190756
210406
208357
162676
169543
170329
191604
211312
225452
174105
187850
209339
187737
164123
205598
188263
187524
162947
176070
175036
224099
203833
192603
194953
171912
200530
174693
159258
216246
204380
215740
159206
169210
187312
185212
171035
215779
205241
219241
195996
191300
172095
226065
159364
166353
187564
184754
204954
171598
198419
195730
207401
176005
175346
171547
183521
198455
183374
159305
209836
183586
181196
207481
192975
211500
185103
215656
183438
187266
184518
191627
175210
180600
165615
189715
201542
176447
205104
211682
168865
185378
220983
173684
187531
167242
184080
175312
160572
218775
183292
170156
199470
192966
169494
198498
189558
164389
175446
226334
185921
214882
187507
168832
163411
175865
198485
207363
170457
211910
168117
185051
164949
176370
192645
200680
217310
211644
208606
224799
191782
211138
201455
207586
188139
204907
190308
183462
195788
213479
191596
194074
160573
189711
200539
165120
215699
208028
183617
208449
221587
191215
181299
183038
170323
181403
218858
159774
191984
179458
225060
176521
211834
226459
208392
195740
208643
220001
198995
187571
183860
201646
204978
173502
220080
164159
175382
217989
201044
218690
193005
175348
203207
167722
168189
159212
166873
190754
201591
207437
187674
160825
190850
177340
191280
191049
205360
187510
193104
166192
185158
162721
201321
191589
188801
167210
211803
164404
194363
211543
192885
201506
190891
219374
211555
168862
193525
190607
162695
183582
180125
226258
188725
184378
190817
190839
211637
221728
192359
181800
226207
205118
165422
173550
211677
161236
167283
199047
165661
175365
211768
170355
226349
198874
222121
191250
174221
187226
215246
171113
218941
183460
192558
171758
215676
181343
189702
174179
211101
179374
198797
173740
175356
208343
192524
219256
183277
181370
197456
175969
211261
181319
169941
173745
165649
215706
197769
205230
210436
184737
199462
181183
217993
224051
207428
191477
176458
211669
185528
185808
193000
189755
160538
197480
176489
159343
168660
179077
226348
210269
211120
185396
211770
205022
165589
191380
223804
202650
166514
187580
204588
171654
175326
190591
191157
188419
179461
192896
191086
207616
204491
224131
203836
175227
196582
201594
193159
177413
211353
179306
176497
172669
204499
185171
159043
170389
215875
190557
201356
175152
185425
202581
205594
191371
159174
204237
225057
223938
179230
214120
191910
170261
175350
203771
222806
205059
182981
225087
175402
167743
159323
187567
192218
192620
216523
185129
191272
201327
180124
176664
200482
162809
196393
181430
176593
187476
162736
206491
167728
205012
225077
175319
224146
226213
190580
160495
198440
167757
175288
176431
190674
208443
205129
165379
176378
199524
180676
208708
160588
204916
160586
211406
175371
202796
174186
221713
191626
183567
177746
207479
201478
196435
210761
195741
218856
209373
192599
221448
188249
216466
184710
176744
211112
185265
190678
164440
198704
171133
191456
192606
183551
200654
208563
198279
220652
211741
202616
201419
211623
171557
161518
188289
173697
183270
216190
167926
197461
223797
211503
185269
207975
201246
198292
196299
205662
184111
197838
201776
211435
163373
198855
218003
202450
202454
215794
193070
200586
221789
181249
179063
185030
167205
184601
173600
164361
173553
215496
221832
162919
208381
184595
190741
218027
170312
214867
180061
215687
175423
194128
224106
223808
163651
199015
201280
198183
188056
205400
165143
189360
183409
190489
192211
185341
184476
160549
222810
221730
206097
195763
224315
184375
179034
191331
203895
198915
179260
219317
200540
190529
173734
205026
180025
189933
192585
178967
205399
160579
178273
183201
175400
165623
160528
179208
198930
198503
170308
209807
220601
192586
215662
168481
176520
189722
211211
183017
176175
205137
165622
191353
184328
173721
223010
165541
183474
209131
163279
188179
159274
202441
187977
222419
165574
208356
210631
215816
200478
191571
168751
206514
190781
208430
193205
178949
185366
161422
191219
187658
185820
185185
211332
182058
185190
169216
187745
160461
173720
201445
205679
159078
218832
173691
162723
159098
173770
205705
218026
177719
220613
164459
204630
222138
202774
179340
192547
179298
177346
166325
173723
215856
173521
160504
216426
171545
187657
210437
171997
171975
210870
211380
175444
207427
161076
219336
172452
189694
170431
181813
190318
162740
162831
184715
216087
193134
159221
224107
190673
217798
174686
172917
202771
173692
168017
163566
226197
197482
167932
210252
192536
185117
208728
179330
220586
170426
162971
175351
185432
195738
174420
198817
192200
168657
211703
191045
192597
185271
159122
205673
168870
184338
203776
162671
203829
165428
193055
208331
161466
204560
168582
196632
192925
183561
191366
175271
162788
161894
213796
204506
168188
190690
192583
184493
185436
179360
160631
192527
198412
194747
174570
183491
164388
181266
208495
190323
174586
192907
195099
161355
173739
164875
212446
188176
201715
217968
202819
195790
192837
215717
205057
181358
165575
173705
207417
160592
175220
166163
204923
211356
216428
205590
192207
168099
219346
185208
222666
171938
208682
198376
165295
185313
203897
175270
171903
167239
215644
220819
185392
171726
158987
168192
213426
209259
219118
191667
204971
174990
198996
183315
216350
180305
190530
211621
176361
202825
175588
202614
159685
204962
160432
164516
190815
171559
215518
164328
198091
179938
183470
162166
223746
192505
185112
191607
168082
211107
183493
185207
175184
204963
202739
164355
171921
159292
165519
168663
165358
199077
207480
222976
225404
179163
190732
196507
160555
207398
180052
211310
215843
191636
211589
209273
171973
190590
176414
211147
208377
192729
167203
206433
190521
162784
176396
162889
168626
192727
205030
191198
162774
191336
188113
185373
192763
193180
159121
195787
198468
217973
199361
210784
187494
198877
191454
185409
191267
191325
214684
167220
171955
170475
174769
163596
219212
195735
211516
205051
211296
174293
205068
192723
170810
168717
185304
197872
196433
205460
171349
206913
164944
211694
168502
195749
213431
165448
211381
202734
168814
207912
208325
189769
185530
187972
196553
211901
191461
186121
176574
219022
213397
189689
218593
160593
194075
201544
205079
174617
201344
160511
199060
224118
182210
211781
218007
159353
179432
209226
175418
173709
221540
174358
173830
184432
176093
171445
213269
196451
211221
173731
226261
211716
188215
209354
226905
191628
203808
226314
185119
213914
211448
203903
190658
192880
165436
190873
167714
190180
189727
215680
167706
163402
190611
162649
207136
181574
162873
188173
217606
176647
165608
170345
196509
162746
164343
219365
215062
159093
192726
201708
192590
192852
219209
174691
197511
179183
208556
205546
162781
165463
204987
185157
160436
183284
211605
183601
161412
185071
215834
199531
214971
195727
185155
204524
183316
224045
207395
165322
208604
208380
191625
191084
221700
211118
160983
215292
205660
207653
179421
209481
215978
161170
188227
218889
170450
173271
167830
219976
167211
170417
224042
218399
165596
192698
207418
218802
207126
207365
198864
198954
191333
191328
222832
197264
205748
198553
208759
167958
164353
192973
179409
183455
187824
201070
211246
160582
222857
216298
204642
221831
223826
183343
188180
207134
175460
213365
220443
222680
211181
171342
210829
189717
204643
176338
167818
208478
211295
218000
192634
167248
183587
176725
184487
194179
176588
160483
190688
218899
205733
159076
168040
202947
183788
211139
164430
201774
226144
223025
185062
208355
177576
201520
193203
190531
160289
216434
185238
205218
203775
175247
185439
171240
160496
224622
164859
167236
175313
191587
179329
176515
184382
211320
213424
166152
224332
196460
199081
171873
222807
185138
198875
201066
183241
211908
203898
167642
191995
171952
176383
176442
191375
215730
192846
187268
216509
185394
196526
187506
195785
211463
191618
198428
177903
175403
218797
211526
192751
191635
205680
183629
216364
208537
179320
181106
198396
163600
215399
167138
192540
164907
205738
198822
171599
165419
201380
185066
193214
188120
184249
217878
183477
189029
174668
162937
173696
165426
225049
215666
180645
225463
164962
215705
191324
192630
168468
213090
211307
202838
164357
214194
195791
190635
175496
214211
183287
198298
202644
191441
184990
207407
163496
183559
165356
162792
175391
197109
164336
161460
175300
176709
221698
187679
201652
219355
197897
160474
222292
179141
175584
201013
221243
205528
221083
216438
223991
220961
163627
192358
220985
171701
205526
165148
171713
221826
195233
197866
216019
210934
219259
162862
185132
221680
226203
159028
219013
197609
185289
217120
186927
223096
186196
165528
186108
209412
207625
185189
200513
208200
208210
165223
219972
180771
198563
203508
217801
176803
166128
213478
209414
175225
173857
174419
225746
168424
186062
171704
183380
196208
195109
185355
213771
209553
200543
221261
222712
176742
214063
187351
184028
188299
173665
209602
199023
198639
196421
197925
161111
201989
202763
175246
206338
209660
218946
195213
185700
165627
210466
207390
198230
215342
200688
181583
195563
219921
166784
175205
174432
210400
174194
175385
219117
165177
223416
219486
188679
223119
188880
188674
226299
168504
187283
189200
217545
217673
200659
193198
213332
181409
202618
161729
196610
218747
224829
181222
211934
187908
200612
173848
206292
225546
213433
218014
191160
197948
187197
215120
173677
182170
189851
165126
217173
177991
164359
209402
189362
198607
198583
161131
196605
184262
202388
224148
199724
212980
175486
160680
223562
159921
201295
175370
222258
225117
209200
189899
177359
219268
216518
218618
183604
171250
218633
177323
164607
184612
194329
179131
184051
177101
159979
200493
224896
163108
192178
172659
189091
207762
185664
196915
209653
175107
223304
164221
225586
182930
172761
214449
213281
212471
222398
165618
209296
209744
160419
219676
204762
222628
193447
223474
215117
159825
164116
167986
198055
221870
205957
203780
201558
226360
166545
202801
167836
224832
161411
198067
223251
185870
208149
196977
187403
161524
183510
198258
159687
179062
203781
159109
219289
160362
180050
190499
219856
184182
190306
179920
171988
218140
179469
218954
202866
175189
170271
165559
200658
210931
221918
161091
160560
175374
164569
198211
188073
199012
167255
204757
216371
217751
188685
219498
189908
167641
215910
198981
170517
161477
205445
181547
213691
168599
167227
196179
213772
211851
219029
160559
195552
168240
161439
170209
177894
218635
213149
207424
225536
210796
196602
181825
216436
223682
183893
214877
221868
196653
167279
217259
175913
203774
185895
160554
214720
188671
226219
165442
214015
196722
216520
161196
192816
179064
184071
213427
169438
160516
202681
205637
210555
196613
207433
168829
175547
185178
208002
209356
181704
221288
174825
209689
198617
202809
210559
224873
182096
175901
165204
174460
183528
198222
174521
224831
212444
165594
197195
172461
205781
183248
176279
199777
184104
191495
203798
185100
192094
161554
193490
175837
191918
208662
192279
218481
214666
163671
179097
200413
174549
166190
172714
163863
202403
192179
183369
223382
173741
172800
181424
170497
185315
165377
204786
187875
212445
171591
207188
162799
197788
161024
223536
199272
186037
174944
161055
188799
208546
192985
166298
177126
168200
161451
180704
222753
215163
203901
168309
188000
167430
196648
216413
224846
202710
195543
178539
180534
163303
176418
176312
224852
197979
167888
160934
179258
178256
216369
166081
208148
219291
205784
225340
175241
213954
170902
209792
171176
186144
162425
182142
203782
177724
175938
165411
225098
180199
219272
180995
179328
223263
199577
214930
160452
189327
221530
191182
221537
207604
222967
196401
209651
222516
171959
214731
176837
196148
186708
159077
202783
221762
204593
161393
175315
201253
181342
203858
169504
191549
198000
179152
183222
210330
181859
198894
179014
188695
215055
207404
215588
219762
168785
208474
222573
185358
160508
214214
184714
198535
162162
217135
163169
219669
183149
218035
195900
175213
220803
200544
189886
165509
226359
159787
206732
192089
167273
198141
182239
159334
209790
189608
199296
222557
195351
175470
197758
174309
166931
166194
206845
215663
197107
196755
220957
220808
186455
172571
219503
168735
165144
204999
168638
167253
205556
175106
180382
195305
218113
193554
201710
220500
175934
195410
164817
210458
207412
177846
210417
202949
162743
192247
160616
175369
220940
190381
195504
173459
166021
225583
168662
197591
167271
218970
168317
169122
214685
183858
218715
210567
220649
220377
198115
184443
179291
196764
211285
205529
205948
224897
179259
192308
196390
174433
175268
190930
200158
198116
191499
202005
173863
174199
215204
204024
167851
183885
175875
199667
181434
214997
203792
181917
191063
162738
206555
210442
182987
217650
211194
182437
174721
167954
162174
220809
183440
180795
204720
215598
199704
224043
223814
162675
220164
187707
177235
223998
202580
176327
220162
162914
177613
184602
163963
221912
160510
218029
178468
194197
181375
220909
162921
201632
223248
160533
219925
180529
162846
160698
208719
210300
189906
159359
183278
160426
220959
173661
196037
185045
222826
196307
198625
161102
179818
165317
208049
171755
200156
214006
223343
220768
165855
202743
181122
172433
216243
188300
163469
219334
188690
202310
200938
202922
224973
218324
180844
205257
187722
189939
160475
171785
208820
176663
196484
187141
186521
187259
193760
185087
200165
220346
225737
168020
216514
204404
202600
162701
164075
188501
189848
189823
200499
180471
209874
221434
210212
189739
224392
173274
183035
210709
162198
179470
218930
170423
184253
164466
192086
202735
203678
194299
175490
213669
222651
183267
218362
164467
204575
171036
200638
168242
204165
160809
187301
165276
198816
171933
171606
174434
160431
168748
200123
213321
183115
167335
190316
174229
169100
173524
197503
216260
209205
205434
196255
174418
169259
193768
214875
193958
164061
207081
164370
164563
174316
175201
159246
176063
205772
214504
198917
216007
177969
206506
214982
200622
168768
218083
207798
163815
177588
186457
166512
175243
196944
166385
181694
185926
168653
166703
215021
225041
178430
180757
221061
166429
171565
220032
212400
215180
183247
223657
183381
217255
218465
178669
194754
215444
198789
170049
205716
159476
159341
181043
165011
174228
226711
170043
183240
219069
180122
165253
203524
218019
220835
183940
212735
216270
213926
179671
162887
164526
203555
214752
175611
214860
198017
164422
193393
163205
167880
170487
174133
183048
168531
166023
224190
214578
174925
212501
224323
193845
181853
185681
168733
191015
164659
163109
182613
169537
191718
179047
160893
173469
162025
166406
201515
220477
205336
196810
220787
202726
206825
195983
185746
208746
179140
200561
165137
196057
175109
223086
223556
189674
189693
164354
191781
201106
200705
226120
177204
180363
219983
189834
175252
218112
165285
202452
159686
175259
179108
197438
210106
217459
171659
202724
211034
208056
216470
225453
221360
165517
214778
224209
196919
167581
166821
160847
166965
164806
174393
179466
160956
171066
200749
178860
207067
175216
167549
209397
170881
178946
177552
213451
182999
162777
221975
214305
223533
168781
166005
186928
162522
180181
185163
203931
223115
191346
162159
163804
195822
164894
212447
180971
217451
191891
187391
193977
225042
199991
218340
211025
215923
204697
170275
178053
208225
194077
176109
180474
202598
193882
183451
204509
172980
223788
162952
214998
179206
216974
179112
200483
170398
200878
192040
215287
161453
191008
216236
216597
215264
186309
223506
162567
223537
181602
206919
159936
213344
210760
216444
214268
219388
187844
211019
161561
212743
191524
197156
182766
171143
198769
210487
182457
216212
217517
194504
208130
174201
182665
162585
225562
185050
185731
166282
213336
187280
221371
173054
198624
161428
226633
191381
197944
185102
216309
202851
190705
219697
162932
187894
204656
225105
202363
167556
164273
207993
208848
198925
177215
220825
164776
218894
165657
171664
160640
181548
216188
179070
159948
164943
184160
163685
175230
168826
183620
189356
183413
211975
160075
164777
161441
169951
175662
162916
161611
181609
216062
166786
220501
205355
226074
199722
169506
200916
216483
186270
207315
200834
221010
217038
221391
175208
159560
215136
207794
196280
180892
179459
223856
170542
200422
180443
200570
205763
219231
226053
222282
206717
202553
163987
218037
183328
187732
194495
200475
202538
185890
197440
187366
161739
176084
205682
166453
187300
213445
171414
209284
176269
175254
195262
217473
170055
172441
214820
202798
187020
185568
187650
209368
169777
225062
162156
177232
169040
164338
198870
209035
176083
168406
214758
185245
168714
166071
196565
179271
183674
221302
173441
218444
159833
172932
222872
171029
217904
191095
216142
159336
163672
162950
197898
159503
159947
179379
203938
197009
202837
191395
176111
165521
205535
206833
165562
177161
223691
198868
160030
180904
163161
225697
225893
197375
167696
215410
163628
168665
165577
180980
181041
162204
191874
194466
175282
225080
190142
219287
219109
216506
181567
186942
200555
169023
197178
196469
223848
196055
181907
178927
162189
180647
170696
183047
182609
179171
216359
215235
170873
203868
184704
216285
159244
184011
206463
225797
172988
184720
178072
217705
168521
185380
204381
161734
187757
221367
205566
226058
219357
178955
191916
165097
196981
221235
174424
189776
185450
218075
200670
197464
207899
202663
196967
162955
216652
200496
215151
170452
165357
191192
174319
216288
208029
159286
163112
223213
168839
203538
216284
214113
223885
218678
162891
221376
198960
179285
160973
197487
159235
177056
213454
224643
185225
162654
212060
202141
203883
162934
197637
200512
170968
174074
184124
160016
194505
220252
181394
224662
217967
181531
187930
183476
187839
214739
203395
180470
210452
189234
161927
184931
178556
159148
197220
176091
171948
181966
165684
193816
192116
225891
202307
162647
166955
204333
170971
174411
195836
167871
219267
162205
191080
162901
169312
163737
169183
159684
169956
188609
162193
181535
225844
169663
168869
171132
188081
214855
160917
194483
164918
162656
202651
183892
206082
161918
196479
165270
187064
182894
168722
168495
167708
197449
177595
221149
202502
196690
177021
210489
179121
192328
182623
184164
183841
223543
192075
184930
178293
226452
169531
183437
222558
168680
179157
226458
201020
210432
179125
209235
168694
186905
165626
175911
166886
210790
210720
179023
162184
194035
164137
163625
181411
196311
177669
184758
188474
210080
183911
207558
192203
216097
159309
217962
177711
164696
197901
159198
179694
164351
167343
162170
189807
187279
169966
199509
183916
226297
197586
165679
187937
218133
186739
175654
214402
183327
209070
196517
175682
174363
214737
197187
162538
160367
218048
209341
187101
166936
194848
172625
210727
174206
205706
180985
217312
181683
173421
218460
164695
161843
165652
206399
200618
205170
210991
217661
223594
184178
192045
166858
190471
182400
189378
209391
200924
217365
203763
216064
194492
213411
172658
189502
167589
211876
226381
170370
166753
159165
188689
219620
194014
213483
202338
205902
177072
199805
207477
210994
170875
225020
225072
161052
204475
210874
210443
168822
223411
201752
216852
199376
218405
222932
216946
206680
190181
167175
175407
179764
193869
212529
225976
170351
197876
182668
191873
195839
217921
187232
212737
170820
207320
198016
159964
174129
193773
213144
205779
185611
162187
201154
161758
184140
221066
196637
196680
170374
162322
188491
202936
216273
174125
185786
173667
220782
216869
191302
209486
162894
200683
170343
172280
202850
206077
199797
206516
217728
196687
158965
164439
179166
222754
217890
171876
215230
198582
163771
196563
189859
169734
226303
191422
163081
219827
182943
169124
194385
203006
183305
225022
199988
200253
177194
193873
213484
164523
161030
196099
221039
161444
190983
177648
185279
190340
160032
163602
167577
159273
169547
169441
159017
164477
174943
168281
175675
207925
205465
170908
166764
182037
201023
173284
222565
160379
199024
207741
159223
164393
177559
203469
183605
225989
160350
206510
161522
220744
207088
181584
197572
170570
189443
159935
202301
188534
164270
222927
189463
161644
162160
222307
215401
200606
191112
163897
200533
182698
182407
163884
220663
214488
168771
175562
193973
183619
163314
163789
207830
159347
170068
216911
161042
183967
194380
166986
202372
218557
223842
187034
226145
205431
173747
207449
192370
159119
195500
171956
178141
222912
205351
172984
182097
181647
162851
184894
190122
216070
171853
165667
210456
193627
191537
183995
196624
203793
213509
168203
191149
191177
182135
214988
167422
169462
193933
221427
163381
177302
166851
216939
167546
218041
183366
224676
221199
173046
187181
171706
206533
225567
199951
226323
162586
216857
162751
191659
213009
167973
168654
207594
218429
218963
185359
161056
179220
161558
160463
191671
180408
164329
173933
171916
200164
207941
194036
179600
200416
225847
212876
216892
222896
183499
203872
159179
175393
184108
177958
178288
198934
218980
166465
222018
163858
217087
213488
182973
205152
203564
184153
171717
195080
205783
215408
159120
202653
174311
166000
212895
183957
196423
222033
191452
204715
216484
164738
213390
217649
170854
225054
167657
165879
207491
191047
207833
216308
182889
225613
178671
209100
172798
187736
197937
207287
167840
204084
195084
174395
199585
184783
187310
215882
164986
210772
159058
219591
189893
188417
195813
162338
178073
182974
186416
175412
165506
189882
182967
207157
209962
207844
183881
182342
188600
183377
205910
198787
219352
209208
208274
220130
170093
179037
226050
181392
162201
224698
184049
220829
206508
188220
223523
209394
160346
188279
179805
174287
197470
201165
183953
164978
202603
209265
210468
212741
171636
218370
177660
212220
220486
225848
223688
187183
224697
181557
223598
183253
177228
193767
183209
168804
220900
184181
210123
169001
207966
161839
216057
178895
171070
183960
175419
205668
213337
173065
190202
193436
166952
203758
210139
196053
216492
216848
197500
207732
223752
168417
186723
160455
164191
189868
215969
221025
182702
162861
200999
170949
226840
183630
192245
202114
215375
170105
214648
203809
198575
225025
200920
208003
170725
165867
188781
177589
184112
191190
162021
187222
194042
224705
191311
170108
196985
168510
204393
210960
177082
210757
171864
200893
165535
166971
160096
163690
177244
164041
219975
209285
159147
170236
214826
174336
160763
220668
197811
217892
223111
168619
217112
165619
189339
167875
171186
182255
204041
165515
171096
196175
183382
214818
188033
199974
159493
181432
210684
159089
180897
167339
197053
177572
198023
169000
201051
191167
196990
170414
185180
212047
202567
204383
195516
220039
188216
162923
207319
207375
189508
161721
213394
190563
197453
174823
225014
223875
187952
207648
188052
212072
178862
184114
213381
187053
190150
217264
174788
167677
188060
205683
184728
210569
186888
184723
204445
191277
168774
162164
225490
207035
198863
165004
161046
205418
179144
187269
216477
197508
170797
164791
162658
166663
212046
181838
195533
186916
159337
226861
223280
208860
179332
210207
207949
189207
203448
208105
184008
185533
186202
214358
189248
162521
176675
161520
175200
222017
179362
200663
187264
184024
163932
217981
189529
210130
204741
170419
218718
223125
175197
206638
161617
178128
169105
196442
222924
190581
164426
162209
215300
181038
170363
219980
218049
206116
161738
197448
220544
171105
171385
206391
184711
190124
174211
178295
196477
217657
197016
202692
200394
223282
206728
165610
210518
169192
223792
169013
194511
210071
162888
181422
206926
224257
209610
203994
202776
162177
194475
165145
207571
198847
177156
164293
160467
190216
172284
215447
183938
163207
209880
170260
172110
204396
190157
189395
162191
164690
204384
161447
167821
162652
217759
172173
182810
165400
190307
165753
204099
197558
197419
164486
209966
164946
204421
214992
159370
189844
215278
226031
216099
189847
164747
219311
196961
183265
202808
207411
223167
213415
179284
165373
170268
162849
197200
176078
164453
217642
203964
181672
202818
205644
176764
200545
162213
160512
164420
226163
217138
217518
183465
201593
219230
196000
188285
209799
219371
160158
203783
171407
175641
168555
204255
179238
171146
183260
190368
209802
191720
198025
182585
191239
200012
168863
193151
184870
224337
211076
183942
223683
168414
193919
188739
219197
164360
171662
159939
226317
193856
219671
171162
190570
224211
171413
171246
202950
176817
193387
190433
167112
182861
201159
225402
181039
211470
159977
171388
202271
190953
198176
167109
186389
226694
184242
222562
203641
166373
177624
224194
202411
224217
219650
164469
188622
224182
167957
176212
217252
224061
165449
225909
190236
181494
215792
184251
165440
165007
184705
186089
216695
225279
190054
204876
200725
184241
222474
226474
199830
181848
226442
224665
199556
180979
222099
171068
165313
198195
208350
184215
178263
168812
226127
188552
173446
175940
211401
212560
210048
197151
167547
188981
202929
190452
172397
223258
187768
190434
205641
170786
167629
224193
181219
186158
223069
185854
172781
189399
224206
188072
164763
195267
167002
181094
208853
190476
177672
202099
187808
180459
202213
171586
193272
175814
221062
172469
224294
168288
210193
177712
215943
171260
187088
209433
222601
159880
170476
208471
214754
163534
171886
180049
197797
221242
180565
170985
224363
199327
187086
195704
180876
164881
173007
164836
189695
207787
170546
218331
207152
179626
166186
224902
160993
172477
170075
170070
210198
159965
170543
209577
182412
189471
225835
205370
182819
172495
164963
222663
192027
166251
174011
170527
214747
192187
180870
169322
194931
216600
169316
223853
218721
187153
181983
194425
166404
188611
167091
224346
213387
220854
181801
170052
166699
202545
189974
164829
179704
166342
219146
198669
180143
221940
197173
209014
203679
171558
207160
176781
187699
206895
222656
205636
166398
166267
179900
189913
190285
185885
202233
210707
159856
212000
175885
207156
175924
217509
161822
163544
166341
175811
190282
169333
159923
161150
223854
170092
160833
185558
179880
199728
215196
170265
182196
190214
159325
170550
222064
215057
191024
195389
203320
199779
194777
188026
189058
191019
189812
170817
189532
179937
187994
166272
193986
193932
164458
221460
213938
199202
194353
197163
207799
174857
169341
171533
188025
178052
198044
187982
165998
183481
171054
197956
202227
169466
209571
189703
163647
160466
196116
193937
206517
184745
189818
215940
207804
172445
192165
183031
199521
188935
173625
183579
192482
161637
204603
209763
173651
226853
203981
202795
221410
208826
207535
201194
171568
215786
220675
167586
200520
220461
183878
221430
225180
166002
203705
210830
177354
206454
209025
175687
206180
167898
195801
161059
178455
188932
172005
161071
190001
207331
174234
221723
198968
219085
192363
189704
167261
161636
206317
168441
183345
177272
165092
186314
164651
217697
225650
199908
169904
200776
203336
189121
203130
200054
180732
213782
203301
166608
193363
213921
197715
189993
196457
166354
204269
163960
163788
186858
173062
220276
203061
203264
207707
199896
200037
214477
196295
172885
191835
206658
197085
176956
204139
186268
193278
209901
182739
197017
217615
168520
216825
203370
193326
186505
203090
206700
220404
166623
200049
207689
173909
186589
199911
166080
217389
164012
166627
170267
175990
166320
207681
202340
186056
209009
209897
187984
173105
206669
167222
189109
199463
197063
196196
225496
214266
174286
167478
217379
164145
192166
223635
186454
214529
186312
164025
182830
199921
214498
220394
215103
186594
170670
193310
214298
191884
160050
189283
176867
160746
160751
162614
189107
172881
163958
179825
185909
225661
222493
166620
225146
166652
200052
217409
182570
207724
160015
173913
217147
214528
189124
200734
186579
170081
180722
220952
206652
170619
215089
164023
204138
207095
164094
189116
200108
209905
167969
169435
164823
217505
220631
160051
213045
173112
203054
160174
180074
189129
180578
170664
197025
220003
169943
173099
174071
196822
202216
176861
164643
206696
206685
200070
197022
187030
196911
160045
206972
193307
193372
209584
182807
202525
173145
164622
210063
190096
169891
172897
193473
173981
185886
225975
204125
210610
207685
204115
217605
169741
217540
196882
206944
195590
202341
214303
197685
207997
186284
189089
199903
203276
217390
203376
166329
193347
210613
164493
206692
170666
215097
181984
174540
214518
207213
221077
214415
206681
186575
197179
177145
180725
204290
203015
169806
196809
182566
203317
195307
186281
189079
196831
217595
188099
218872
192253
209886
160010
166624
166614
221054
214472
206667
167443
189820
203052
217371
206665
189224
182841
217593
222350
193349
189353
187013
200068
214669
219216
186976
200069
164531
169717
166916
221796
204147
215102
163464
193331
206981
204816
196937
196848
206701
167499
203298
218378
169724
168845
221046
180989
197719
206682
206974
204189
166816
203358
204281
207609
203334
221042
160042
200081
182798
219851
197055
189136
160739
179781
184041
214274
170673
197991
193357
217320
185910
203364
207682
206699
189290
224945
172882
167479
185627
197759
186576
225651
180323
200737
186299
174226
224916
215087
210640
215090
163403
199916
203362
209888
186586
217594
217401
204298
204851
217599
183792
160019
164654
216784
206054
173064
217486
169740
196165
168849
209907
180915
181054
203333
193301
160745
218272
172905
214523
200088
206958
173914
187870
189256
188668
196846
194379
163601
223671
196861
193303
182214
203363
200044
191833
169702
189123
182884
217564
182795
164818
176870
207695
170333
207721
217166
170671
182811
185905
199989
222127
204207
220986
181556
172275
174253
204135
184001
173114
193332
208717
178382
163435
169704
161827
221383
169892
182872
204289
217376
199912
166918
164675
173075
222803
218110
160054
182775
206980
217663
214416
189080
204274
213955
201145
214284
209892
203326
160181
173097
167133
180731
160792
206964
193221
193250
160049
200736
225652
200306
225152
163351
203374
174827
183793
216713
219492
175849
202360
219782
214292
194373
169726
207577
203039
167697
220021
200106
196849
203357
189108
170310
186414
189978
163979
203373
200072
176875
226362
200770
207595
193370
216783
181185
178111
169900
196851
193546
174062
222692
164644
213884
176035
187003
225150
186500
169374
186588
225663
199539
169840
183783
166811
194037
179698
226106
217628
205461
161803
176885
186292
173060
210625
212807
196820
164789
210065
220421
204124
195338
160748
193371
225662
169780
199899
162902
197721
189346
222678
217601
176882
163831
175879
173916
220680
200101
167361
171084
214379
182562
218233
208182
200023
193410
215039
202757
201573
222545
206677
175982
168775
217372
202510
164805
219744
217388
203359
177153
203365
166625
210038
166814
170668
186977
193998
160758
206960
167707
217377
167152
195905
197042
184307
186611
206982
193355
196979
218210
225865
182561
204074
210622
161628
203274
217382
189072
224134
196321
160755
169703
186307
186543
207364
200761
196475
220188
219917
172894
207676
173137
169869
214291
214302
167480
215099
173930
167720
172916
221313
200766
182808
173061
225637
203079
195248
210615
215098
210612
200765
180381
173759
182558
206628
163994
173136
173966
200780
169745
170675
193312
183032
177555
222703
173078
183650
160744
160750
200758
200603
204284
163990
197635
193348
199900
196832
204120
187018
215383
219769
180730
186404
221045
206942
176872
191822
169719
218917
171085
193368
189357
215065
160038
220899
186775
169925
205920
187663
199990
174067
214293
193351
203072
173264
173910
174310
169929
176958
197045
169530
207680
220197
177168
186491
204163
207332
213243
197058
191760
169874
203666
163786
202297
182882
164570
164274
180871
168172
212478
183791
202107
203531
189114
173984
214299
186310
217604
210876
210623
217397
166600
182749
214422
186580
220309
169868
166584
171623
225831
182266
214723
225540
215297
182737
207508
163791
209620
214387
186195
186300
196891
206679
199183
190029
190026
220329
182779
184469
172873
172864
217581
207325
168810
207678
201969
196867
203069
200082
199889
196824
204257
205344
166612
215104
187007
202564
189103
160740
200047
169785
200775
203303
166826
193365
163796
160056
173845
193948
172915
180729
167301
199910
210067
224877
214398
177738
219824
217597
199906
189264
189364
214482
204286
162235
193356
169432
210049
225694
182569
217592
205677
169443
206432
201709
169770
176964
186481
180728
160044
197709
173113
167022
166810
186978
221453
210627
182787
160756
197061
164673
171920
220464
176992
169921
216239
205656
169773
203086
225659
210618
190094
203084
196182
197720
199917
206965
172911
166573
189193
172901
160027
204128
166762
199887
197043
169657
160173
166830
217580
216746
173116
214290
213829
207620
217392
169712
211864
199510
206713
161057
199191
166837
169735
176969
197020
163502
169815
200092
178122
210068
207062
196108
166761
193944
159011
173110
214431
194898
173957
189144
188683
218260
203367
193334
188393
169863
196835
197753
172906
203322
163254
177172
214405
203356
159713
209910
160783
173123
206080
200732
199082
160055
196997
213263
206248
189329
186661
186587
177271
172431
204258
166197
218234
207716
209890
208230
204271
169784
206388
206712
161556
173965
173068
167050
170224
173585
167701
223056
160905
193514
164840
214001
194458
193597
220778
224966
177705
209664
173059
212050
209542
167428
197908
222867
214041
193496
167794
192573
180662
177212
164837
167793
209024
224041
202556
185292
196138
167700
193613
164532
178498
160372
175017
219789
202854
185965
193928
203633
162316
194097
191532
174571
176176
177210
197379
213999
224064
205210
164705
174850
214049
164868
210969
203491
167795
224020
179964
202366
205375
202560
192441
214748
199706
200270
212924
202574
190114
216144
223963
186173
200396
180665
188875
222116
220133
181618
180715
174801
181486
169486
185979
212988
201115
194455
167953
204677
186656
198685
162465
212981
225370
179952
195115
226200
176001
212365
179994
181805
185858
165944
214951
197525
223033
216992
216000
166484
204513
213049
223992
192118
195282
215983
226186
188851
212923
214097
210921
220115
194050
215262
187763
188834
174803
198569
222381
207110
181646
182333
208207
199835
226720
169454
193698
209797
187772
186267
169499
193738
166925
222839
202905
204103
202907
210879
199642
187066
208145
196999
204358
215129
171190
220497
173347
217506
167693
179940
222615
203440
195546
171416
161404
174374
175947
166351
225347
195490
166431
180033
188536
177884
181612
196732
212959
202906
196378
213875
170085
182185
198132
171635
201172
214082
181508
209399
211547
182014
194753
199956
213262
180178
202934
183955
184671
189449
178884
219870
217025
170886
167582
177897
179932
204557
218193
209635
214179
215879
217911
216705
162251
218761
191514
190072
195614
219800
208867
212391
226926
204770
187856
200161
207908
198783
214229
213765
183765
173150
215930
209833
195116
189046
206551
188542
219172
218956
225377
198771
218727
206062
172475
220581
218918
160241
174493
214751
225315
184540
168279
203205
211039
193258
212875
171216
199662
190453
169456
207772
224101
187134
195365
180230
174220
160325
171231
190477
182991
162000
175893
207084
212848
210785
183845
221298
181461
205190
211990
172546
189964
206449
212927
218227
209037
209810
176838
224031
204295
223921
178597
211866
198089
204073
215167
225932
186077
223946
215591
174121
164120
190103
212948
188907
207611
208244
194478
204555
205441
183998
163599
226495
212385
212921
215486
195938
199520
204079
194899
224016
216131
224416
182382
199822
208250
178578
219133
205427
161884
190494
226817
178460
199776
208992
193890
215181
188566
213945
173355
220457
225090
185852
189213
204205
216001
192175
190113
180506
176092
161468
214587
224125
209813
208017
180430
173265
219484
173048
164604
196606
218724
213040
172596
162244
200664
198739
218874
220449
179883
162234
212377
187089
223681
218498
166513
180455
181873
210692
202085
215343
194928
203834
192397
214662
224780
172639
201167
212341
166001
189510
187987
219989
180083
186667
213256
198806
197209
177854
163606
224370
207626
164586
172547
201606
209786
226773
161775
174901
199796
212350
190099
195272
199767
165197
215491
217157
184670
209701
214558
202620
160286
201176
209822
165945
200694
191533
180626
186669
214553
210698
206017
218433
199075
226922
182522
172548
198629
175786
209808
169701
177246
172718
161596
169377
187642
180214
215829
212420
203480
175001
192379
172527
186106
209636
206346
173875
215993
219175
174878
168395
209022
212338
208023
202214
177353
161780
208259
180441
207321
163409
215556
194456
166491
198785
218215
222828
186687
213598
191264
225942
163320
206489
195941
212922
218758
161615
204548
195694
215489
215520
216242
165996
178657
203711
177873
183373
190061
184239
165220
226754
199550
212302
214417
204296
202490
178524
209858
178479
180467
162245
223095
224010
198683
213890
215505
195124
203677
186178
174968
187683
198962
178415
212359
202183
226435
205173
173998
204754
224357
204530
187084
205426
172609
206528
194138
192943
173197
163301
200231
213949
182206
212308
222861
162481
214137
191717
183747
217499
172638
163683
205416
160986
199650
182161
179958
209458
207280
188887
166333
203675
182388
196285
173205
215324
222777
203502
206552
190355
166362
204060
222356
215504
201565
224413
198040
194705
184847
186052
165941
192404
183775
226154
217052
224414
196747
186967
184294
175178
180360
198986
186564
195242
223315
177231
213261
205213
213862
215620
161073
223994
213014
215967
219170
214143
184812
166443
187774
169467
201224
215043
207182
217071
211847
188896
190387
178481
178618
215713
215602
219174
187423
199189
212918
182512
213992
187636
188958
215340
222389
208639
164599
210875
180674
205412
162556
164596
162466
204160
208835
203607
162482
180593
183675
212021
210160
180956
167669
170867
180913
161189
213135
214537
188093
204377
204464
210696
213170
182929
173249
214924
210771
187838
189575
204419
219081
212534
204030
213251
194930
180478
178123
167665
189531
203518
213165
200684
200844
203991
207877
210899
180824
186749
180416
219134
177190
199292
160863
175638
181637
164968
168396
212489
221399
223185
193756
167583
197534
213134
203479
213131
181987
174207
180480
184682
168366
201730
221123
215160
197955
197834
218442
191879
183020
215208
218403
210326
214668
209109
194134
215276
164967
168390
210828
220424
166920
183729
213666
167576
167327
210770
221134
170019
200203
226477
203963
197229
217700
184851
223757
195313
177582
213189
207049
221337
194972
212507
212512
181978
173790
213119
218454
204547
167404
221988
189465
223070
213157
183635
210904
215142
213136
188484
197615
197141
212725
162186
204539
222067
160668
167654
194927
221253
187100
194006
226476
203474
177074
161598
210310
197868
199291
170960
210780
201758
180836
210877
174142
195075
169983
223126
221275
164032
203466
215002
180852
184073
212590
202046
194399
218422
212053
203688
203553
207810
180907
177171
177152
211987
189571
200889
180421
197930
180568
162606
179617
207131
184046
207872
167610
221131
210881
207142
170828
170078
164804
173246
178291
204572
207004
220684
210190
170018
212530
214614
183721
203393
189561
167590
189474
184865
224308
224354
170859
194929
190186
166853
213106
185595
225253
212602
172209
188054
225304
188459
210629
213109
217756
190245
200276
190211
200163
213146
221198
174980
212747
167733
191804
175623
178147
225743
225780
210779
210798
220541
215245
213117
207113
215227
203561
177303
178876
225936
223751
194477
177606
204505
182893
213254
223582
225826
221248
200959
210340
197893
183898
216030
212493
188091
225718
162022
212508
224340
183711
214621
203665
161774
167431
197533
212012
177639
183034
213133
213252
178292
160240
219405
223577
209083
212497
207585
220496
220485
220472
203430
180970
210893
200933
214590
197371
220502
194464
181622
214911
221350
200118
175018
215009
181981
206998
218459
216128
223433
190251
168379
193915
182958
220683
207077
213253
226455
221197
212754
216101
180396
210102
212524
207988
214615
174272
203919
171006
170852
207003
197104
172161
189494
164757
186755
207031
215190
217693
221168
207098
206874
214563
190118
213155
210952
213164
213250
180449
168483
170889
200998
170958
173444
181124
194480
188032
207057
180567
210319
210222
210950
216104
195514
189794
217665
177037
210540
210797
171614
215326
189418
210854
207560
187886
210734
182995
195913
170095
190074
201260
210809
197169
214627
217667
212070
162605
216119
205365
166904
183730
204566
207843
220448
168439
170849
183923
212517
203444
213159
214567
160992
164741
188063
217741
221294
220498
226780
212509
210100
197818
222925
204026
216135
210759
183023
170272
217644
223587
164758
177586
212048
223062
215402
182984
213178
210526
210857
188092
165279
173159
223455
167752
225752
165247
213175
210513
182277
223802
197186
221323
194017
226839
165312
197148
216071
204531
212498
214575
194921
207138
216052
218470
198037
177106
193957
180394
214636
180854
214611
159967
182270
225724
218484
201759
197366
214976
213179
215248
200898
197564
207076
215203
225238
215299
213699
187116
209045
170986
184062
213128
215191
161620
207059
221140
167147
188055
213686
186681
207033
206995
210808
204408
174109
215154
225254
210712
182971
170874
181514
213132
170838
211994
222920
225923
171871
189570
213639
169958
201718
212591
218100
215294
223632
170251
170956
195816
223686
184029
204451
189482
210807
219162
200944
223449
215252
213184
189420
200860
181699
197559
183046
217686
214654
170248
187123
203462
186699
223685
197563
213138
164224
217668
197824
166059
193824
216051
197124
173588
170806
197129
212516
189454
226866
212027
210089
174108
194619
181633
189470
183637
207173
178910
215222
216075
217691
203528
208986
197288
178571
211976
171383
226403
182267
210253
189659
180835
200584
189887
193798
222120
218665
200615
196042
176180
188231
184702
167809
222257
171525
199207
192196
193062
182486
179299
167373
209746
226090
192210
192824
176120
212583
173399
223950
172567
205338
177410
203589
216009
172566
192446
214844
213906
206562
225016
194965
204233
164212
196149
171223
197794
201532
198922
194955
223464
200706
183754
218883
204467
192129
190383
221563
214004
172310
189651
201672
205357
167407
223043
164163
215358
162026
205391
182230
171542
203650
207576
215048
165683
188252
177405
226210
185572
220018
213860
176158
178584
211044
177201
179959
170520
167074
220614
163497
206197
171789
222996
204668
169395
226358
197143
190436
226454
225547
169458
205373
183524
190135
197666
216187
219096
208168
181559
184736
218254
183359
200369
222593
164620
209572
180709
167917
222531
166153
209846
202952
173223
216612
176617
190455
222560
204781
221139
176233
208774
172593
174817
196329
172123
207914
177442
203578
187630
164999
217149
222328
208806
191097
216609
163157
215270
166917
166544
169996
170928
221585
182177
199066
177574
197338
222015
224129
208758
165249
189845
170192
164638
187097
165232
206331
163701
177382
225792
164522
219840
174862
169016
221917
217632
224953
196739
177564
181102
225495
226337
194377
177608
202977
211357
218073
210973
203509
217008
217872
160291
190970
170984
191096
199685
167032
172117
176165
174931
185231
175094
200569
185982
184127
201004
225006
208040
216613
179906
189019
224277
213871
160703
215304
180591
187246
204868
205372
214734
167671
184265
207505
201699
174782
184638
185598
170989
219894
168043
220591
206403
202462
164204
199413
169020
217927
172234
183453
174867
226020
180840
176611
187322
207796
215257
188717
170022
161519
220931
225397
213908
225436
217084
219125
198128
224959
181577
210304
160275
215936
195792
225112
197336
217880
180046
204795
189928
194298
189833
201746
188445
202423
183876
182918
222570
170587
194403
171189
185998
199868
206099
169476
170860
171362
207542
192267
186163
161184
163471
186970
191843
186122
184562
196282
174504
214240
225974
218337
165070
190391
219063
180556
164920
187700
174953
169512
215380
169362
208167
202550
192274
185906
200261
208187
159805
188621
209441
203978
168377
170485
198175
217319
182346
169392
207789
170143
209546
185973
215058
168000
196229
191848
223684
183948
188881
196257
163098
207859
174146
185638
186103
226171
190389
204810
204461
200660
210303
209019
167118
199862
223255
221489
169468
223348
225305
201001
218348
225555
187739
199582
184730
225813
196974
203825
184196
204886
175592
169390
206452
209040
216970
189945
192877
180488
196301
219825
201953
196905
169388
193953
174214
160661
183677
203908
175580
194060
172373
200360
196607
225489
208788
171958
187925
225280
208770
197808
185576
220644
214942
185940
182268
197675
201086
161206
200865
193991
225154
180685
184703
216907
187691
204820
221192
181361
221981
161507
198173
161115
187880
223360
184504
211891
177610
221867
192176
222407
180008
174315
212009
215051
168385
189598
225534
177450
213592
224236
224633
188897
165211
160319
200837
226453
165140
197865
224316
167754
203961
181410
182179
222660
199534
198692
167353
174941
191991
174917
203687
226428
217848
199209
217827
224178
181397
179573
224919
224279
208745
186914
177824
186045
185933
206295
216861
161328
207101
219000
167901
200222
172321
163523
211988
183963
214659
171465
219101
211792
181812
222026
223190
212579
174268
198730
198694
210435
165250
203520
169661
190168
196251
188693
182358
172120
223373
217344
215182
189938
180705
199511
186084
168264
210546
207880
177219
174896
200274
211067
220890
208098
198733
182986
165210
163424
225997
203617
185201
192319
172087
186703
179890
213988
171519
218652
204564
163124
169478
218651
224885
220851
180596
182168
173624
191962
217720
207038
219275
168401
161430
223547
194189
222915
179901
203657
224353
163489
188760
164256
202061
192026
194071
210789
212033
210935
190935
186423
186087
171562
182248
198127
205193
184625
218916
211489
222717
170006
193945
217046
184566
217159
199801
214089
195700
189191
226116
204495
209815
206453
172485
197190
215855
225434
218453
167366
160940
184631
182186
200334
195796
171484
175979
199712
221080
225493
202439
207888
203044
207233
206169
196109
170506
175948
180625
174274
187759
161127
187899
206362
171810
196152
207575
197809
224923
203696
166331
209881
199420
201729
180192
222659
226088
169370
216899
160643
174202
210979
218430
196201
164473
216408
212425
189030
159870
214909
216073
171616
199565
161502
194374
174144
187492
173408
203575
164515
201182
185826
208090
188114
170511
191078
191876
201560
205198
193190
223260
177401
223040
210238
197907
164067
190825
158970
164585
186559
163460
187926
172424
165630
219958
193213
159961
186073
181474
180806
213611
222008
202320
173905
223590
161126
223589
204502
220547
168344
222665
203619
178583
217740
163700
200585
180903
175379
213762
208169
222329
197608
174918
218304
201187
215255
203652
182181
200717
216890
195990
186859
162003
208818
173827
195582
188593
181076
180486
170186
196211
226445
223534
192127
187918
202937
184246
217875
213805
217010
165116
197292
218606
185877
218451
187049
160717
179935
189969
187822
165462
194323
219832
222123
209138
165284
197312
199711
210224
224991
181483
196292
211092
169022
167453
170979
171156
169513
202473
167230
183131
198248
186689
161003
190153
213928
188236
173348
215484
168353
191030
223669
202135
198192
219845
185974
207861
172758
186724
185930
208201
202002
174163
225390
223623
223843
204624
166258
211072
209734
215549
215148
165262
193228
221181
173405
218948
174898
169352
182208
181443
159466
217867
171154
178372
201175
174161
188579
220756
163900
180689
210275
171195
169509
203918
166121
204072
200913
183141
177339
194140
219016
192022
190435
218642
226427
174101
167096
189445
198556
168145
200936
214799
164910
180044
197162
163605
200219
217794
220646
162009
201216
180040
182244
173358
169447
223621
189952
222846
181348
186856
186076
219968
159860
197248
172430
194190
220696
209476
167579
172119
186813
207186
185978
177566
176827
160645
197298
188251
187396
225245
173764
189671
187901
163698
217298
215157
164812
221571
159218
159824
198640
185541
200902
216968
190257
183657
187126
177173
187323
182466
159855
180537
225320
221017
175066
163102
174747
183703
172590
165275
223640
191038
214700
163741
198687
225770
167771
164722
184560
198421
174851
164245
165273
180908
192139
200317
181081
208205
220154
164794
182360
175845
205595
207099
217026
188395
169412
215032
197339
216029
220594
164751
177117
197787
163395
186935
201656
190986
166064
191805
191088
177447
211981
204943
215580
161085
199674
207610
226499
220552
224869
190956
167640
206307
175668
186053
203624
181510
203921
189488
219141
163434
211955
170121
160604
197846
175571
226326
183996
208165
210536
174106
196056
218951
170214
175799
218212
180440
160674
220004
198653
206254
198155
169394
175752
164211
158996
167903
220651
187869
191485
159742
212031
210826
196212
200210
203628
209820
219048
180070
197189
222640
219963
158971
171990
163576
213223
204080
181528
200583
194045
224368
210177
205487
181450
160844
203638
189842
218105
214436
164807
174965
222668
217863
168221
209400
175202
218142
218579
199716
177415
197341
180189
170811
182335
199519
223696
182376
168803
218291
187703
186426
214380
210587
176217
199331
204273
179191
210655
209984
220303
159157
217831
219991
202081
186177
178102
182625
174546
224296
191518
225655
165383
173968
224143
209096
160830
178410
206664
169782
204294
180276
225683
186365
193906
196294
207615
171080
188904
167491
204174
182303
163864
190215
167967
165512
209898
187022
204249
209999
225176
186473
173049
200320
186290
182761
166724
160109
172578
164926
187402
180244
166778
193687
180362
181402
209152
204716
206035
225023
163822
166330
183905
179427
200050
189167
163919
206939
220306
180289
178026
202239
221568
180328
163587
207232
180515
175610
206446
197014
220332
178077
186366
190250
225721
220310
177977
209704
189287
170823
180001
188930
202865
172170
171061
169794
203598
169692
196577
176583
176899
169490
199412
187357
185671
164711
173031
201012
161142
193404
204145
166768
207638
209968
187006
202054
159894
163155
206803
201282
186552
174526
169674
169484
191964
212879
167569
164990
200353
202740
186551
182553
225371
209153
173973
210647
170168
204177
225682
193561
191828
160202
197706
185751
175034
198541
184226
206026
208193
207785
180367
206910
200112
225500
198150
166681
173087
179766
225678
180195
182580
169605
214396
186391
224921
203124
200298
172247
196547
180374
172181
207246
163903
200111
204183
182746
217469
208311
218256
205202
186721
225164
208088
195968
159467
160179
159548
158994
166829
206113
182751
208189
193783
165022
223497
178255
218261
197175
164209
169399
181005
206962
200376
192262
181393
169522
165093
186787
201081
201080
169791
221858
214342
210004
213744
174205
225160
189230
208106
200058
172270
177453
188721
207753
188889
207947
180272
163882
222486
186785
206119
176939
164039
188829
218870
224677
207090
171067
190401
197029
160120
166809
175754
166716
225173
201291
199374
186538
223462
160123
182314
197074
163535
200065
197773
182715
221642
198261
188858
220528
206961
171082
186017
223011
217533
199749
165976
184503
192249
171255
166597
206746
185656
173034
188547
217366
192326
205153
220068
214389
159186
159946
173975
210070
194803
182832
206051
173003
217811
187252
217468
197297
182813
225189
196853
182605
185741
204000
163812
196272
183790
162344
201676
181952
198902
209154
191682
163131
206759
222866
186857
180310
180321
163842
166326
196972
225587
204691
163890
193565
185740
220941
166825
189632
197704
208248
186421
190402
200333
189903
159601
206662
212462
220317
160121
186302
165853
225172
206809
163818
207262
211095
178047
167864
182595
192260
186323
222300
209233
191003
182367
163707
200842
185675
183122
206683
217527
203345
173928
189219
189650
220585
214426
209065
202526
166754
165918
190087
189073
207248
192463
187120
225375
166677
186460
224019
221657
209811
190409
184362
211027
164648
224727
170606
220988
161407
209937
193451
223170
216708
208269
170667
226416
163843
225364
181011
200841
214352
217568
222998
176927
182654
204839
226879
203185
176898
217530
218621
226032
191773
181120
220247
163966
211070
220333
180291
206691
163144
193407
176191
178450
223644
182760
193620
178714
163710
197538
216691
182755
192270
221597
180745
164241
186816
213419
197035
183787
166747
204840
206810
201241
224730
166570
166409
196277
197296
218153
224792
189187
163844
222850
204363
180749
222248
169847
189158
204440
214348
169849
166693
183096
198588
226109
167084
203214
178094
217876
188824
195844
203145
197245
169720
184790
211087
169072
166951
203103
214672
163215
217306
186475
210551
163150
223459
182005
202059
180319
167850
195855
206198
202940
205313
181015
189189
216706
216734
204264
169865
162857
207710
173083
193527
221623
185351
163981
169155
198584
193519
211084
193551
214378
203627
174412
214338
195904
182315
170135
163867
196837
221658
195856
213682
216833
198809
163892
203599
203138
222716
187443
214403
167492
187119
177096
206753
215373
193621
217475
175527
217460
225187
186471
214462
194054
196857
191963
177425
167429
186472
207731
163891
168185
201661
218128
210250
193429
160267
182032
166725
173051
163217
206045
180140
163210
210856
206758
219643
185672
215109
196309
169064
200357
165820
191754
183818
196992
170914
160764
217378
186289
176296
170791
216800
174397
180573
188462
176968
206976
197705
217578
225109
197784
203269
216063
223770
215523
186279
169817
173095
215207
200787
223350
186511
204260
169152
177064
189074
193587
177446
226158
195249
186326
222779
160070
187328
191785
163459
192588
204027
202511
196929
217408
226462
186571
169153
164026
203377
226904
181877
217537
180736
225157
174059
189221
182733
209978
204263
196325
166732
190170
180080
197082
205121
199255
182850
173967
173160
170179
177953
180258
199336
162392
183806
221847
160100
202139
225681
208655
173974
183064
204744
173296
215290
196956
167860
186996
180331
173146
161991
197282
182377
180306
224056
195865
176104
185742
203142
190205
189578
167571
226139
203344
159178
196946
163853
193412
174741
196960
209896
193622
184031
204262
182050
180349
179683
168523
179733
207703
189262
213225
186322
212869
209899
214204
193604
188607
197244
187362
160140
181938
160308
224649
206022
223965
226286
168631
160134
210228
222988
181398
199666
180389
166580
170166
219819
181914
197068
191863
216650
203386
222918
222298
161313
207052
201163
218688
190422
204798
193956
163657
168532
206121
220607
198109
197328
214381
159535
204832
215604
196975
217810
167970
217307
195954
169915
212588
215634
223876
193003
225887
182641
203223
170167
208299
220325
206504
181176
193322
163603
177294
199688
200355
210025
166735
180017
215431
217261
195972
193306
180574
176966
183786
189276
178099
193790
193427
224177
208249
209090
166310
186545
182361
197000
169075
180273
196898
211483
198213
174053
180816
194703
166582
220372
169844
201094
199858
171200
189293
197049
190086
225100
200041
187599
196306
176103
217523
166638
185647
223486
181945
178557
181217
204137
169158
217453
163901
224180
203653
186379
180014
206029
166345
205592
213679
203324
173849
186944
200030
167477
203384
200091
193081
176014
186208
163912
209882
209740
217452
210646
225696
175480
225446
159489
164800
200006
178009
179693
193479
186609
159597
217114
216417
193594
178040
160340
189652
160112
168325
176965
182434
204240
163923
218155
180390
189630
169066
215962
175725
188741
198194
210060
169830
166771
196887
176897
195864
225142
204254
218527
207210
188960
176946
214728
160007
188844
220621
195940
209072
215092
199936
189324
163880
223292
196895
224037
200362
182615
181493
165201
214019
169221
176914
193327
196698
173063
160774
171781
180378
180300
221951
188944
214914
225598
186407
163761
204216
223253
196980
208254
218108
198149
220881
198205
173376
172933
202219
217507
214367
162390
220523
210153
180304
225599
198229
187381
221969
179686
216673
190235
216651
195216
167623
175538
223197
223163
204243
203058
223665
193552
199937
166834
166566
186527
214407
193683
166698
201566
170655
178042
163874
169835
158995
197601
186371
215521
206065
188266
178070
160085
182336
200769
203141
180513
203219
215026
180735
213775
200346
206687
163821
194025
196973
166300
186836
178028
214065
166788
163777
204805
182672
192445
159643
219935
204265
197817
188895
160088
204661
201631
188464
212891
187621
172169
217565
220418
217428
163553
204891
160156
196932
215125
204011
210202
190132
164649
168193
182318
159524
213659
180037
176018
166648
210714
205248
164992
195858
222719
163780
195891
217847
213685
199249
172183
197077
186515
216831
207950
178087
172168
204239
169828
178718
219573
217143
219944
215091
221496
193462
183673
205188
165241
204579
215557
182086
211889
206799
208173
188914
175544
203299
208359
199932
179219
165916
181127
200767
163578
214111
198975
180063
224771
221994
196917
169682
193493
171863
175176
171187
186411
179697
214524
166558
226816
169755
173344
173986
186444
225577
193895
186786
159675
214448
162684
178083
180312
182347
163562
221043
190269
178156
176961
194811
174910
220225
181861
193644
214260
194947
190394
192965
189171
210637
206163
190025
225183
160203
224769
214733
214357
212550
205324
225644
201696
186339
188478
210018
214355
203042
174572
184214
206831
199926
215531
182645
172246
178441
189289
206456
177976
182581
192433
191364
174031
180383
169843
170530
191753
164676
158978
189884
159904
165096
167086
179699
199954
161194
160111
180737
191955
223442
207221
204175
190165
197923
208218
218257
220353
178024
219622
206182
203319
161021
182540
178158
166657
203288
197986
226177
185779
162389
185607
165847
203290
209983
181513
206872
167079
204247
163877
164700
169063
203312
220304
159726
163213
176183
206420
220230
176884
167075
182655
217458
173126
174725
193478
170672
209923
222809
205103
179210
187008
161023
221258
172962
200053
210635
169464
188499
161992
185734
214263
184224
225684
211859
192322
177002
208232
203174
207582
174083
163827
210035
187662
211342
225693
222999
207245
225328
164681
198161
160180
203327
163881
195240
224646
203018
186325
172130
176052
180741
219648
207723
183807
217616
225178
210050
218258
219559
217535
173076
193304
158992
169836
178435
167999
189623
204473
189310
199403
183597
165164
165345
167092
173299
217555
197659
219213
193481
216875
199497
167051
193471
181439
180372
182756
191956
166603
209142
202076
213687
203966
200007
218854
221775
197060
203308
167501
204176
223939
217526
198121
177159
199274
204864
189658
178504
217137
160320
220177
201082
193468
182125
221279
196987
166685
186346
160900
188830
174265
214714
169758
200897
173971
222608
172808
218273
193325
194710
160143
191744
198156
223000
217524
199904
164993
223986
206935
183123
213655
221635
205096
169718
207704
196934
160178
186489
182817
217167
169852
161137
207166
202101
173101
225666
171215
174916
200087
219547
206977
186826
173964
160193
203257
173291
184113
176186
197718
187002
204179
180004
167026
214363
159842
225161
199828
200109
169161
207064
209976
217418
174758
219945
169160
169985
215295
185745
221231
173978
191819
204463
193453
186100
183819
189229
216864
178082
193904
223929
226159
169882
178177
205183
189273
185743
187004
186887
206392
198226
222930
219642
195937
214144
167950
223975
174185
159538
204228
179689
190194
200099
175541
183921
196836
217566
202562
186055
159602
178034
194801
193486
203658
213245
177063
210244
176911
160152
184278
208281
225167
206291
201970
225357
198072
198199
181012
189596
208652
192362
190413
196803
191676
217367
223007
166812
198965
225329
163174
160623
163982
213770
160767
163715
203378
180746
206836
206706
160024
164168
163226
186710
163762
206879
174799
174872
194802
172948
188492
200020
181051
159626
183507
202154
159599
171418
220233
180301
223959
212243
165046
225132
186443
206695
160885
215122
201256
206878
167252
215250
210643
190514
186396
186393
217519
164028
163988
217531
179970
169885
173842
180324
199258
215525
186830
180464
202622
191707
180030
169787
161353
187158
209931
217181
166356
171193
206904
163152
209854
163751
189594
166274
216850
177980
207728
179968
189300
207421
163113
217111
163999
214341
167971
172174
206107
209904
200107
182614
220229
209947
199984
206829
200764
219979
225169
182729
180370
205477
193787
202053
208265
193985
225515
193435
223478
165837
159550
202077
186417
217522
163611
161064
209157
198688
189867
204698
195384
195939
