264285
260194
231933
235227
256589
281748
258659
282674
279529
261237
244310
238466
227610
232020
236180
263101
278170
266700
249974
276597
252117
239379
228311
244886
264958
279748
235696
243917
261639
275567
231421
267020
262068
263411
262221
273562
263424
236016
239457
265622
273566
259394
248548
237781
275026
267915
237719
272564
227669
241881
238983
276815
262527
247861
257025
272558
227553
262171
240513
251268
267253
272491
272571
233869
255003
236038
241079
235795
238753
235328
245524
279424
262548
232731
268719
262302
268604
252920
229930
238789
263094
253882
274215
256969
251389
266139
233092
243463
230207
233804
244121
253710
238969
231716
262870
230231
232824
262831
256356
242730
233744
253618
233285
242900
245276
260100
257941
267007
231957
232014
252101
252776
248218
247586
236006
248226
273987
246240
241078
235156
237544
278779
251671
263116
241290
266241
270399
229065
245313
256340
273550
228735
272487
250630
265552
262166
245449
263143
233151
252879
274203
243533
266232
238747
242734
263463
279729
255693
268732
230177
248259
263326
228022
274302
262167
236729
266123
237980
253672
241138
263776
244659
263183
262190
248191
268843
271326
263280
247607
253199
279905
274975
263134
263090
244073
261576
248262
227712
267939
227464
272603
271328
263442
251303
238978
231968
262523
227591
254048
247590
264447
269266
265949
274863
250597
265466
269795
257837
258882
240541
245315
243299
270464
229366
228772
253889
272481
251220
281151
261750
236125
248771
255721
273842
229129
263465
281610
278685
234435
239572
265603
274645
227601
266198
248221
257948
249919
268769
247171
250620
260589
282114
266237
252939
267219
227572
276419
229611
280963
249898
262139
271275
253704
271103
256414
251319
280441
237233
229373
248329
268539
249870
229693
244369
232822
260568
260908
279953
264492
255072
248441
229066
259386
263426
263008
231987
255920
242739
242774
260429
272385
249904
254978
248354
255642
244927
263438
227319
261272
276282
268917
281140
229103
264790
269640
264884
238243
266151
227611
279980
281769
253893
236989
260412
239440
273552
227545
252336
258910
247856
237718
236033
263457
267767
245359
261784
245782
282686
246621
264864
263181
272029
229107
231368
247852
237814
251257
233255
238595
272801
229074
241212
276919
233163
246215
263200
266116
268960
251337
276621
245844
245131
269801
232388
263195
264123
281744
239335
266131
252910
255285
278179
279912
247447
247603
276334
262192
247954
262169
242618
259420
267419
244892
255083
258035
258044
239567
260497
242737
264906
260718
248282
255630
233291
260449
272687
263171
261835
244087
260213
274851
249628
233327
239386
234726
230014
264168
266217
282670
260372
234418
247572
231889
267896
241306
235060
257950
227104
234791
278693
258142
263270
282041
244030
265720
263425
277859
271248
237953
281604
253960
235484
280367
267848
242680
253000
274413
238759
262320
248237
245479
266219
246726
282673
241293
245279
239328
263320
266001
248764
229924
263170
268453
271489
253898
253098
227727
268335
254039
279942
263290
249056
266274
257884
262780
245531
266216
258970
234730
245143
267861
238893
266041
279762
277895
245280
232570
270171
238596
244104
244079
266269
239299
236189
230834
250709
267986
270497
255633
251708
255677
233682
239361
251078
248190
256504
255071
258038
274641
251145
228010
264968
241309
271257
233945
262147
246302
263435
264916
234771
262206
251224
279773
255091
237920
262260
251269
281154
232527
238755
239372
248137
229705
245259
267073
251340
228964
263175
281848
275145
237763
263240
273474
254844
277854
259133
245493
264417
252982
276319
270504
251227
274855
274966
255626
235960
232470
245209
260599
253574
266250
250872
253045
233064
262248
252108
250622
264792
265738
243219
252981
266222
252938
235703
245299
266235
239449
257845
230508
266226
238594
242576
273553
254954
269670
237284
271803
232392
253502
253775
244731
251229
274963
242588
233262
262145
233276
251152
266236
239426
275151
255714
233149
230211
260491
258015
270430
238018
235055
230009
270492
282044
248381
271264
237821
278606
278195
233153
238765
229113
272505
274856
265755
263243
260476
256703
267929
255998
256497
279906
242778
235943
230364
251354
271284
231303
272228
265722
279147
277569
271099
276402
266252
266197
271911
233287
263458
236768
264874
260552
227720
271268
260510
262972
245327
271410
236070
250623
247138
258625
281064
275734
232031
278794
242650
281149
236182
262225
234804
267029
269797
227303
262142
263415
262258
239300
258691
245355
227613
276286
267844
253621
280806
230286
236212
251310
272561
272317
263478
230951
229883
262860
248841
263452
276048
266128
265743
254914
262160
249900
234713
239378
266266
245125
251372
227473
268795
267477
257980
249988
227105
279801
239879
274250
280510
244114
262079
255629
269827
247863
273576
278173
260093
259332
271286
239434
245542
279108
255000
280488
227290
233301
242677
232823
273559
252568
248366
239536
253772
240525
264947
273577
230183
245003
252676
271277
279008
236531
229676
268064
234845
230354
251298
276757
255739
272514
251681
281731
271493
268848
275728
262179
276367
253541
257878
259411
269735
248769
255641
266055
239436
259367
261251
278670
239437
266285
264909
268812
271129
239483
261567
275028
249978
251387
274317
254479
280489
228634
276298
255637
254929
237677
281725
253955
236047
241302
227652
228321
262858
253561
230165
259372
269583
282089
263473
246572
234328
255315
236884
259377
263255
267325
227297
230288
273611
252909
230362
258145
266225
260555
229846
244095
229683
227729
270449
234838
249931
276318
229932
267369
228682
235485
238574
231572
242687
273848
268825
250100
270461
263433
267836
237986
244900
233126
236055
239374
250066
281608
274944
248442
271128
240317
253577
240148
255694
275848
249959
233187
250932
263208
266075
270289
263487
244013
264921
257457
255580
255652
236835
260193
256352
232592
227715
245483
251363
251351
281780
227462
228012
264467
274999
234386
267820
255914
265590
238569
227217
235359
237296
254308
274979
262234
263066
238586
249905
274253
266968
230238
273123
227620
245303
266588
268803
267005
253616
245515
265754
230993
234844
264876
264933
248762
257943
255064
271126
230298
244167
262199
264659
261268
230351
268179
277579
251252
228377
268839
252467
260458
247743
255019
246073
251382
265914
265726
238728
266129
263191
260481
242619
252913
232581
238377
250470
261796
229076
264289
244601
245377
271280
233254
250884
249952
271088
227542
263237
266895
271256
247605
259955
261443
260535
231971
252772
280516
264903
278664
248146
247601
230282
249866
258032
271804
239930
255713
275000
253779
251381
254840
262238
259375
271240
276268
234786
258031
228754
244711
273621
227971
248112
239454
238014
255086
274315
266199
242782
281801
262663
278680
249129
281621
265941
260226
233077
233190
248661
251339
265729
275648
255707
246830
248399
266037
242937
240487
256511
247022
236558
263460
260506
267891
250351
248061
245478
255687
274656
253613
263176
242607
234792
282692
281615
239438
237714
266590
230235
258019
266105
260486
245300
249994
238959
255057
249916
267876
263266
257832
227986
251316
272567
266121
260450
238625
250887
259366
244047
276164
259383
232077
276426
254843
258524
253041
271725
251306
253986
227301
278642
281239
233277
281633
249935
265436
259592
229059
252128
257792
232659
242731
281203
257967
270857
263414
258680
278743
237758
259600
260534
266074
232345
238593
263444
281790
269806
272426
279533
254092
257881
282374
261791
227186
239413
252946
258560
268758
237828
252771
279975
248340
261265
245424
258006
254823
257831
251097
250707
258269
271302
252945
271262
233266
237867
240680
264498
278142
247581
274981
227619
263418
242723
278602
228809
240450
262223
255038
238766
268811
236092
265747
260210
258011
281605
263222
232018
254531
259424
246298
271077
257999
267866
230905
282690
242703
260579
253615
266091
274969
260480
256355
272985
266101
260460
272782
269214
239409
269347
281742
249963
245193
263447
231108
247683
264890
260261
245201
259417
271085
260229
230507
252692
229794
252991
249764
248386
234728
238784
231991
248314
264949
269100
258673
263048
252884
244287
228092
255351
238587
263160
262644
263882
248397
227492
240554
239478
271127
266244
246175
269719
262197
227304
272410
251673
259774
268838
263131
230302
263304
273079
273593
247243
266271
264895
245329
274311
263297
239486
266039
267750
273142
250064
274273
243983
267813
238189
274658
253614
273120
230242
273083
266146
227711
244115
271341
268798
271205
281670
228384
268101
263608
229131
273989
253313
227535
244803
267930
255651
248216
239568
247597
239296
233314
268733
260557
236173
263476
239297
242792
277900
263417
228959
266697
263421
276563
281743
279432
266071
273605
240182
234803
255710
248772
255627
228008
245312
233157
240349
257887
263137
271325
277822
238012
227312
257850
248552
266186
245389
266239
279808
254891
251380
251218
245427
262164
277242
245418
245435
262149
269777
251330
242675
248194
276869
239665
263432
266207
254892
271070
260548
263430
269786
275458
262736
256444
245526
251222
253610
235971
266083
253983
247956
260483
244151
232588
242346
272150
263419
256418
242251
260504
261485
227696
275020
259408
253878
281792
265610
236610
255117
269306
262135
256368
242597
260536
254553
230807
228367
276020
228380
281730
261578
281728
244319
249208
250405
230378
265781
251886
247088
280749
233210
270479
237144
258926
230782
274918
249049
279933
270172
229691
265023
281555
250463
267900
254621
246451
249493
262104
276002
242692
236217
274991
272605
242578
274834
238512
260144
250580
242554
278797
256201
278526
248379
228704
257463
265611
251061
260684
262165
266010
244294
227708
281554
270357
230791
265677
228115
256366
281218
237861
266941
234269
263272
279531
280854
249255
273706
255634
233475
234072
239398
262840
238669
249175
239412
258741
230902
271398
230493
269548
272840
252286
265124
243095
230025
269807
272853
228116
272809
252839
253663
232965
238658
270540
243140
253999
229669
270536
256041
280736
255041
235787
267355
264927
239251
257859
266481
263323
248412
236099
274125
248778
254958
252390
281186
274034
263837
263289
246874
229748
239451
276802
260300
274883
240527
281754
227496
264330
234813
255697
268090
236598
261463
267642
247979
260515
244992
279758
262842
265032
252042
239615
261303
279763
248695
230826
247874
272574
233733
259534
273615
229792
260425
235246
269605
241798
228952
253929
247196
236120
271027
241404
229988
280984
255671
264917
262349
249964
271361
281082
232563
241395
236850
227519
250865
239369
272685
235766
259382
246170
270926
253846
230361
255665
266641
274949
259191
247942
279526
254513
237585
231109
227235
273156
228107
260875
250204
281903
268487
253692
257156
275536
275760
250769
279257
228005
282116
248027
272163
274934
252958
269862
243831
261759
234956
271202
262586
245762
279900
241750
281644
233754
233484
236627
280786
241346
231010
251191
282609
266497
236451
271350
256600
233273
258135
277078
244084
272839
281553
261767
278814
265933
275732
229081
264942
245508
254819
274956
252537
260565
273939
249012
278354
245516
242724
232879
262259
265678
242133
281747
247087
235583
258148
269291
248822
280428
256601
282052
277894
277573
230223
248639
279775
241385
253699
253058
258787
230751
280522
230162
244850
238657
254682
241228
259685
247092
253992
269740
281159
228001
241143
252843
228793
263475
251545
245032
253836
235659
244082
244264
235664
240977
278157
230370
255668
273050
227576
266380
229253
238882
245383
239901
235658
232669
280426
266482
276028
280524
237632
227169
247036
274258
228007
256373
243965
238048
267156
273569
267967
269593
276759
255112
239903
241328
273074
238713
249973
274330
259462
257527
229094
279535
231458
236133
270263
260161
245502
262558
235575
233111
273359
250621
231496
245379
236625
255820
263939
239385
251266
241324
257494
250890
256479
277597
238307
281557
275822
264944
242894
253349
269816
269692
279915
229759
246587
252331
269853
269653
276013
282430
260271
272874
231245
263306
271365
242426
275481
281010
268639
248352
247034
259835
276280
243091
279489
249053
270247
259010
247970
257976
228629
270212
278193
271043
275276
274910
255669
273365
277526
241391
269829
281763
250881
231035
230213
244017
264120
269673
257974
239425
245006
262061
268819
238942
276790
230054
266737
276410
260581
266047
274993
245266
277912
232740
238823
278783
238556
239484
261156
269576
240518
240687
240290
265975
267927
282365
269727
254974
239793
248890
267843
245034
233257
276855
273588
253065
238248
246939
272352
229898
245194
246630
265962
246157
264676
246050
264905
244914
231997
253696
278757
264246
260438
227547
264945
231938
233134
269739
266187
249181
254763
250380
250196
246018
274332
248387
275626
249691
255858
239481
276046
272862
229892
239441
278723
235707
247114
271362
232667
252482
243175
275628
271212
257903
250533
233103
263203
273736
267991
267892
253870
240499
270679
245740
232068
264250
250740
254684
240511
266703
260313
265864
256281
256292
235622
267036
258155
244290
281237
252933
246412
247192
253693
281197
272519
270480
256280
274685
230327
276116
261282
272530
229926
262213
271349
280541
260424
258327
253043
267893
241394
239754
232150
274885
264941
269641
276403
269813
231963
239542
278746
257004
276435
270455
282687
248272
227482
242562
232783
270777
238606
259035
270524
235178
281805
229449
248244
240978
248087
272444
263502
268080
242991
243506
281732
250449
248049
261668
258043
264868
232935
238393
266425
259419
265108
234846
270345
257803
255035
233025
242088
232977
244594
240865
275046
255962
275040
259982
234368
255114
253528
230040
281798
243837
258162
278183
263264
282129
239381
264524
273839
229230
273616
270984
244335
234123
254708
247444
268244
253682
229645
257963
275041
238410
245310
280442
277291
253013
273589
244128
268496
268926
279651
249305
258136
267814
262376
268576
274974
246502
240900
244113
257868
245267
264376
264235
276354
279952
257783
235318
248611
252401
279892
235386
246760
247020
233486
250877
248150
278542
280808
244665
268216
253635
244368
242772
281592
248286
260687
253108
252723
246832
265098
263602
269654
242091
266051
256752
280136
261956
237997
280270
235167
272968
270826
266077
246987
270897
229118
269403
259942
274976
271091
260374
260092
242552
254979
239302
262246
276291
244370
260582
229698
273132
242655
228019
272348
261210
255755
280912
250640
256668
260072
269987
230769
238564
269138
269607
270330
268237
275833
239915
234789
232950
265305
232418
271806
258817
248268
264556
255791
243572
230277
238926
273581
271849
257443
270946
279726
247588
253303
257342
245686
280558
259335
276301
260302
229408
248327
273382
278538
248311
273584
269780
246650
253051
273680
232962
245463
248246
244108
274082
273076
281019
272924
267520
279793
230321
260531
253656
247496
268533
262436
230247
274348
231378
276279
268899
230064
270810
273201
265426
263310
272440
268190
277295
260909
278216
280677
232954
279962
264613
274952
254042
272465
255134
264934
261726
230918
265001
246429
237428
263209
260067
279260
262307
266153
253405
264372
248334
234475
273718
272906
272468
250330
281369
236230
235414
257626
234006
230139
248063
277392
265094
259870
257352
251594
246688
245764
266056
229255
248447
256739
249998
282782
273820
273046
260606
227673
245166
229133
264505
273608
279265
231538
275721
259875
244303
256707
253079
234907
228212
269814
249072
268914
250613
235839
258655
236412
245190
274864
258916
261742
239336
280076
233196
242992
250595
233006
250701
264889
273358
270539
274220
241153
258365
247299
229152
281660
253579
271013
240939
234616
230137
264625
234512
278144
265555
240217
277390
274848
247144
237097
231497
231934
264011
256683
262154
268572
269401
240660
259000
256671
268526
235482
259980
261586
249922
264857
275039
248411
237387
256711
252563
263592
269150
249441
262251
260211
257801
278061
267847
237274
276820
249432
245384
238563
277844
261864
232636
235932
262767
261922
243129
258494
244660
269527
267617
260738
252638
257991
240121
263963
280262
269789
235501
270629
260008
247587
228417
231516
242085
265402
253915
238398
253337
270164
253323
271462
247469
267972
228400
279842
245150
272967
267941
281618
264788
237970
250598
268243
230937
234511
274853
229572
234320
247460
235455
257354
264549
256154
263078
268016
268949
227817
253091
259128
227484
264914
264853
247098
270924
246747
261692
242559
259440
229644
261812
237485
279701
251071
268951
256008
236029
261158
268515
250454
248963
276448
235473
252121
227181
232604
277510
229400
242612
275532
263022
261132
265258
258801
229262
272577
244664
260683
238002
263028
258476
229521
269772
263312
267775
259888
230304
278556
277524
273709
255706
254986
279968
247744
259482
248147
263834
277582
258823
247480
260094
231475
272974
248430
262098
281074
242981
240699
265554
242749
272934
240430
244232
273596
247071
248899
266830
229114
266122
231876
260089
272807
278501
279956
281092
233174
235365
233242
234068
274135
278138
243656
253507
247002
274523
251199
242901
231027
247459
241147
249704
261146
244663
282366
229627
237870
247468
281334
276675
255055
269589
227221
282174
281749
237317
270875
278470
245116
234855
273583
273077
239359
259652
258824
248043
251633
250327
269149
241865
255341
276338
241463
234985
274531
228392
280696
233081
274418
259155
229496
263229
280493
280127
234207
247093
280809
239789
275170
272503
250421
274869
237161
236138
265459
251663
275019
276342
264883
241030
275353
242645
274234
266256
251103
260571
281645
259576
263799
272743
278709
272596
265442
238590
247053
271404
281596
235761
250552
254520
257994
233311
258969
235923
237690
270855
274059
233049
265517
270730
255016
238092
244672
262180
248233
274843
260202
250101
231891
238562
259302
236150
259472
269655
260044
244744
253689
272369
277841
245806
267130
272005
238433
232046
247382
265405
228213
246639
269989
235296
232506
255644
274121
237813
227638
267160
263719
262293
266201
278254
253389
250933
272513
251290
250482
276385
281745
232398
247405
231275
260910
265353
232137
261480
261145
243998
257361
246135
249185
250956
249907
267502
246826
264173
272268
276029
228233
236063
279863
253620
233593
282354
264775
271396
229566
244996
264995
244187
265527
277541
230688
238581
227704
251953
269726
238840
260838
244366
252608
277587
269751
240864
251659
229688
241201
273851
272715
263512
242664
270920
262088
227489
272550
264559
273202
251313
238943
262959
268452
257841
228281
264784
276421
281673
256172
246788
245362
227630
271004
270103
228134
264010
269597
265489
248306
277127
230529
234504
238685
273381
249947
251598
269808
245512
247400
236330
227204
278068
238579
257611
270418
261670
242560
266152
274594
238952
270264
273607
244103
272700
259909
280861
276751
265379
266181
272560
274019
239400
255015
266246
237184
229237
266825
274076
245297
249472
251255
263797
253342
267494
247398
240913
254509
258972
275901
250057
261948
264304
244522
233059
259416
267538
263499
242983
257622
240595
280156
263284
268178
271454
279877
242598
254086
278137
229100
255730
270335
242090
245746
269907
273073
234877
265120
274127
233280
240488
254936
276287
239015
269753
257607
251161
264481
272022
239582
251197
235208
257348
248167
270854
242596
258000
273911
247932
234857
271476
255113
273898
270153
265480
274280
236551
268829
243442
277090
276881
271044
253407
276389
253486
259308
237773
269431
244536
265978
265346
249177
253664
263189
270932
274865
259412
247269
272417
268128
266053
261401
232247
260098
250908
250455
267865
259585
254525
253527
274967
257911
228991
229128
265314
260121
239859
245551
243346
243657
259665
273947
263092
254117
271898
244449
252607
253538
236153
269407
273618
239476
270251
270631
250566
263848
277731
247284
242564
259805
278265
255479
259418
248934
269515
241400
227548
242087
264624
251236
247574
239216
274115
267552
230251
236040
238148
258348
246690
247474
252940
281538
271812
242629
269646
234825
242696
275528
269953
257666
273724
257843
253594
278854
230113
229204
263228
269489
259892
227347
273399
247342
263879
259449
247604
266930
270595
268417
237053
244078
274544
257641
273118
274894
251082
242238
261870
229101
251349
274472
262158
257891
259828
253569
268224
282373
267951
258719
252367
240985
235008
271901
253560
262604
244014
273979
257353
238591
253451
274953
231302
267545
272485
279569
273505
266167
274075
245548
249910
272676
282688
279898
258399
244880
244510
259106
259076
241364
272374
264658
244760
236963
253438
270424
267447
259200
266949
248439
246796
264124
251036
274946
236041
229597
258746
259861
227653
263246
259330
232905
248680
271418
239881
245443
254931
276284
268721
256638
252484
235378
268084
250537
243374
264913
271417
275358
262967
270187
274909
243377
231575
269787
270803
260090
260472
281268
243262
276776
229167
229083
273116
248277
247492
275245
250601
262301
261929
229715
275266
260529
271472
237902
261126
244674
235357
253092
280133
261841
263041
240779
229367
229564
235003
262689
259138
232660
237708
244671
272108
227526
240270
262084
251045
229619
277613
232582
263611
267922
258818
276399
253018
247570
244412
248317
271899
239688
262982
270900
238357
262358
279770
257643
274329
279266
230517
281515
262069
229720
229573
235469
247340
262233
280895
244718
254941
262801
260088
264201
241466
267840
259655
281543
239416
270410
271852
236032
238500
240196
239687
271444
254365
245141
269376
232414
271041
251398
265031
233141
282572
265526
230367
273737
269702
250280
250019
274569
260496
273792
270908
266890
262321
229462
269604
256270
236939
264926
265456
240495
261041
240138
258018
274959
264021
246637
254530
236933
229004
280519
274873
255705
248405
269592
272583
265893
245115
257760
265673
250942
254950
263793
272350
272590
234916
270880
269883
270064
247077
257359
245080
244053
246183
244675
233271
273944
274942
280509
276407
275044
232671
251347
240281
273691
261891
262236
274024
238405
243726
239817
281373
271029
263328
250345
246022
270447
261947
270930
259317
259103
280173
250081
229700
270914
258938
257990
230531
247556
235558
241392
275706
278056
273667
237691
274143
246176
227897
260870
270499
265334
255979
273389
244125
279733
261307
230226
276600
227709
255827
269106
240603
266462
257759
236992
255821
271811
243558
268131
265107
278264
244532
239390
269331
265225
267432
230757
282322
262622
270481
253421
228306
275773
257953
255751
236331
274995
257323
259405
282781
227185
252878
264801
261165
259328
274844
263111
279960
281682
265427
270112
262701
230851
259329
257756
253655
275351
233865
272381
277528
271795
243993
262605
247638
260495
258534
264190
279738
259951
236227
229559
261868
244546
232691
271588
228779
281708
267869
254433
264241
261892
268540
243481
282131
253037
268901
275825
281762
234815
245485
243282
262827
278568
271221
239217
260470
259144
253183
276436
278203
243239
248647
275045
267948
238323
274092
229671
258593
267764
246698
257808
257155
274110
227693
248258
270939
253690
251055
244944
230253
272606
258159
282291
251766
271423
247133
255792
244192
260517
267010
263029
229651
276680
266070
251073
274522
266042
262076
233328
245684
258046
259796
247344
263492
230070
277592
269602
261019
260777
269718
255062
268388
259617
229110
244120
281357
267829
236165
265324
259070
243045
229579
262696
281643
244645
260499
272602
229601
272116
250399
277535
265561
234247
266434
265520
270721
262334
263042
238801
257678
262630
253325
255658
249681
259866
260907
236178
274356
255325
256636
268936
240300
262312
255065
231744
274936
227719
265005
272551
256275
260849
270485
271634
256713
264582
229215
233186
242136
243697
264234
260071
235721
245010
261164
249906
242530
267204
248220
274846
265342
272875
255702
257637
265869
259911
268311
271843
234581
248091
263544
267271
232198
259946
255753
227816
240507
259141
280496
278197
260105
251025
242563
271279
273130
277377
281632
263052
242753
229793
277092
274244
268039
282004
271409
232646
232039
239655
259426
235911
261989
268562
262507
274089
239388
281593
265395
266281
266756
274417
259897
267047
256295
257872
265543
279714
232854
264603
263124
259071
255011
255768
271767
279785
279752
237706
229182
259461
229126
257871
259785
282545
242765
260968
281752
247524
253467
254798
259821
274120
258185
231224
272380
255645
246868
279567
243806
256375
270179
245133
269800
273698
233135
260871
272877
266907
259074
232900
239495
271895
273991
236201
241118
258907
270132
249225
233132
252721
244678
265547
270828
257749
227632
227626
247708
256643
258699
279978
231460
267946
279974
273406
232466
264940
229701
263401
281793
232462
258570
270262
251230
265012
257482
281755
274448
236197
270969
245123
265979
268830
238024
265470
273574
229454
253029
277994
227219
275868
243992
274260
257583
250441
272867
248797
241057
229615
277009
258390
265669
253399
250971
259763
256767
279483
282653
249410
269747
241231
269831
247151
241289
270830
250194
271072
239156
270228
263615
258739
250698
238297
234314
252514
242112
269390
240989
245927
260052
277331
266975
264578
244915
276974
271170
256399
241285
264780
247720
257862
268742
256474
247325
232799
274592
253807
276845
238870
228135
232191
277043
229140
253314
237964
240970
278764
248876
235918
276936
282467
269432
253455
248811
238827
266773
245795
273998
235567
236631
244186
241921
237998
267430
274670
244720
246539
259512
254552
231892
247090
282360
260971
263724
252345
227258
238364
241927
247652
260347
234244
266567
280350
267582
260013
243405
270952
238348
265727
259699
246038
255421
238336
261036
266745
271411
240969
273959
232639
232442
238655
232813
233940
232169
228385
261908
261700
261993
253583
252434
228285
281970
240483
252960
276087
262993
263035
233855
232062
242134
279254
256084
238854
250590
254717
233308
231743
279162
233970
270778
258582
267514
240924
254478
265992
268931
236848
257559
282456
266669
230961
251079
246202
240492
261824
254762
239845
253047
246141
235344
256116
248794
258737
249194
249120
230968
274235
231130
252636
229995
246113
239713
248728
248893
265099
248125
257317
270909
246839
282771
251967
231071
246303
242668
253533
238922
279577
238964
244268
274077
238541
262989
228218
240986
233965
256693
270800
251957
228232
235557
272977
261029
249042
277758
261289
230386
236893
248103
274069
262968
265911
245928
228982
234135
244578
228261
253587
258577
280341
261951
274001
279615
254080
276616
233288
242529
244608
245154
266726
229809
252185
276933
241036
250443
248111
242959
241448
261927
256760
245857
258574
232902
272218
270240
228529
234723
236691
234351
267618
256043
231064
277690
266675
245743
271308
228127
240581
229776
232159
235356
278884
265990
268477
263031
235898
249820
245670
271449
260690
238504
266784
228180
266693
228254
248913
232145
251837
236672
279141
279487
253416
234715
243204
269805
232886
266367
238494
254666
281160
246475
265835
253694
235511
235140
241499
251937
250496
269241
227732
270231
255552
244523
237711
261980
234380
228249
259301
258575
261144
257030
281638
246700
254079
232025
227571
255352
245370
260588
274858
237791
265530
246612
273217
276360
258566
249416
250564
263477
240197
268387
262083
251395
272280
266752
256688
253665
260245
253217
275034
265091
265970
231868
260549
280575
274226
229717
265105
261067
278889
231407
253534
265121
278217
236862
247055
232041
253537
245114
268918
257454
276084
238060
229349
275182
264489
255901
275263
235073
231207
244338
240018
264183
232228
233934
239877
273799
264458
258814
263825
262461
238479
271192
264178
252239
261545
255233
261662
231344
265207
265253
277776
234431
231206
282142
234459
250910
255157
235087
278065
240759
270688
264367
232225
234924
240179
243540
237105
277741
277483
228697
264267
233793
250272
257063
235650
275762
228730
232305
234191
237123
238849
247688
234204
246598
248418
263158
250228
267111
249276
234164
262991
237399
267858
262480
234372
265214
234189
277379
268136
234209
243711
277110
228737
246391
261344
252264
230583
262473
249570
238210
255139
251813
233919
234371
235879
237107
237635
264463
248889
231217
244354
228483
262457
269326
254555
261368
277138
261333
231442
235088
231563
252601
237078
234180
228497
249262
252211
237131
234186
231192
253493
231182
264207
268385
229339
232303
255897
264204
237128
234337
257062
267441
238841
239995
270681
261652
273835
258423
232283
261355
246699
228726
249311
231557
253210
237402
237121
235350
266781
249480
232273
273844
234196
234181
262448
237404
280060
246385
253204
275834
237260
240017
249292
259735
257102
243942
243732
267070
235078
244355
258799
282153
261522
246655
243362
239852
231199
276854
265246
249282
246065
266629
235082
275181
266673
267097
232268
232307
231223
262941
267185
269963
261316
233719
243545
239351
262426
234178
262489
266671
238172
243309
228870
240766
264002
268847
238198
252223
229388
228485
264404
259752
251603
265421
253214
252353
238204
239427
237388
280553
258029
231332
233906
229381
267149
252557
249318
261920
238177
267289
256947
244347
269239
231550
228475
261904
262518
246370
267566
247571
239703
262479
240750
269947
252569
259741
238221
280399
249492
231570
250237
253598
257452
278008
249268
231406
228831
232304
233867
258357
237205
268785
262478
261361
267158
228495
246416
238176
250251
246617
261602
234210
268108
262453
231172
252298
253201
249602
255145
262625
280673
247223
237365
237366
246721
246714
250221
253205
250226
235117
272379
246722
247206
262463
249782
255899
231480
254579
274368
237103
252326
237405
243544
250220
265702
252997
231512
250253
231216
269412
261377
253207
252272
244334
234161
235047
239249
255428
249263
258783
228496
262466
263298
265201
249475
264490
228599
232271
246365
250063
275488
252521
250243
249322
246410
276677
259748
259733
261919
227063
246605
253004
267859
243233
235151
231521
280879
262508
228667
255266
246694
250249
236611
252522
280794
235077
264466
228564
249294
240753
252425
246367
235091
265245
233823
246710
259744
236708
235112
252582
231423
258833
249269
239987
238919
229257
262456
230820
237089
240052
234184
228511
256156
259787
282155
248060
238171
249304
237180
237968
252489
234417
240758
234167
242973
282358
246394
255886
258843
253200
258791
244349
277698
235067
249544
231481
253206
264200
238781
228653
278330
269961
237810
240001
237406
237100
240794
259734
264194
269812
260550
255902
235927
269969
264626
244336
261617
252292
252262
243056
231576
247119
250224
259026
262470
267455
228912
244353
258753
270687
228482
235138
239701
232295
252270
242213
280077
246361
235076
228518
246381
246720
228477
234981
260432
244362
270698
228507
246344
265199
262519
267042
252369
238438
228690
251060
240504
263826
246636
231222
261600
250230
255159
237098
237069
234984
228491
280890
235081
235074
240076
252316
235128
280668
237135
229351
258424
252558
262906
273338
252538
252204
258794
235107
228481
243638
250829
238205
261624
264187
247204
280310
239999
232287
246010
237994
270570
246607
261346
228692
277108
230822
230773
235062
247202
237407
240770
238223
228689
265252
231133
229342
261565
265217
243606
273978
252254
254313
249309
247113
229338
243706
243537
252274
255891
234220
264486
237122
273276
255347
252238
252265
227902
278868
237076
240772
258813
261667
234187
232296
264082
266656
237116
231566
246716
277140
275180
252244
252253
234145
250266
262469
261572
265251
240013
228601
261336
280793
252581
229537
280259
252570
246398
249313
268112
252544
264395
255298
255013
240552
232309
273144
249337
282143
238194
249267
258798
252261
282307
271395
246693
240761
259732
270748
231561
253762
229386
267127
261342
257087
252551
267170
232832
252260
251632
252263
258932
258879
273334
235153
246411
231205
232272
234410
261034
250241
246375
270692
247477
267962
259073
228725
238175
246638
258842
246355
228504
228503
277605
231215
238161
251966
261426
264232
247224
260958
240762
238170
244377
261366
231198
252224
259750
249596
250807
277755
265205
235109
236600
246363
277949
249280
248777
265202
276858
246723
261376
231544
261606
243566
249320
249274
235090
264495
255158
261595
231555
237331
267180
240006
255148
249079
231453
246588
238167
264719
261648
247222
243562
243285
252507
233473
252555
246371
243588
273838
231258
264483
228500
240015
246402
249593
240016
244874
249744
265200
246418
263775
277280
231298
238162
229513
264165
231392
238160
246675
240768
263820
238440
234194
228700
264189
247211
229777
255152
234008
249308
278001
240003
231464
270694
276125
249588
260010
269968
255927
244487
270732
237932
246677
248547
249261
234160
255879
250664
263303
261408
266448
250785
232851
246691
246395
278321
235191
255144
259745
231568
238224
244359
247218
267475
258490
228480
246715
231209
257483
244184
231201
267821
252267
231185
266213
239148
231574
228728
251154
246596
254484
237126
255336
269391
264214
270793
262550
228567
246362
252545
248079
239636
249265
262799
247216
246465
252478
231571
232515
255851
235106
264464
264392
231795
250222
261627
246707
235116
253198
268114
239986
231547
232285
264280
262459
236746
255164
267021
279382
249296
280789
231466
273213
265435
237087
231554
249300
273804
250239
243675
235103
249598
258796
273832
270695
252542
235079
235154
235368
269354
232293
244973
234193
258826
235065
234443
243554
258957
254061
231478
252255
254575
261330
238168
254128
278434
238049
228520
228476
241160
234395
238178
255900
277951
252230
262464
282145
246671
232949
230972
232298
252240
262505
255887
235066
243526
262476
278012
246379
282099
246672
249436
261350
255889
252252
247286
261633
252505
247209
277950
243740
262475
244346
240767
253471
239991
243646
269967
246380
278337
231553
252517
243520
235133
262434
252585
261650
237730
282302
253202
259033
276657
273215
252543
261641
231569
255898
228474
261666
267368
273209
231456
270145
252273
235111
252237
264355
275565
237101
238083
234213
249270
259001
250897
269950
249340
275184
237102
234214
252268
269886
239164
267126
231179
238203
234183
236801
248359
247203
244570
251835
267314
246717
273337
258841
242365
228977
245672
243733
252695
272375
249319
275258
275183
228493
233683
249540
235394
257407
240512
244993
251817
232455
240712
235362
232383
235236
260015
259338
244331
260224
272966
259430
263828
229008
280906
238695
229085
264728
265841
260221
235391
238197
240990
248847
271448
240585
266738
266578
250849
265854
263971
276893
259742
232486
239836
273033
248924
260380
278458
261027
240700
274822
229628
235395
272127
245668
237806
265363
236821
258504
232479
262286
264772
258499
250861
258727
253722
251655
268640
242375
249634
246279
239876
235901
249134
233717
241387
227829
271478
252046
275109
239894
268862
227963
241782
259722
255397
268964
244950
256250
251093
246255
251104
265688
266556
256103
241255
266959
240215
256772
272227
249094
244696
275492
250802
269356
227311
264427
247166
267702
233083
266632
236771
233035
242378
230985
256948
256644
279654
274782
254782
243085
247969
253953
255490
242262
243436
248131
248011
243761
235303
254830
258755
254144
274598
241491
251892
254001
239844
247885
256575
242314
246653
256998
242459
233984
246780
258477
240730
246227
245878
269643
266659
241001
250207
244990
256582
229808
238030
233045
272073
230827
239555
234362
250736
278134
230180
253830
257757
242354
253993
242288
249143
253816
273034
256452
243458
245062
258531
255528
262430
243444
275466
252155
250800
270323
264606
246799
243462
269559
274248
254791
228305
254679
274580
256382
255802
261291
244270
244004
230475
258244
276921
234103
256416
243478
281123
265589
265645
241723
227468
281233
240423
243412
268875
252151
243435
253945
278511
268023
254148
246144
246369
243491
254664
237389
230799
275490
245075
230861
243414
242220
271366
248140
228290
244875
265957
238267
233718
281305
278312
241375
264110
248850
233481
241776
263953
253980
237486
254833
268766
247640
271381
254655
242334
228048
241418
230087
254486
250215
268116
235759
259337
243836
247943
233592
280338
247826
265685
269327
246254
278713
262357
256569
281393
231794
247237
260218
232803
240738
245164
278464
249995
229972
279097
247961
271720
256751
274119
273154
228800
244997
266774
258482
271425
234487
262723
241218
270971
256574
254815
274820
259022
257773
247929
255220
235931
232684
240905
230670
280184
244576
253737
260299
235764
261241
242310
247930
248169
228920
254851
252052
238897
242342
227437
252125
242537
268863
247819
227229
255520
245052
249174
281849
249001
238294
265953
240232
275561
236571
263027
237137
271333
256544
278666
269236
260943
258545
262963
257660
236877
238742
251933
250904
245040
247934
246268
278063
240356
279146
250840
269743
281278
241805
246984
228269
258920
245059
275483
238851
255840
250301
229581
254617
281119
246310
242903
257065
232231
281907
271485
241863
258662
242889
247008
231872
263461
279557
271024
249078
267774
256758
256566
246291
246284
253783
247894
245992
256130
257405
264313
267916
267075
264143
281056
241274
245964
270672
266753
231469
247790
259831
247539
270311
262758
271334
250725
230935
256775
262738
249230
235527
253968
260857
237654
265855
238244
238129
260796
275313
257525
249651
252080
228283
241714
249204
276951
271142
243875
239509
252411
247860
234031
233741
250198
254118
256759
268866
256542
237728
252134
272179
232970
256549
241522
232873
236684
243532
240204
256959
281391
255495
235934
236995
270284
253763
233701
231604
282094
270994
233745
234642
252110
261731
264460
242478
281312
243815
267648
258846
243417
266858
277986
274783
250790
268852
280550
246321
237011
238704
246761
232216
281185
241490
261209
229951
234625
241763
256331
227222
268580
255852
231171
240433
227992
276180
262086
248021
269113
270652
279437
272431
250206
246151
256377
267006
252806
282309
273181
250791
241454
236496
254829
247200
236357
250728
247009
244438
245939
271316
248909
235922
244962
269449
272202
253880
247919
228456
252047
230021
239609
271735
255387
228924
257042
241736
256496
252116
234048
280484
245169
265635
247988
278828
239897
248398
256568
235872
269398
242516
236777
239843
275851
270281
255541
232789
241253
227226
252049
251132
228326
244948
266740
243030
271469
268161
267327
239911
243451
257742
256613
252082
247390
246159
282756
240294
237495
249730
257201
255468
280865
245757
228825
256016
265123
259112
274005
256147
228789
231629
270940
248655
261680
256081
232122
245174
252191
261836
242100
252707
250031
247368
253550
235277
249701
271436
228773
267554
256730
259513
240665
264673
259484
246784
239001
272333
261834
260414
256694
257689
228792
253551
261721
240976
265444
256233
268275
260063
268291
241860
238478
253120
229431
235434
261945
238333
247066
247365
234963
257132
236440
228803
228846
255356
248588
250397
268372
253396
249735
247514
259137
264538
251109
244132
259319
268242
235858
279207
264616
262072
274449
267548
228768
254071
244529
253390
265349
232499
237694
252710
238498
268392
263494
256632
244539
257134
264974
249637
237531
228999
270993
262648
244481
229447
259118
256894
265973
256727
254175
249664
265562
242541
259852
270847
256706
238306
256235
234525
257135
263566
271823
264588
237434
248084
247399
251608
257152
259099
267578
246748
240931
242950
228864
243805
237725
256742
265329
234515
235323
250528
244439
256161
244551
246862
249640
228780
252624
256723
246850
229473
257693
264592
247532
251099
253297
232478
257770
240315
265494
238290
264560
263556
255482
247427
256725
252617
267557
239538
256092
233506
259855
255476
232534
250507
233510
229613
261978
262556
268292
257122
251111
255584
242942
235313
278862
281042
260075
228783
253036
229498
256070
273887
261893
243776
256244
249716
229142
250401
254087
246807
267480
231858
268938
257159
268465
247525
249688
257691
237976
249738
256066
264547
258161
244196
247394
262106
257137
268211
279212
273910
244147
240686
248649
267759
256732
256219
261872
257328
232399
230541
255420
259963
255415
259653
227396
257149
258321
251523
255355
255381
244550
255483
254097
256726
228990
235198
268381
238403
237488
262570
232047
229258
279208
240273
230602
253539
250420
256164
252618
280904
254176
256124
235372
252663
228784
255413
263040
282548
243890
234517
248045
282517
256091
235855
232134
229695
245703
227411
232530
281346
263059
247462
232496
236453
246875
260018
244612
259117
257766
257686
251118
232558
265534
273934
253459
254166
232617
265505
268360
264555
256196
264894
263584
229517
253026
243825
281387
261673
255368
261898
229657
261777
240979
256157
248658
232118
242531
231614
255382
264982
228857
273870
240571
228806
255419
252630
273376
267478
247059
240219
264620
253453
256046
256174
256040
244599
247540
229522
228785
230126
260388
255409
235891
243819
265493
248648
268479
251015
268972
279253
265441
270863
264668
235342
280842
252744
257767
256206
252625
280893
237454
255752
259100
256075
235371
255445
229413
245155
278866
257141
279662
259135
255396
249721
257661
227071
252656
240240
256737
254171
252670
232360
272281
273683
257158
268447
261747
262082
257662
252631
231649
257653
252634
256728
253351
253032
250352
250504
252622
256667
279664
259196
260076
229506
261746
255363
259842
255391
257202
253358
267576
229442
248637
244633
227375
235363
252613
257667
235193
261987
230148
256128
240896
255446
247483
257687
247535
230134
271461
250164
271488
250365
253479
230614
241933
230127
239522
251755
240385
245870
233835
275319
259927
246131
262144
265328
274312
268779
230864
280347
265797
272889
251517
248990
230061
262782
275699
229205
252809
277270
261995
260252
273017
237525
280780
278887
261094
272221
268327
263782
282476
251251
282736
238463
229813
239559
280157
278273
261136
276649
279693
270569
262317
266884
244314
229815
256657
259270
253801
255512
270941
232234
260248
279234
251039
254027
260682
282444
263015
252825
270818
259967
238799
249724
251800
237668
235592
271741
254578
234658
277905
240062
280381
265037
277724
243330
277256
263838
256690
243237
281898
246299
277301
272892
234709
271176
228890
250729
244149
266366
282468
265625
251696
258132
229812
248085
269835
262181
230120
263190
281353
281172
239770
278849
275514
238918
238374
240403
260717
277101
269621
268923
262432
257946
241438
265808
254028
266623
261884
266678
236993
273467
232892
281000
245978
255786
233759
274018
282447
270637
280866
260901
233941
238159
268671
282375
251816
232994
274683
275133
231835
256176
250925
245982
239803
261080
237563
244305
264747
281005
248042
277709
238276
269384
271357
227498
243253
243315
278410
240445
251807
235673
274164
239150
250452
275441
228967
238293
230018
233927
253894
274691
266770
266396
261141
277897
278877
245960
257052
239831
230108
229648
264221
263977
269114
240175
263840
268263
228944
281365
280059
229850
262049
232140
253553
277397
273497
231712
250724
240570
277666
230824
249031
247329
252177
235625
255486
230111
240261
235856
275842
280896
237927
246224
234532
277773
256610
274557
234926
247115
281325
252792
247577
266149
255533
261111
232896
281448
273419
259055
265070
243182
267713
280078
234426
247760
258153
255578
278774
265944
269509
282095
277341
236536
255105
268784
258385
258402
280160
268482
260365
269447
268860
277013
270647
282471
264303
232868
233912
260995
275679
251855
275420
259915
277708
274998
243332
239722
240610
277474
243191
282135
269206
236360
259262
230482
241785
260006
278311
277832
246160
253895
244060
276111
271124
280314
240295
253081
272884
247461
267695
264716
272928
258126
255784
245025
236728
266875
280369
232074
275399
281243
269542
238927
275088
245082
264863
282098
251860
268369
243007
249797
244559
280846
272555
265628
274435
254420
245472
280925
274415
250445
277284
244534
250737
271146
247176
231751
233838
253116
250974
251713
274176
254707
256603
259879
238937
261003
278219
244815
266557
273986
252916
278114
271874
281132
248932
233916
251808
233760
231952
263930
235603
282746
238472
247904
273975
268886
265905
250400
240149
268625
240647
271866
272581
272679
262962
258716
238794
277323
273875
246804
275577
278767
238835
234692
272524
232237
280469
277290
274406
238486
227329
245109
230997
265050
238284
277768
228432
278589
238138
260885
258368
260719
256360
249839
232626
275362
269360
234919
278608
228863
243084
243183
247725
236763
280928
232656
229547
258648
237672
266642
276842
259216
243421
281279
259700
262820
267135
255819
264762
252700
265446
240885
266909
233003
276998
235617
247463
273496
253402
273912
238946
269351
269112
243972
274264
244518
250202
264669
276008
272199
245932
262287
274671
282735
254461
249007
273425
238453
280222
256662
246184
232105
264742
269957
253982
233872
272754
281884
267651
238366
275485
277264
264634
240971
261932
265859
250836
237634
280949
280903
233786
248080
276944
258230
254301
266013
276679
269325
240401
282106
233462
272502
245074
278863
277003
228164
277401
263400
277045
235616
235505
243844
262565
263933
228108
228928
271888
228956
235403
229574
274052
259594
273475
230339
244766
234950
262861
277825
239724
247178
277084
250395
251914
277823
264768
248443
270297
245104
274970
276076
229435
265928
242362
272354
281537
247912
259160
275445
245111
254072
233926
268648
235600
273707
233023
257409
273974
274367
240405
262732
276663
238039
269292
280061
281451
231798
279853
258152
280725
260091
238820
267769
243967
245036
239671
232670
278258
263833
258480
269523
251510
260723
268849
232753
267681
253602
240921
244654
240626
274701
241471
270851
241398
276642
247732
273516
262097
274006
270104
277357
263865
276003
250649
270891
272200
263942
269110
275144
243454
254064
271034
261119
260377
270788
254501
258344
232589
279542
250121
277337
240365
264257
276266
270888
238885
265916
244516
253786
281004
274796
275739
255444
258411
231124
279517
245375
277085
237989
246951
236809
234965
232097
248849
274447
277073
269859
248740
278875
277368
262996
277044
276527
277728
280975
260330
278419
237012
243959
244451
280894
274361
270899
260335
241200
256314
259900
274251
230858
242492
280776
274009
235245
257730
272981
281199
236808
262943
233892
233732
228222
247976
267654
274301
268046
235862
272692
277751
282344
275697
251514
250524
232104
282432
233725
267734
258649
265398
262775
281139
260985
230974
246966
237783
281995
259260
274476
278851
275511
250362
254043
231896
277068
281948
281377
235589
244297
229575
237504
227710
259876
241453
229531
240440
253934
230372
227643
270588
251999
262063
229146
232915
271113
228391
238837
252207
268906
277159
278878
262059
241232
230053
237656
269367
278518
280969
256207
247873
262328
273904
272378
259286
234957
250508
261002
275618
240314
260369
281718
277333
273915
232437
264662
259998
239729
274800
233852
268078
228054
272998
240288
267698
230118
278172
244307
268324
274288
229307
246192
237511
238382
251058
282472
238269
268861
254872
263936
237524
272675
230787
272226
249776
270292
248568
228153
265457
235614
281899
281447
279865
250779
280978
269381
280140
228239
280855
280771
278576
251927
238367
230960
237569
243247
249801
245121
244618
256559
232467
260428
236629
235624
273000
278671
253068
281450
256379
259687
245200
255738
254665
274398
254721
249835
282765
261091
247736
255549
238705
277309
234522
235833
239781
257575
273190
271889
248068
281338
277813
265321
238338
235309
252730
234790
243329
266714
236802
279637
254631
281241
266162
281337
232630
266748
243242
265659
276803
232520
280408
229730
242747
276769
268940
252137
281920
243904
256132
249722
273129
236559
238491
256565
228227
233740
234117
259712
244776
239140
259979
251859
274189
271110
282658
240306
252154
231812
274890
244949
227432
277916
240618
254726
263909
233014
247117
229831
249033
263004
253176
258706
230922
229308
263794
233584
258356
236363
240667
266836
263225
265450
265317
238957
281900
238727
277071
245993
232713
253733
267723
247337
249058
274759
259554
274749
233479
247762
265900
276731
273150
258427
234879
281771
269422
234674
233959
267098
280709
244943
247938
238518
262416
268048
265906
273491
243966
264000
270602
253431
231121
254889
268885
258507
267978
251272
258154
255526
238610
228098
268014
274106
269418
276555
273793
237609
240509
276577
254472
274700
268007
266016
232996
278820
232376
273941
229532
269599
259843
264723
246133
272607
257014
280973
281548
268699
236706
241233
265991
280850
254646
250361
243467
280777
278275
276173
266873
281436
235388
256586
280400
268321
279166
272144
240326
243924
248536
248870
264726
249034
254511
256674
275782
263088
243925
232997
251984
238683
273672
238877
278190
235216
248312
258975
255937
258496
237588
269843
261134
255532
261364
227575
231351
239226
232763
229769
261281
240178
235661
241947
237015
267181
234673
261379
263498
254846
256117
249382
282204
261516
274222
249359
254332
277040
276697
252399
234293
238040
268227
252381
235716
267320
278031
255345
256014
277153
278345
265076
231389
228429
281973
228265
230571
257916
278238
264104
248551
268024
247004
260858
237225
255255
264770
269996
258958
278010
249605
237591
254376
244376
261605
266427
264754
278035
244502
274206
241110
246510
240383
282585
258594
234248
247244
234110
268220
255168
261878
263249
258945
232289
240072
240048
228334
243048
240168
255149
246527
262709
251182
259265
271216
278344
275428
276673
280650
254360
233220
269154
228926
240786
249004
248622
276710
255174
281513
274590
250058
249587
251028
248017
266467
266893
267420
270037
275197
235651
255348
237250
234136
261412
254734
262772
231560
278633
231382
240192
280605
264423
256143
240804
270004
255334
277954
229869
253312
261203
238561
237218
231409
280518
254827
278355
280622
280380
227939
278110
252589
239288
271352
228888
249456
231814
264468
282216
269483
277037
247309
261618
263604
270902
277162
246101
280716
232819
275368
246544
277115
259784
236416
246486
254055
240193
239016
274047
269686
280932
235149
228541
266851
232768
275418
269962
232294
282613
270006
231543
246543
255789
231341
282436
238821
250256
268159
253472
265419
280375
246425
228555
268630
249950
277128
260128
247697
279633
256463
254424
230915
270727
257208
237665
243608
266460
279636
258536
249332
282195
237255
273306
245735
252036
277197
270640
273821
257034
246571
273657
273360
230264
250906
247235
280602
246567
230692
228253
280568
261422
250277
275279
233260
273339
243949
276528
243602
266531
241323
254704
252296
269560
253855
243702
228589
267310
258541
244704
275556
229761
249812
268676
237177
280662
229837
233537
278607
228333
229465
262506
256401
237647
265413
265410
239994
258284
245754
279157
277187
265071
276617
238192
280637
281476
256447
275337
276343
258240
253227
248626
233105
269210
280129
243952
242670
246626
235848
228471
245845
244564
238375
280661
270547
241330
276042
239972
236114
247267
267090
280115
234664
244548
235259
267628
229430
257043
233750
232297
280630
265662
233191
256450
250821
269761
266664
235126
239283
253477
227881
275127
258250
237280
231800
252796
246057
242631
263983
271219
231318
265577
278570
236130
257400
261030
276252
277987
273304
232752
240082
270594
255308
251890
274333
255173
228889
258512
237187
273354
231056
250274
278396
255828
253791
244372
244383
261279
228550
277105
234147
272980
246522
236828
251963
264385
249822
252258
261477
273278
254421
257777
275346
248575
250069
244252
246718
240676
246549
270649
229304
265809
266457
281509
235706
264597
275255
273245
254070
268143
261519
250983
258780
237339
277221
228957
255515
262449
277106
254700
241154
266965
274216
234092
228624
253333
265294
232909
253072
240377
282459
238808
243617
273878
229392
277963
247372
240303
270097
262488
280100
267468
241202
235821
250119
275250
246696
273351
252580
228089
282045
234348
252339
238215
243289
239228
270049
253378
245805
274344
269545
262961
264711
248839
252475
275198
258237
258483
260281
243073
251577
234338
240790
246438
267990
243652
240039
252976
273324
234324
275234
281506
240098
267522
240102
277349
243118
258249
273801
244360
246921
227209
229343
241431
270279
262510
232229
274223
261414
274906
244392
279781
267434
255883
270008
265239
234412
267223
231546
275171
247749
254968
240972
275215
241217
227570
238706
277154
268493
232767
243667
234602
254391
248630
258242
248694
255316
243459
236997
253315
231816
269136
278370
247503
255312
242947
237373
261525
247711
277943
243978
278004
264126
260733
256458
263657
258913
229872
248046
260322
252591
270611
267060
277311
234019
258898
255190
231415
277190
274323
275204
246257
251547
282246
232338
253231
237196
277967
250055
255311
255166
236427
262300
259721
268170
238220
231292
276251
248982
268141
254377
267164
258720
239998
230920
247160
277516
233963
246859
255951
254712
239286
232772
254423
273303
264294
278379
268215
243575
227847
278844
262481
244635
227946
227429
251317
267444
278106
273357
274010
254759
229791
269187
231408
248038
246949
270115
245724
240100
245798
278113
231316
279837
270817
252799
276070
250263
233160
282231
235515
233246
231398
228608
258896
262023
231395
246905
276828
274785
259485
273224
267396
237245
228922
231394
227951
279843
258891
273993
258194
252422
246112
265638
228612
268700
270036
247800
261110
264320
233608
259791
267704
256396
248633
264254
260924
278240
249415
278772
272302
270234
268900
246558
229895
238901
237288
246573
249558
234705
251184
252398
244288
255240
235104
228729
271243
252593
277157
255771
282599
250788
231380
268134
277224
243521
281716
232730
240049
255434
238122
264288
264715
249047
228691
271744
261451
277494
241646
278356
229912
259051
269161
245829
243306
260155
255814
280565
278467
234266
280631
233548
255179
258204
230933
258287
275591
257618
243747
253226
231822
264403
248308
242961
282199
246597
253152
270051
264259
270767
279224
255191
277165
267464
278519
267686
268214
255020
235743
227642
258887
246686
252334
258874
282196
237064
246683
240275
235655
230565
267141
252395
261561
244279
248701
263897
270012
246154
280588
237556
245339
246560
233898
267307
277988
277896
278366
277132
269851
255195
238682
234346
250816
244851
269691
281125
231272
255956
255823
270062
253301
246644
232080
260845
270593
246931
270706
251601
251685
275147
258509
281704
275055
228609
269208
252309
248635
244555
252323
282421
280585
253831
267319
239227
239902
270707
242946
228542
234257
244808
273659
257171
249462
245814
265689
229874
235125
277192
241347
238225
281289
278838
229942
261493
261536
241198
257734
249464
276249
273477
249582
265003
265074
272183
254422
243591
230843
253500
267199
269893
271863
236485
264048
278227
261581
261415
244978
238656
231388
269860
251694
260787
282230
272313
275205
244389
245084
243628
246360
237427
277137
274972
256031
266903
233536
260260
231414
230564
255931
249840
282264
228855
268149
275704
261469
278322
261325
253708
234298
282209
247783
249578
262046
282206
259798
273656
235845
238830
263979
240152
256426
265801
243635
237251
269888
264396
241941
275202
265054
258674
237067
266449
233482
282222
228958
268123
244526
278371
244895
267182
265454
267326
229362
267624
278742
266148
274619
264737
231113
231257
279454
269924
273296
241920
256686
247649
243629
272148
264389
238086
237374
280782
270026
281812
232281
228887
261517
239224
228580
240120
234287
233494
248615
277588
262057
279232
258598
241124
282201
260757
280591
240068
230563
275179
267274
241241
231183
246317
273652
264114
269207
252832
277925
272441
255251
258962
228573
235636
228487
252595
252249
271882
228469
273689
243741
251784
259999
255217
261629
228581
253792
282260
236785
280183
243710
267411
270096
282262
235256
264410
230994
231274
234603
260732
255917
248618
261757
248998
236773
236985
234330
252063
246936
275155
267493
265257
273301
242963
282651
255234
257103
271482
280593
273270
275251
254745
265683
244373
251581
230589
249387
265473
249405
265256
268223
243022
230599
253244
236509
270763
281466
245755
274574
254387
272214
261424
260705
264239
253245
277225
253482
261505
275507
258915
270716
270010
267588
261876
246926
243021
273194
265022
276791
281664
251637
252363
262924
268710
256484
261871
273262
252321
270853
256038
280930
255169
253411
249046
228549
261630
248759
276031
251192
280620
260785
249573
278006
249522
273244
240109
259506
239287
272793
239931
228492
239524
232341
255522
234321
249220
245734
264734
242953
245811
263606
239775
264371
246552
246526
252715
261470
280655
277624
274254
273824
249357
232633
232322
282530
243625
272124
232131
253751
234416
252436
278373
241332
255293
278733
238200
259761
259779
276027
243637
270032
277218
233600
282210
231387
272438
266454
231493
282435
280139
271876
237429
277182
282200
237063
238729
252337
252481
270128
228622
244452
258905
250089
253662
267323
263902
234024
261515
277215
231353
239210
231803
232645
251092
273654
271864
237001
266174
239282
267395
265558
243759
227944
240073
252573
263938
276712
275701
231299
245790
249360
258856
277962
266155
244772
253236
280658
272740
278368
261413
249277
246152
275476
229868
244871
243587
228621
260792
248738
240118
273342
277936
255187
236409
241209
239529
252576
228932
230607
277514
282245
270040
257404
259803
262907
237068
277985
234947
252314
267470
257590
240047
255242
271122
278112
261504
277136
244573
259042
280372
237332
255928
275367
280621
231287
269175
267306
264176
267372
258656
282213
268137
246565
238731
265234
237642
232395
267632
282558
243615
246454
266068
258362
227884
229849
237239
231252
244799
235135
244352
264064
231250
252824
258418
243344
243624
258837
240058
262385
259253
255216
240641
267300
229508
278382
243744
238201
237589
250756
245007
227428
264414
230645
258529
241109
274107
270057
246436
273778
261756
243616
249017
242912
255339
241226
240893
243649
244893
231488
243642
255493
275409
257945
258935
259965
270053
234300
261087
268270
272764
277908
281158
230656
270710
267683
264435
246455
275735
243709
244535
262901
280414
257099
231294
272761
246555
240112
270283
232859
273640
241363
261400
261120
253630
269167
249437
256532
242235
267714
277995
269974
265633
262886
277837
232284
227208
240044
249760
232202
277352
247845
229346
239918
234260
262890
229334
244560
231485
275814
281689
277957
255165
252305
227879
230644
232648
249217
254356
258914
256462
266983
238721
273655
235663
267456
252308
282232
249333
253134
246959
253476
249759
261513
243857
274402
276807
277979
265570
235586
277213
231328
231539
236452
252322
239213
249608
264227
277846
267462
252130
270054
236787
255811
273669
234144
244358
273006
280628
252460
264333
248699
252410
250945
228225
272979
273038
277191
233813
275280
228559
246682
271213
238711
247817
243452
280583
263549
273328
254353
282635
282261
233885
228252
259718
251183
273457
274932
227940
260771
275213
271136
258281
277911
273250
237675
252380
265303
274622
250730
269821
263577
264491
236834
270055
228626
251032
270291
227938
234680
234259
230793
249796
238228
262032
232411
229910
270045
270203
252826
237322
277151
277567
232759
253365
277785
249459
261373
245816
269964
273131
240160
260926
243555
232306
252689
246155
277220
256330
258676
231259
262352
228630
263254
263662
229966
267994
268150
247265
275369
255955
273274
241194
229377
254897
235410
259781
251991
228562
256455
253248
234510
280651
270047
234342
252352
266513
249791
280909
228583
268157
274309
262771
272146
237059
270088
269612
232301
273233
270532
282576
268790
230591
267254
231819
259983
246665
240051
273271
271871
258890
246849
230551
266838
251915
234420
239804
267604
248979
237436
273249
267058
262776
243945
237108
236756
273822
277205
259507
271177
231186
282235
262279
265069
251912
234650
267239
258889
270312
250863
278375
234294
273294
255017
264243
245802
263759
252691
249469
277935
258736
229864
258338
264345
235535
280123
270722
240087
248362
281329
274602
231364
250834
275414
274620
231253
250926
278016
275670
277222
261655
234382
262749
249397
237799
269145
277133
237216
274197
234401
255812
247753
273297
253142
227935
275588
269170
261558
255209
232917
270041
269537
231760
277339
229741
277199
257569
246561
238772
236841
228696
