335390
307710
310097
323685
340699
312717
336729
331539
333989
302104
315974
312782
341565
346935
345988
327096
339857
327335
300618
329623
319265
333796
287599
319171
334048
303549
307900
320446
342129
327095
309407
313678
345449
311138
344672
327449
335000
317837
322361
332580
332020
345057
307805
320680
307844
290185
345656
343075
340860
318128
299732
307758
313423
309479
308662
314163
318129
347626
347743
329380
322332
298481
330656
347795
320522
341962
341460
344645
316844
304929
310860
304719
339930
326003
340652
309535
320650
329197
315375
304862
343754
344871
341655
331525
336617
348925
332437
329046
336605
300526
320552
331492
320125
336632
338420
304963
321595
309537
291363
304872
347040
304980
341640
346667
338376
315389
290176
333826
320641
336709
339695
347049
342854
320665
331446
339818
344777
348083
339878
315863
328481
333968
326720
307727
336177
315443
299818
336896
334006
339721
318124
321589
345821
285466
320722
330564
318142
310971
330635
322398
333169
336671
341578
328412
341628
309507
347644
344663
310759
317865
309518
302110
336904
336821
304911
341550
316305
325525
347009
325475
328373
313499
317419
307423
307898
327101
312771
345749
330537
323799
326210
344629
313108
343037
302006
341673
307506
289424
323729
310989
306441
336892
337607
338355
286013
323720
306393
342177
344154
310812
338431
335433
330998
291008
344420
309545
339922
338924
312746
320551
327345
336879
329182
347816
314330
309524
343066
323587
338941
333825
329429
314078
317799
327068
341573
327152
334328
336818
288959
309511
302816
312778
336831
290092
347642
336799
341469
302020
328609
294001
337982
306436
306492
338803
341210
341274
328446
331582
319661
312775
339641
335378
303507
322277
328425
343512
348343
328407
339877
327353
324672
320717
312674
341622
333914
327017
314095
327386
339973
322805
320747
307910
298445
318543
327435
297909
327227
334016
286039
330690
341702
312514
336101
322299
323679
323801
331107
325634
302860
325448
313516
310998
327410
302163
319277
339728
330585
333833
327071
339837
312791
338179
290873
297050
327035
327727
336660
328591
347709
345100
336878
310847
347772
312664
345161
325418
343725
325563
315320
325446
302047
298435
320107
307913
343027
314153
291293
344712
322345
319274
331377
290118
312708
327187
336765
308259
349024
335466
324239
322399
345416
283033
328539
338535
319577
320660
341595
307110
310968
339905
347273
292892
347750
307761
327014
345918
307889
308663
327286
346080
297978
344630
335398
307828
347673
290155
333882
327070
315434
339353
339947
347652
306397
331563
341490
289015
321834
338525
310904
283392
310707
328353
292900
320541
319003
325596
310926
309455
328338
330626
335411
342757
319177
333997
345199
312742
327115
325645
344667
302069
331375
329404
323687
321642
307928
338435
333994
342963
311996
315423
292696
333969
323854
283744
312709
324508
336327
319270
322386
292805
335420
320478
320064
313040
304759
340856
344888
321077
303574
341479
336712
343059
331459
335717
291323
342544
312721
347384
334848
340873
309471
333846
338538
325350
295385
320624
322368
320086
330633
321734
345150
308460
332794
336516
327158
344015
317928
343053
303527
341658
333761
300400
326709
341594
328463
327317
314571
309958
298407
337555
325617
330487
344171
339800
331526
310951
313626
304201
342126
316259
307836
328048
325686
318139
333951
323617
336196
313487
310753
319236
330204
310990
339304
345437
336036
325574
339580
345233
307785
326969
327218
335453
330534
348265
336915
327135
286015
308919
346850
347151
333939
341678
322347
327085
329390
305472
299738
310972
339738
309461
286016
328518
336609
341457
325608
323707
309533
329614
321083
331584
319194
345983
331389
311392
338979
304768
317776
322389
335416
319262
322214
338497
327083
283742
333920
322350
330620
322365
330841
310778
323314
345339
327108
323756
323556
313269
331129
329010
309880
330459
347779
323173
339733
308172
283609
307858
323853
330477
321609
310929
318140
336719
296478
292078
323153
309409
319259
292861
298488
344815
322700
303548
301488
296479
304330
341486
322373
320484
327375
328561
332600
312716
324881
323152
327210
290287
331330
338550
334698
347054
335385
324955
328971
334937
320093
343127
314090
333859
344761
327180
348370
347349
348233
309561
288539
327327
327318
321773
347726
306467
330485
323220
325602
314486
296751
327383
313445
336825
331474
318960
323807
307896
316516
321394
299815
313088
315463
344829
343380
291485
294778
283097
315398
322237
323168
348642
310827
333502
325424
327038
345340
342853
293471
327366
332461
323842
290216
319216
310886
336471
296586
346965
304855
302079
313128
336584
333983
336902
339731
315830
316298
334029
325463
335761
338788
327041
344719
338512
312689
311140
331326
336666
311935
327009
302190
296621
319212
339564
344102
339817
336845
346820
312759
302191
343018
287458
333504
322860
311013
348830
341633
322370
334322
303502
320476
333096
287878
328415
337199
321567
321117
325550
327433
326849
327454
319573
327770
336847
313228
294667
318143
310331
310723
322263
328505
333771
339572
307817
339724
296973
347014
329482
294297
328499
344782
316275
328466
335377
315446
342892
341514
310963
320453
312391
317943
310685
325763
323596
347633
306378
338350
338499
301297
318331
290303
347680
341603
304849
290275
307043
328432
338386
327243
343885
330636
310796
327228
317881
328337
342897
331464
336716
347789
294548
336815
307693
327301
304837
319234
329608
312701
322348
322311
319202
327195
347687
336893
321058
296431
336759
342964
307757
327102
304781
334335
313944
331540
294285
331495
290714
324764
343107
283303
306446
341626
338813
327208
314345
337726
295629
312650
327219
309512
316322
320744
335493
284512
322302
310152
333971
328467
346911
310830
323392
331470
346978
304819
326639
338834
307819
327713
325427
312786
336110
296476
322287
323259
323892
329047
322647
320469
295608
336667
320601
334798
343382
338366
304800
325089
339808
335048
341612
339577
327047
314036
309538
290184
307434
336618
316912
343132
314349
327347
339974
320546
334204
313481
344765
341114
284210
320581
323698
341632
324916
320144
323793
341484
325637
323650
336781
344682
344835
346056
319233
313596
344730
328480
323407
318731
328508
347640
343996
343058
339358
329363
334828
335499
335435
293515
332495
338889
324750
336695
295820
322304
341715
287378
313698
327133
328576
344547
347817
314362
346877
325053
295065
347641
328950
331071
283311
323079
283746
327441
309845
296660
307430
294275
328540
327288
336672
333125
322918
345432
342548
317774
341646
327271
312764
320098
303723
302641
317927
330436
320459
328582
291501
334043
287595
325584
297088
347700
295383
309065
306380
336802
291535
343130
345092
318134
327260
326956
323861
338466
316930
320499
329664
296550
315469
338432
336271
322385
320364
327419
336656
294902
333768
326413
320273
304395
338461
338314
327464
342899
311646
332489
319243
325676
307882
338379
299557
325536
322392
310702
343511
309567
318898
312722
296460
308322
314107
331324
297600
297732
343036
336569
349055
327029
340659
309482
342980
344607
348474
347639
339868
342982
320730
340868
332740
313099
345836
325677
302108
292874
338368
341028
320753
298744
322363
339884
344386
339277
341756
304916
338367
345667
331466
323699
321477
310805
296519
330588
323651
328343
312750
322289
325534
327186
307747
304943
325590
313854
338449
330610
301978
325578
304723
289462
336770
323775
283776
343142
304813
327128
346904
318333
323315
345909
331397
334040
330476
304185
338485
333203
330569
312080
320578
304937
332329
347500
347808
304769
323789
320549
335732
310112
306414
325635
319970
307699
338515
346804
342940
339416
320201
322126
306913
311384
331328
327293
325627
303580
334841
344280
285511
333903
333909
336615
319278
342314
309526
307726
301776
304747
315459
331444
341637
330481
307257
325648
307826
332950
315393
315986
283278
321491
323677
342998
347043
323605
338460
315297
337478
309465
323811
341467
347116
325595
325612
328471
310865
324925
325414
339575
296615
311596
346945
342254
322268
327403
286042
338493
327107
292126
323619
330551
305860
283358
307767
329375
343067
323745
322315
318338
322337
315468
341548
334856
309413
292625
310130
342939
307879
296992
317890
312083
322221
311387
338310
312587
332435
320122
314353
348939
320737
316307
310824
286589
339760
292910
292749
331345
330440
325571
346974
339772
347983
309504
306328
338392
345110
343131
304437
340869
330458
345284
328877
287896
325406
334054
339981
339907
326940
333923
330615
341477
326961
314109
344779
314110
328535
320605
317936
329678
330495
323822
327119
335491
312993
291507
330563
320632
293215
336578
342935
343039
344721
328457
291555
318111
341967
298351
342946
328352
338014
306432
336732
317912
323714
320906
345647
304425
323754
342983
331481
331003
344628
303516
336546
307808
336807
328441
335383
334296
309501
344732
285831
338452
338445
336798
336345
299853
320748
344014
303570
340221
318852
319280
288304
345182
326716
342885
320465
283646
333894
312769
312765
310156
345359
336637
328479
319907
312325
338370
310794
323881
336913
327393
336867
322241
339758
325410
325546
317839
335463
342227
325589
303771
315856
307815
338440
336700
345906
342454
341472
325620
323688
338481
308952
312774
286752
343562
327422
323278
339785
327010
313243
343112
339824
325592
348740
321736
285936
330670
328543
344599
317977
326279
347053
297913
337589
328501
309794
347661
317381
344694
322324
325502
328608
310991
325526
330642
318108
328421
301782
336574
335815
344683
325439
292820
322258
346997
312763
328347
314338
346003
296557
346613
307798
323879
330637
330916
307649
283816
322260
304784
343020
346650
314329
314050
327424
315385
325512
296542
335429
312184
341686
326718
330515
347714
323753
288743
328465
341502
309353
328525
323695
293904
347797
332497
338402
337957
334015
345277
298254
314074
322353
311997
298166
312799
311936
343421
293842
333049
322383
322598
346880
336649
325656
322417
310961
347755
344565
328514
304921
344649
332682
335864
338503
324998
310797
344827
303524
328859
307905
342850
315371
313156
326947
335403
343071
328386
336683
290874
328399
320560
331485
320670
343025
344824
348084
344752
322388
339751
343005
304970
310421
287953
309113
312748
344640
312683
312146
326648
338077
312790
283373
302091
329309
322339
326964
339390
320495
322259
309450
328322
317812
319529
341585
289058
327689
290079
298264
330600
314325
327334
347754
344147
309529
325696
347784
328832
322735
339761
343080
320512
304912
341654
290073
325628
307857
294044
318130
342312
346984
301009
335490
296719
339369
347047
328451
311188
328769
285507
335142
298876
328334
296952
344693
325493
344203
323666
307028
322364
341671
304922
333956
338364
324882
314080
293742
296525
319226
322706
318125
326607
304960
344738
318136
332513
330454
305659
317864
336689
341710
338382
336464
323712
341498
320678
320325
304959
317882
323447
284807
327281
327242
322161
345639
320544
320521
314480
344700
320559
342786
342971
336414
322356
341642
344403
331342
327206
310862
318327
334064
327104
333895
290154
310807
303550
339815
322732
315373
310969
319528
309092
344633
314487
341620
339380
327358
310764
334283
332279
336777
289012
290161
339950
330658
338514
315436
320514
320458
344745
308922
346849
339012
327139
312762
338827
312676
319273
339482
324947
323583
331484
323787
341303
320568
309475
341638
344612
335997
320536
320564
315301
306447
338511
296717
310834
291487
317840
348986
325430
328557
344655
314660
289033
304874
307830
334079
346623
334032
325511
323151
298624
327061
316242
342906
303430
327167
297078
289038
338417
321594
334862
327216
344921
342121
320565
328349
347721
331030
296608
314179
315460
327069
328428
347650
309558
315409
327466
336806
347723
323888
325570
344374
323287
320758
346031
296433
330842
341577
307878
286004
311017
328374
347636
331352
342855
343008
331368
342967
307800
309931
309492
339766
338371
328341
323872
327154
335396
344658
327374
311977
307840
310931
327322
344049
285907
348682
330638
316248
338451
320767
343077
331395
320610
338484
303259
314117
334743
326863
309423
341554
329216
283753
310745
328385
347479
302186
341544
317905
310909
349011
317802
310913
320100
285166
327087
307901
329217
327191
328423
328369
314141
329247
338434
348947
328590
309487
298390
333838
323758
329886
294485
312690
345183
320725
347696
342467
327236
349003
322245
309496
294193
291589
309527
327331
325403
335333
307810
323276
336912
296522
298243
339291
333905
327308
331469
331379
336900
325421
346599
342978
344723
327675
302858
327401
306431
309399
318726
336627
331332
293897
347660
327099
297105
299100
344799
328472
286034
309052
328388
347730
319507
323600
304809
323838
316231
335479
320780
323747
346697
345922
323623
306496
312781
344763
336452
289044
341559
335501
331452
330611
338486
332505
328494
336634
320752
325545
325472
323549
346898
327134
327103
309402
336731
314837
331816
342761
348727
312818
336715
330705
294185
338133
309449
325916
320769
322320
314344
343034
323867
304955
335064
324999
325999
308048
347004
337735
320705
333906
293036
344718
312724
323595
322243
328532
308713
317859
338408
297897
298402
336375
309430
322296
327078
320030
311009
336910
318147
347663
327131
317929
331447
324407
287004
342947
290332
349018
327313
339879
346795
330414
317975
335461
310921
332541
315378
337359
324402
290159
347697
328413
343901
339405
323659
327005
342907
347051
317691
347632
320557
325520
296503
333494
301973
325598
323224
346793
341631
340387
325527
319282
310792
322375
333918
311166
341142
301843
320485
337937
331893
307831
323825
344795
331355
322248
328611
307911
323497
327259
322265
336811
314031
320603
302070
342626
319993
330472
336567
330932
347883
331391
318981
327166
335495
323706
310844
310383
297109
307772
348326
344632
325591
340946
323190
346797
344637
310751
338441
326939
333962
323767
327796
309493
328393
335327
320706
313103
349012
329420
330640
319248
327074
328074
331381
336883
336568
341275
323696
325559
340572
339832
292449
319266
343977
344863
322382
342979
315127
331710
328598
332238
343072
336575
323291
304908
285458
284020
322355
341705
328041
325513
323840
334031
296804
291945
322298
331454
344726
342160
344701
315400
283259
325577
317800
327111
339920
320320
322396
309178
343030
344698
329656
312454
292807
340403
347802
314342
341941
310912
298145
318101
304885
313096
310978
321076
338820
320457
315145
330384
323310
323887
307775
320740
307789
328594
312788
330474
330721
328401
322317
343061
312679
346841
327084
344664
286041
317797
338351
344670
335373
330433
304823
309485
306489
320597
333940
348633
318334
339906
327368
322824
339814
330467
320712
303705
330632
309813
328473
302073
313327
334053
314172
335470
340307
341542
325619
322323
339796
311382
327382
327105
328577
339806
336694
328382
326869
313051
345177
317852
306491
320686
323177
312631
345618
312815
304965
342875
328604
327031
341047
323771
319204
302164
302195
333913
341761
318113
341541
331523
347737
311601
304857
322402
344380
333805
306440
289215
312652
333904
346689
347030
318119
343138
325604
304947
320502
291232
313551
323394
304758
343617
310911
320633
341504
314170
321752
331105
337134
336253
322285
295953
347670
335492
321932
346901
321597
312685
308639
326960
338907
320468
335399
344860
283428
309486
311018
331372
339899
344722
322926
313554
328482
310710
330471
309408
339790
309517
314197
317809
295968
333937
314350
338513
337829
304712
318144
310803
328389
341584
336744
323678
325042
332596
328529
312772
344800
331930
312023
322500
319267
323721
304178
336655
336813
303487
308746
347811
336760
285915
309454
327432
299730
331570
328455
342554
311031
323724
342420
345206
344287
329160
331104
297071
314154
348884
300634
328573
319178
341391
309731
298409
334331
318137
342961
304446
331380
321584
319175
339932
317853
324919
323749
302165
330387
302105
314577
304941
321062
285456
345044
346982
336682
323648
342002
293320
321697
341616
343815
321602
320232
325465
284096
307742
325624
302918
348025
336790
335439
296473
344330
327121
327052
310412
320658
331449
328542
347775
320723
342943
316313
310986
292096
343015
339756
334056
311388
345620
288848
328484
312648
294273
304839
347042
295888
314158
283094
344638
310763
328531
321512
328564
309296
341636
343638
322641
326667
308760
326180
328450
328716
310765
310826
293885
327203
327363
331373
334024
327001
336461
343032
320727
338504
327268
283773
324962
341587
327438
283324
312663
304931
343101
312711
311555
306324
339783
341518
344882
345727
338422
283410
323589
333947
343048
291078
334004
327213
309464
332453
326084
307776
327161
334329
327899
319268
310997
292729
318624
328602
345350
342916
314138
310965
322394
345933
309542
335446
328496
329453
320451
331413
313740
295100
338361
323764
338643
319239
323841
336654
297085
342917
315418
347038
314343
291497
337543
315933
342100
328861
325433
324653
291565
284542
323593
334517
323297
347756
303536
329397
332484
347141
310742
347648
331362
328538
297618
319220
320699
327008
327164
339940
317818
327389
331594
328400
325029
314363
310423
325540
342969
338529
336215
311003
314340
330643
339803
337178
347681
331565
310508
291489
342903
319201
313707
340276
336670
328461
338455
344699
334039
317817
341653
327369
313697
336619
325423
296490
297320
325798
339969
333961
288164
317847
336734
317954
304977
333395
310856
345383
341197
345349
290128
332450
341709
330605
291536
310838
314574
331364
307908
341652
322224
328551
312617
343684
312029
328469
344688
336576
304925
327192
344720
331458
348958
289252
322125
317879
348075
333893
342981
333481
312787
327182
290150
330279
344813
322362
327143
320577
296896
342898
336749
289788
327204
299963
315321
334980
306927
344737
339249
344601
307919
320653
346068
347252
330956
290191
302155
327461
324585
323845
323621
285556
310232
287460
314186
332401
304194
296106
346876
293960
314187
338487
291815
302072
323550
342723
321475
330650
295915
307865
348669
347651
318342
338152
327329
325435
316317
323285
326066
316241
338362
322292
336751
320694
319205
328431
338150
296510
302171
310845
347264
343050
297027
312812
347656
346824
348253
319525
310934
320691
310932
341556
315867
322341
333871
329187
342055
321395
342763
333887
320542
347757
325684
312639
310744
320907
302097
339895
329024
338169
326769
327073
325555
317963
331327
292747
327202
346066
289018
328528
328817
322215
318777
320621
288028
317974
328460
283718
296963
324576
327006
302173
328204
319196
327437
343716
325428
323715
327361
327325
315427
309489
314318
284564
327338
295967
334012
347690
336264
293564
301809
319219
345771
298457
327931
323866
327120
327051
323819
325622
341639
308592
331520
330918
347322
320462
334080
343006
335763
323864
303477
309513
315947
304853
322319
309534
307892
339891
286012
320477
323663
335365
331547
333773
297910
331428
322316
313452
337384
328523
319237
318947
328940
325405
341473
344715
325618
328567
330606
343029
315198
317692
341564
331480
312634
303572
326945
340265
309556
319179
335366
323665
329840
310831
348842
333791
312688
322244
322286
290009
328552
336788
327384
320574
328380
331785
344792
302051
339989
310038
324571
330496
336686
316278
325585
339702
335374
339749
336757
327423
322404
302167
313685
324303
319227
310842
320487
334008
309321
299735
344636
310973
326837
291658
328395
311843
304967
305885
339853
347020
318681
303255
322357
328562
344735
327309
328487
326706
330513
310015
328392
337420
331408
341617
319251
330509
312768
296568
325509
336882
315416
341463
347746
335203
317965
290186
330571
315367
338470
287983
336747
328365
343728
299780
319256
327460
314348
300604
336600
332112
345140
297932
312026
344048
349016
325456
348875
312720
339730
346753
338448
318729
331809
320570
341537
336827
343797
291721
312176
307794
321566
316905
332796
342792
292893
328975
310769
314001
342949
330143
345427
290725
333760
293317
323774
308089
308641
318748
290177
306897
312809
345782
336563
311036
333600
322558
347956
344684
316374
327044
339779
331912
300369
336782
348022
339392
284284
341681
302199
300688
302882
346977
332569
323637
305344
328124
310398
294282
327163
336301
309573
310443
337398
341589
320102
316391
313570
339750
338259
323227
329112
325153
294511
287879
347589
289884
325548
307491
307156
308587
312814
299722
316382
320677
336191
330979
292436
329481
300720
323852
329248
335569
304306
289933
302543
348813
332516
302550
346236
324609
330317
334658
298199
346576
307440
316263
311463
342547
305624
340496
307564
324290
331394
284283
341546
324095
327405
309345
336369
307732
295712
320450
293567
324189
342888
330518
327866
304397
299184
313769
285596
300489
296401
339342
303675
314161
314060
323828
319340
336840
344914
323275
285267
287377
309425
344615
331609
311807
300623
340412
343424
329407
295121
324944
328941
347444
286591
299430
303231
332503
292370
298086
289764
316380
315214
319433
337916
340408
339851
344852
323616
319721
319359
295683
336098
286686
331100
334243
323346
318541
298408
317947
302572
320022
303883
307478
313942
320115
299917
328180
316398
305117
288036
289924
321954
333039
310790
299772
293602
304545
294077
336360
318931
305707
288712
305896
294688
297610
311014
343109
330659
298511
297028
309252
320703
346050
305116
342578
315599
347691
307459
343135
310426
307894
336648
332286
328331
313540
347128
304448
329871
324569
319494
314848
300700
339794
348761
322886
329043
327429
333562
295210
289149
346077
343014
316269
326141
326640
335637
323626
323141
316064
316992
314879
345336
336651
323821
338282
345193
329269
339096
317910
312792
287524
345517
317749
341583
323281
308077
330201
292375
299644
346867
342849
300687
333749
283304
298038
298393
313428
314545
303640
324302
297765
302136
339311
336832
313382
297998
328277
307791
337446
315407
316209
295205
342361
300358
306599
345943
337652
304451
319997
292899
319076
287401
343141
305506
285797
306265
336677
346937
337015
335617
346450
313029
300626
316857
348858
345440
284742
309047
339658
314978
305413
284171
348723
300543
292382
307715
345541
322048
304267
347722
298055
334762
337934
342518
315190
309337
298322
347732
324635
347785
348358
283027
319688
292683
295155
329887
307493
304507
312894
337600
287982
299913
330608
326689
288715
284805
346842
288170
295136
291250
302333
292390
339685
329350
324035
339863
313997
339498
348863
326842
339462
318738
323356
313646
313767
346875
334046
305221
347288
322354
313691
288843
324626
303264
345059
331461
310498
345194
321172
330743
302566
300438
347646
328381
304089
304447
330691
321180
340467
325506
348866
299509
305386
337338
318456
308074
341575
299919
337619
289760
315833
322334
306443
322563
338227
313754
342535
348987
293360
327568
325457
293589
323200
297673
284373
288046
336119
296470
324921
297960
327474
309762
311858
309947
298213
290072
322616
304406
343622
316201
284555
285536
309274
292233
339222
339438
328005
320136
293605
347689
333606
287053
331367
345773
334481
313959
292379
302877
303731
309539
311611
302561
348229
303565
329440
321478
295956
322619
334217
319296
340704
307545
336644
304457
289942
295150
285412
325863
296527
343423
327652
283253
330047
342670
329843
329315
300561
289530
344660
312954
302416
319410
327651
285565
286653
309247
332426
289108
348628
314045
328585
342650
312857
332221
342307
295818
309176
287355
316424
308951
326644
326625
335575
332449
315482
314866
346789
330674
309042
289710
320418
295023
291718
314655
342439
325325
311301
307536
298442
306796
312058
325521
286696
327648
299988
319096
285433
292118
341674
310513
322450
286601
341825
326891
339402
286144
320235
288955
292462
348126
344674
328589
343435
347961
333753
288194
316286
329475
284241
283442
340493
314855
336219
322834
315930
339725
314129
313304
292837
311154
307289
316168
289800
296954
294507
335232
314306
307378
306561
283889
325134
338491
346410
304265
339375
283836
320409
299721
322403
294209
316369
316368
339107
339458
315413
316393
324346
339334
307937
290705
294443
319333
341862
311263
345049
289201
284787
289929
324388
320486
307350
330491
288374
299531
347595
330619
316378
327649
335632
306054
300434
324357
323337
319727
345457
312858
287031
305351
333179
283222
296741
314079
284230
329348
323725
327927
332267
284573
331517
328621
284154
298417
346800
335056
304705
307249
312149
342994
331986
303971
290589
318640
315069
291290
299619
292207
348061
348594
347741
320902
323647
291581
346900
320233
343650
314466
324231
296733
303669
344847
284667
322310
334075
338600
298270
322940
287963
322613
289112
311512
294851
317971
335445
310437
313194
335868
304038
315170
315461
335685
330531
328280
292886
325454
289547
289221
346480
336323
348359
333945
290480
289127
303901
293467
318680
315471
289602
305997
294777
302489
328848
309463
304088
285621
338483
290429
315307
325671
342190
333378
288019
301945
342276
316491
335797
339149
316446
337156
339967
339435
298629
304713
344709
343001
315918
305944
347555
284651
339882
347552
339763
284671
307918
287345
308422
292238
294431
295653
286417
310585
283420
299755
326441
304846
286567
334256
288587
283857
305303
311580
323750
306572
334513
289662
340730
306847
310171
339622
285819
340622
305809
342127
326112
303888
315059
342366
321984
302382
333790
291622
300710
287857
319187
302145
338605
338624
302502
339904
321586
329870
294522
347686
345781
296387
303360
297483
287986
344500
337946
292760
316128
295535
312656
284177
296601
303412
316056
303959
284018
343106
331825
321204
301903
332679
339114
306806
310671
333382
287788
332171
340958
321467
344318
292245
310821
331401
299769
303683
345815
304619
295334
347719
311728
331671
300828
283369
296264
337125
342422
341807
322631
342187
309106
327447
285553
292194
293918
307042
308340
285588
344653
288203
331164
345163
314701
304070
346766
302124
312582
291182
295289
298387
315295
326168
330525
342637
287898
289628
298700
292254
327741
314114
287920
295713
302129
303251
307538
331515
306873
298517
332568
289205
289523
326880
329186
337637
302345
298503
292894
301850
289625
297348
285467
309554
326242
315457
285544
295884
336888
292296
335631
294932
330689
292685
296243
346981
294706
345167
287824
292682
288024
340175
335627
312351
331143
313508
304211
346412
332645
289191
303386
337628
312784
309803
297262
317930
320348
313006
324820
294153
341249
289987
342283
331337
290659
343125
336232
297678
293226
330662
296330
301306
311418
338955
283810
303652
283302
299054
328954
287918
296957
319246
293561
314600
339786
310650
294421
319924
327284
288361
286812
344692
342643
284536
288355
325192
338696
342762
320501
344917
339139
312585
286072
326270
326397
304170
307599
294795
311564
302009
301282
287821
339787
292093
335825
322851
335928
301867
304071
291659
327576
318289
294679
306121
315623
342798
311280
346972
284128
328620
310303
300325
324211
303628
288415
306829
311905
308999
306516
298854
302447
336507
344273
330489
286167
299328
334790
302939
294158
336086
284576
288045
324403
291614
344685
311407
283443
327984
308975
304642
342142
306401
320426
288307
338863
301633
317788
327426
284454
348184
304708
318377
336848
326325
301859
325093
329351
311221
336780
328648
307721
344656
313715
298100
314780
286748
296414
321947
327337
329692
283384
328642
346448
311446
306865
284601
324805
305114
336093
333973
309344
289131
315486
344350
286131
326238
289218
325195
296597
348968
336702
334535
304259
313141
312986
298095
289037
298476
296169
329091
341851
296391
333488
294697
293947
322970
315603
297209
304550
292995
284245
347820
329933
311152
285996
323757
339113
303585
301892
287840
313263
284261
330494
318291
306519
308065
325731
292647
338833
330523
284471
339087
324691
344002
286099
301125
336855
303123
284387
346708
347018
315709
342491
323891
296526
326816
325569
286069
309832
313921
346871
301844
338210
327246
283310
300781
322749
339829
289851
347911
303481
309506
294905
335774
295976
285549
322193
289060
324414
331206
310928
308748
334973
307713
326167
315201
286802
333668
322567
340115
301840
329877
310837
291179
290317
295847
308930
295374
331700
306595
348502
348396
294305
285520
304762
337362
325368
347725
325860
294865
324872
338681
345870
347287
330596
285842
347446
285468
297013
318633
338948
337133
288227
319887
336571
297577
283295
292230
331015
312229
296424
309015
344405
283681
296124
332798
288560
304113
344814
329497
303303
294279
313544
298509
328867
333482
347955
310107
292719
294133
341171
325445
339098
289566
348132
301291
321353
287819
345036
336075
328209
325562
283798
313368
284167
345969
296326
289615
302000
319889
345389
293670
315891
309039
341864
337894
315912
321934
313192
348569
307098
328548
347100
311931
302398
307021
326680
306647
289495
346341
295748
306101
299596
310777
310892
296020
308986
300851
296150
304488
287910
345434
328105
294211
315425
288384
339215
334931
300320
342299
294814
304667
292154
307701
315916
288174
316478
332719
337171
291484
345324
297665
329005
301863
340653
307205
333394
325652
316725
309170
314540
305249
319711
325453
327036
286238
312669
296647
285932
320987
289540
313493
329707
291974
302172
294249
321949
289334
308177
286745
304629
333722
338992
298267
315299
284832
295963
344634
291629
295198
311007
327982
326166
328730
299941
332608
289145
323505
284065
295962
314524
341222
304653
342769
304010
339088
318906
301896
302854
294750
314168
292648
287674
289918
292246
317042
317946
337094
292756
341683
298892
344885
285564
288578
326010
296531
294816
312347
326195
307202
304964
333740
294789
346617
291956
294900
292511
292530
346823
321671
298486
339742
314691
348843
340757
342169
310906
302347
336661
283264
307076
317408
297250
300189
348297
316101
335870
315777
317786
326233
347988
337913
336474
288630
348433
301902
341487
291590
325019
311940
302451
335982
284693
304524
339984
303591
343879
304864
313204
290136
293591
292854
340355
302863
304891
340485
338771
289614
284332
323255
328062
348171
347858
320901
293549
302646
296252
320754
303518
340420
339934
303244
322343
329708
315796
327007
292714
309017
341247
305226
303272
289604
347845
287861
348463
303302
302509
283812
302109
301678
304414
306339
285582
316553
349078
303982
289032
283269
298168
348267
331597
322813
307839
322431
328600
341975
285944
332125
323788
345984
342619
329141
313339
340270
324358
326125
301262
321074
293912
336167
309112
319203
317891
300246
313809
346411
314781
290983
331091
347679
322516
297671
306379
315428
312627
283398
326272
334835
318691
323483
299018
302154
298686
295484
286240
322409
326400
319851
346971
320972
328145
337784
330603
294203
323426
315430
300475
294245
302179
303431
297817
308207
332369
331005
337640
293652
308893
322635
289550
292639
318449
310873
344297
284217
338994
290333
318921
315472
339673
295964
297006
347583
316116
339118
303778
298202
329117
336550
331696
337068
341592
330542
348128
312361
307004
311782
302152
325675
294571
345172
320307
298397
316000
313106
307100
339083
289509
323886
315885
314040
316066
309453
284367
311550
289572
346335
343923
308212
315632
322374
338888
331991
315174
330587
288205
336399
292112
307617
328624
345009
298429
304241
335595
285099
335313
284290
290163
293770
347154
323768
322592
344900
314145
348519
297103
329027
328426
327634
319366
286142
294136
338411
327446
296021
302446
333389
326147
328219
288785
326310
310879
328272
295267
344083
288056
290103
330746
304751
340676
306986
308782
319558
331679
288421
314427
314918
299928
307850
336512
332277
315710
319323
300301
298806
331475
335454
291315
287817
328181
344844
327969
308664
284895
285808
329488
286070
326188
283201
297653
289799
286495
344329
322610
290098
326032
343057
317813
341885
317833
294707
322458
283243
303133
303497
335098
303733
331511
283268
293924
298683
302675
331645
347649
300198
285563
307888
314653
299883
329670
314384
292831
314189
346994
321985
327420
325781
302470
333736
330449
333880
328881
293065
321960
342340
347963
339888
300441
283288
303434
298659
293835
287784
332156
339505
291432
345164
328896
307102
323187
342250
324949
348536
310539
301881
283520
320548
286137
341859
309194
306512
331519
327445
302448
285489
303522
307735
323454
334786
348185
304156
324416
334382
348203
303341
340146
283255
301872
329663
338856
335498
316546
320736
317621
306198
300677
296627
338130
297695
326424
343812
302174
319364
328891
322634
347894
296269
333978
310481
345187
293222
347023
309394
346277
306278
318880
290343
295281
342070
291128
285607
322599
343108
299810
308143
336703
286377
307412
325145
292003
315889
285222
331430
305142
291616
292593
298293
297278
297434
286025
346838
304777
346815
292124
319570
342487
343964
329173
322847
347281
307259
292595
342233
323305
341006
286299
295796
316474
318095
284798
295906
303970
283987
328025
324177
301346
316270
313326
315119
329000
306848
344646
327737
327694
341268
329370
328220
320373
329955
284214
303657
344797
347804
322636
296583
284933
328079
315809
316130
332093
303972
304166
291515
304085
320359
338797
330826
306394
342209
349000
291302
308948
302010
334001
319898
298385
300258
328596
334051
287830
326567
315358
286525
287465
321948
339607
329654
347585
337181
287461
290616
294978
288204
304028
342309
285405
295335
303840
291915
314200
332690
312156
285567
329201
325510
320321
339099
289607
300183
306792
301842
331647
313220
290138
283330
335436
291929
299438
298127
338849
343248
288365
297615
303204
290107
342913
284668
283645
307463
315834
313528
299398
298414
312079
325793
290719
322276
301023
302149
286797
287888
298164
284474
315318
332522
285056
342651
294882
284691
335307
348147
315386
283419
299454
317032
299844
286439
316215
306330
307196
344924
336562
289200
304816
304658
328856
304210
343634
313902
313478
309400
321004
326602
315999
334375
334930
326263
331730
299076
339964
313738
348524
316804
313373
346976
346373
327402
301174
323488
290119
339100
292197
292297
304791
301503
342608
325541
290521
319806
307702
315038
317982
319893
343988
295636
323334
341696
332614
334832
312442
347780
288595
289214
338719
293812
320015
347704
334755
318608
321075
302949
328961
309548
296489
289079
310622
298808
294402
315123
320395
312705
308651
338855
336515
329032
295799
296626
343094
296395
345822
294261
345991
347677
336006
295276
325991
339119
323183
286366
337980
294240
342773
283299
296635
341272
291749
289433
320749
344942
313935
323452
297999
339135
286530
307096
290698
312447
342202
316041
332289
286194
339439
284239
336472
300550
300238
333512
284372
317035
306614
348548
312868
304906
348098
304815
336484
341840
320927
328103
294288
331554
302023
290481
293560
291532
316100
294765
288248
303291
294878
294760
291439
333972
325468
290127
289541
306214
292694
314056
325662
321119
294793
303853
301292
292109
331159
338277
285995
339927
296135
299875
327839
319228
302055
326202
309436
303776
303511
298701
298369
289668
290297
300354
286262
322649
336509
300327
308388
308291
312852
323075
336705
327596
335636
315480
342719
285434
283319
301309
290880
296420
307667
300257
282926
296734
304704
302341
346868
332227
313768
299767
304560
304608
290484
303983
301854
338502
303944
345083
348629
295701
316921
325653
328434
300209
304214
296636
335757
304229
338868
311473
330110
331614
317822
348398
303931
297066
289027
298400
313491
345950
287966
312714
328163
326468
334327
316986
298256
326139
306151
296688
296373
293993
309868
341798
289513
323410
338950
330543
336038
293819
311560
335740
336786
295501
307207
294821
310340
302168
301299
328517
341536
288795
326952
308673
299447
288826
285444
306965
290947
314099
290665
338683
304481
299857
284533
344135
290304
320889
293754
299727
316187
329166
303586
310676
285661
342774
310088
283262
296606
305253
308279
331890
336724
341551
338375
333855
304956
331499
290678
347126
319908
348556
289504
284051
283424
293881
342835
310850
327475
326267
312028
333849
302556
316528
326182
329108
342099
329591
333487
322460
306113
317024
342310
303958
310902
340311
348969
292895
291776
283897
341043
288850
346456
303385
300260
292528
349062
306331
300263
334381
311375
310942
313941
289379
298268
341255
302383
325124
288774
338876
283248
296290
303752
302534
318916
338603
292818
336646
290281
318986
287973
314004
341042
298849
302153
326336
336740
331533
310120
326243
301975
312630
289470
294734
327016
291624
300026
329936
300840
301811
344136
291730
307704
290741
321175
327997
326546
306724
297827
339919
338232
298974
288527
336207
316162
309097
298928
308418
348704
339359
293975
336307
298633
324210
297983
319985
348923
328754
307603
293925
292598
297506
315060
287797
299136
344352
315559
289405
284550
328166
298478
307395
348783
338637
294481
344055
292695
338556
287820
293150
292665
348214
346046
301203
330665
337898
315914
336465
338663
340399
290492
347343
300838
289865
289499
334805
306114
349080
315979
306148
348180
332281
329002
322657
289543
290567
317139
337841
315066
294011
283181
334084
309669
339429
287908
297101
316469
348274
329324
321762
322432
316990
300324
294009
317743
347149
327701
338574
306237
331697
321988
339305
299660
336021
332342
316102
338640
314566
345555
306725
338882
344893
285586
327992
308356
328736
312440
307554
284595
321262
325851
315957
346241
343088
339325
318217
297614
332346
306936
330319
343245
342576
301714
309974
315089
291753
342472
305556
289519
336540
305437
321998
347879
317683
331135
325724
297604
304616
348946
337294
307312
293443
297425
345548
311766
306034
328283
313659
334651
301079
322934
330263
300277
299729
313370
327857
305604
343444
346527
320582
347159
342783
288414
293445
322787
300230
318177
321996
346699
327867
328634
293297
319639
293451
322164
290021
333198
344202
347477
297143
295827
302693
337345
324735
295803
342153
293309
329365
295911
287722
329693
284867
296622
305503
295859
337570
331063
297685
321993
347368
298914
332010
294639
299319
347693
288342
313369
295728
285303
348262
289520
310638
289531
299007
307601
290768
284775
348956
324401
298076
343888
290700
285245
313655
330898
318314
306478
346640
304114
304944
347864
311761
310605
326153
311398
299051
287390
289912
318618
311770
289835
310116
317415
306674
303960
290756
287374
332536
305460
311760
293331
344191
313546
336288
295770
295226
319011
310635
333804
311758
342192
309269
342036
308449
310677
305158
348212
318569
329433
322925
317619
331969
310558
301797
301234
346698
335957
311365
337229
323333
283204
324597
338986
317442
307103
293355
295751
338902
318707
308415
283769
303743
285329
327307
313471
326878
318415
318476
282962
323539
329162
290561
341803
310024
332290
343102
310639
307730
313451
332118
334647
342716
326818
299357
305496
298504
309734
343978
307104
332680
308838
333964
301931
315140
343718
295265
323817
308339
343052
337335
332728
284623
324645
283854
297991
307179
337210
342072
319610
334491
334179
295487
321999
329362
343624
306462
283110
340795
294838
312929
295856
335984
342936
314526
288404
319019
290547
306797
329157
323480
291792
289949
295861
336502
285240
310080
336503
335978
342746
303300
337590
293294
312989
346052
307115
323468
292257
329580
329660
345402
304618
297219
330210
309142
325738
340188
283557
344146
284575
289781
298718
335851
308851
328973
336800
348409
291600
332390
292255
283699
296969
348872
313946
321549
317440
283610
302754
307213
326356
304895
289184
333558
319840
322859
330165
284910
326360
347596
325356
293919
299237
315090
337750
296138
303820
318275
293695
291011
322720
296413
308585
330323
342302
321625
325072
311729
309061
325949
284429
337769
311872
299265
308228
284565
294556
316999
303172
338826
335785
307613
309833
331046
315013
342284
294593
337975
315677
312267
299248
305810
325996
298269
306291
345917
335041
322878
296011
299350
291877
343637
311869
325930
335793
286241
332714
329615
331792
330822
302559
330036
330802
345487
291119
289453
348031
341946
324783
289377
328734
290766
286219
291268
342770
303825
320328
291894
342268
328226
312209
290984
293857
338003
337988
320746
331947
337922
302962
345608
325235
308061
322506
312287
303233
292754
289375
325118
327609
294533
302959
341802
284436
302945
311532
308791
338695
291829
296371
324738
320720
328788
319751
294519
341947
327333
328046
306728
330244
315670
319502
321809
324843
295850
311328
309055
305985
335043
299257
321269
325944
338007
286132
288395
330320
337755
335745
325936
337816
305139
321606
293938
288763
307508
338782
335741
332086
299298
303160
314585
335912
344853
296163
296162
300217
301771
325942
321783
335042
335071
334677
315678
312345
313163
325037
294574
309736
308773
303121
297361
291009
295103
338660
339621
294563
299242
307870
328067
301178
291266
309053
324778
324890
305798
309774
317105
325008
290108
319495
340492
291260
308338
324499
328044
303871
303826
289305
319681
341082
325018
308903
313807
321771
315684
322736
345610
299093
305825
296153
339842
291017
315571
293818
287065
321822
305907
314921
337730
308794
319401
322679
306765
344024
324988
296397
309792
335795
331797
296089
343954
313681
325112
313098
306737
340875
328032
341915
299965
299030
321581
309793
312276
297396
309816
321010
295563
291196
328924
328768
337989
303829
333774
348318
340895
291850
322050
339592
297401
306729
331004
293539
323070
341750
294528
338799
286225
319555
325934
310700
296404
328068
308579
283737
337756
343516
342753
288802
297611
317351
335735
338962
306049
306078
342164
325009
315734
294348
303047
314672
343956
299256
296351
337823
344017
325938
335781
311537
309036
305850
330654
296022
306795
343793
291239
291853
313078
335704
302694
315671
313079
318269
337903
334415
321676
319321
294588
335023
307558
337998
343772
294349
312368
337689
325935
291764
337743
324894
321811
288018
296158
306773
328685
333598
306790
321198
345860
299247
311913
321638
322716
306053
291336
284460
330782
321640
306100
336334
311722
319621
305644
328776
319500
289333
337758
312278
344225
335522
311982
291797
344023
330801
325977
305908
308593
299252
336886
323260
306033
305581
345665
337115
291191
335059
304179
286479
291838
294561
337892
285682
309780
337973
306741
324278
309844
328033
321608
294520
330810
341917
291840
311979
341098
293093
296139
300643
308889
299239
299250
308979
293425
335980
344803
285841
335583
343991
337430
303737
296361
321665
302763
335747
326096
307045
334851
288776
308781
321611
298080
317772
316232
300056
344182
286931
315687
294523
323444
309784
308783
284439
285680
321587
321590
341046
341117
309841
330776
284428
303167
321603
328030
337765
284438
315047
313355
344144
338026
312272
325836
302943
335024
343955
321841
340841
299333
291835
286303
293890
293688
325927
321647
305818
338001
305348
293779
300161
322840
336511
303873
289312
320312
321780
341090
344862
347176
334943
312378
330830
324295
327315
289308
315672
309014
285786
305828
308826
289304
320377
320414
340658
306071
316057
314637
325941
340933
293851
337741
303076
297334
306610
284036
303022
303746
323511
300432
341153
346552
330121
333078
312960
326045
325979
293837
296412
304896
348034
285696
287999
293909
348054
338017
321604
324886
341224
348170
342025
344019
315673
291866
306020
325978
341415
336361
291852
295929
297322
299283
338783
294592
314447
308959
297325
302812
311986
297737
328765
318152
312232
337848
324123
294535
307529
308962
329114
335946
335010
341072
307691
319511
320251
337967
338802
300050
309805
302946
285690
346252
346679
325773
345583
331538
297324
291170
330819
293264
291762
306045
311569
344070
284435
335375
286223
296232
330834
294536
344022
333145
285698
319560
302846
305831
308966
315024
303036
291906
344215
315620
303176
303855
296271
328790
322734
306084
302593
290988
321740
297329
308763
337721
289303
330104
340606
334971
308574
294518
337424
337711
309823
287108
314906
321588
335768
306732
340850
288754
303869
331796
347462
303872
303818
299405
299095
325010
331788
289383
314430
336225
335051
306738
330283
342589
297351
335731
297634
303639
319890
308589
306047
296357
320332
296410
316521
309846
340864
348029
305785
328042
344168
300052
330799
296136
323495
311999
339990
344190
285791
303830
298227
336212
315820
330800
306788
324761
325932
340980
343585
328082
296374
309856
311725
309921
315712
305218
303157
313716
306070
311268
338794
290987
323217
341935
340834
305829
342217
325861
295311
335737
338024
340667
347868
330169
334892
332429
283977
328992
341086
286220
289327
345585
309815
293898
337992
293920
314912
295126
284425
312250
300107
325994
344041
302944
331798
294531
305895
309732
291243
348026
321763
303827
290999
330796
284050
345096
291474
289226
328085
291081
323326
343997
286502
313127
348261
337757
309003
320998
297621
348179
314965
300048
325223
291194
344043
314926
294538
288741
344012
312448
339302
283785
294589
295919
290837
306051
290636
340833
305641
318457
329943
345857
348038
285262
297328
334196
325025
341095
288679
291013
308792
329880
289311
320349
328043
315675
291868
325032
300689
311457
300049
340468
300253
306050
293764
338691
330787
296814
303336
344010
303666
339433
337891
297628
304988
328061
343989
303188
340960
309808
322717
309085
293095
308529
316828
343580
320073
315203
342556
329490
292471
334905
325895
298194
295149
315419
294108
341607
318464
310612
298107
327968
286433
309050
316001
300653
330919
332018
345979
283791
299181
342180
315992
328991
323253
335046
329443
320059
284237
339515
308569
320339
313621
314930
299997
323232
318448
326192
299999
286426
286459
334499
337355
286415
285358
313316
345507
300360
299998
305486
323241
342575
288411
339344
319131
315384
298025
308400
294491
342534
295543
341904
300861
286809
292470
300404
321084
341409
290810
341535
299101
316898
307061
341400
311581
305470
345805
308597
331225
343859
329218
342429
347861
311652
322793
299586
299637
341515
348521
314321
298298
296294
341237
325139
335283
311667
291625
300775
288471
322690
341894
318604
339081
343862
293724
294417
289975
305611
321374
321330
300581
337557
340110
324409
311461
329219
344177
343840
310425
301333
324168
343587
320884
343611
296789
297939
309031
300771
330031
287563
339943
319614
321268
342229
291795
310365
311800
332168
311812
346668
330938
346630
316251
320262
305435
313967
325813
342814
314627
318312
328918
318622
321387
332354
301197
300571
315437
327565
324281
316496
322924
330778
294344
345285
295112
315439
313614
338739
284760
342819
308342
316731
338658
345793
302533
295191
320344
321310
339479
316455
301264
315984
337558
337025
321991
320397
319949
326432
345840
344543
329456
318391
333745
324186
316355
301662
292465
325014
348991
316402
312387
341527
332661
330947
321307
302866
324327
316810
315743
314596
300329
315020
293419
346473
329471
298766
300537
330180
310150
326533
300023
315985
340229
336995
334569
311938
316868
309766
299645
329535
305747
287508
336131
342159
304627
322933
307317
341462
343539
301289
290801
334584
297599
346211
323499
339261
327688
339959
343892
291397
318535
320058
320081
324310
284763
334708
288481
340540
329026
291390
333243
300615
290843
347647
302476
345311
340692
327555
322952
316002
346931
316527
286979
301127
318302
304552
329714
325710
286353
346503
315682
304463
311539
348134
323472
302917
316166
329867
312371
291348
314814
330067
293479
284389
314582
313065
290814
301317
347532
341889
341711
287043
327952
322982
335725
309132
331807
301791
299600
310546
286213
320140
320368
305350
334293
346370
317587
331568
298030
330266
319951
305296
318272
307342
290844
339235
339915
332754
293863
320404
301266
321730
345301
309959
335938
323123
317602
305623
309035
342504
308079
290721
292029
311714
324021
321315
323215
313719
342627
318757
341406
339187
311644
297651
289261
286355
301709
323102
339317
289962
334574
345299
341196
305579
338304
305359
320897
344296
335835
346709
340437
348744
291994
323492
337364
296794
324075
304303
328439
343502
301754
316009
320018
342174
309969
286442
283820
306145
342043
329231
283154
315811
326290
328752
324650
329450
297285
342552
333561
320104
290834
300184
314367
293191
347835
340500
334594
292635
284771
297517
347976
342688
308371
296894
300359
293958
337663
309755
307371
326105
324362
325283
346691
308366
285228
292468
319813
290858
286566
320338
323004
320388
319801
334286
321388
307454
298708
309145
312421
338166
348999
286327
315935
300779
344298
335113
348332
321930
313430
304101
335094
341156
312909
336518
338963
328153
318987
299548
315159
316460
320309
307091
331976
338163
312883
347430
342123
345412
333673
325143
331142
300267
306855
347463
312951
308094
338589
322448
315953
294881
347400
339656
297544
295508
306648
312355
306236
325830
348258
300297
341162
289549
291743
293092
348418
333684
313213
328160
335080
328666
338930
345863
284304
345400
326926
321975
303245
307090
313252
318937
322794
303716
329588
342315
325340
322911
307194
320952
291310
331992
332085
345116
312940
321919
313284
325197
321924
293985
318941
306227
304065
300332
306193
309936
307095
346011
320978
301057
339046
301498
299490
329096
297530
325152
341195
304032
323421
294010
300314
325160
297543
348385
318917
335876
344412
317033
310633
325217
319609
292644
294700
319114
342158
321873
297581
297595
331153
340132
297142
345866
312919
315188
333171
348248
345094
333689
332028
335097
341198
334076
301961
342320
332021
335129
309192
331660
301493
327599
327605
294452
345964
335986
338937
342111
325142
289560
341167
342112
297538
342173
319326
344328
328901
328929
321885
338917
310154
325119
344937
296757
300334
335096
336398
340177
347468
319821
348272
292566
331134
332047
298065
331265
348948
340149
305125
301286
323482
338054
340161
342252
305388
344413
326165
289532
310673
318919
326855
311262
318988
348408
345730
313366
327615
345959
328271
322544
339583
316017
311279
300187
344941
336091
344956
318978
294026
348406
326840
346591
332248
335514
308107
294825
289406
326230
328125
335985
306130
345878
319779
338639
309121
335513
346000
300374
312436
306853
291314
300331
313396
346555
336022
292074
332014
312349
296725
291964
311299
345802
297144
283123
300830
303237
319724
299939
318198
348769
328952
300787
335970
306979
306970
338119
328218
313489
341407
318943
331966
309197
347882
303946
303990
300250
289192
337131
343352
292156
332744
286341
290504
304630
326876
326868
331659
297696
300444
313229
348298
291684
336557
336519
291638
302374
307035
297516
344313
348412
319674
306173
342183
335991
329697
286406
326289
319628
310643
344301
318174
332083
291306
300318
304615
323508
346014
338645
313182
300251
319807
309179
284617
323463
342242
325043
347855
325138
341209
298719
312346
341150
344246
315099
341263
341726
292640
328171
322929
294004
332128
338047
344419
346609
325404
290697
334655
337409
290663
305499
323405
347666
315273
340104
313446
329539
344959
286551
319965
342563
299432
302606
345966
289155
295971
318571
318715
293025
308386
288295
313028
303788
348766
322681
285325
330043
307490
307006
318586
320227
332715
295206
327877
337518
346470
332688
344371
313390
295275
339520
306675
308430
284740
343582
313579
286117
327589
292612
294660
290760
313301
290433
345439
294374
340803
339587
318253
309679
290431
286364
300350
298986
326814
322891
319487
299135
292518
327856
331272
298321
313007
348924
313345
345784
332678
293327
307358
337415
334537
319486
298968
292463
348468
336258
292271
302733
293354
289244
334672
296247
330301
346618
284468
310600
330163
325699
335259
294492
293268
313049
303365
294054
315272
311437
329837
339191
308445
320913
304286
293108
304196
295583
284569
295207
332190
313898
345401
314762
290661
313922
321897
290838
340615
301186
297593
284399
296982
336121
285763
348679
319823
312047
299218
328938
342731
310672
343700
300845
305144
305514
289881
284580
305438
304710
284797
298878
310716
287700
327811
308251
283701
288468
298962
345951
324393
321359
343738
344532
322882
343458
321236
292455
333086
321030
289511
304798
310077
290726
286773
284391
290001
310113
285211
338987
295472
323476
293024
345010
339509
298636
342767
329875
294753
300768
334803
297565
286639
284919
336298
323240
330228
321235
289487
334489
319589
306155
304624
302724
310259
303319
298859
318546
328758
312491
329382
341335
313912
291330
291393
312423
283633
294013
340460
342327
310335
284410
312918
318519
321228
341388
298959
336432
340090
300466
339131
298939
332582
326114
343574
293493
298898
332672
314583
335254
334198
313056
308443
322811
300403
325890
317124
285319
294012
307057
341392
318432
306300
300204
343258
293272
294098
337381
284333
310712
283691
288369
338178
325269
286371
286897
335616
326159
314533
322808
335654
319600
325498
336053
315260
308087
315313
338893
303793
328981
315585
294505
343264
293334
330591
337018
293138
289277
345937
286663
296249
307049
297884
302327
332737
345796
289609
306209
313230
326453
326749
327173
284722
302595
290613
293453
289457
339216
322540
335902
283326
306691
300530
328919
283756
337036
325459
285249
289863
315167
348886
286009
336381
310839
347490
338943
286537
346571
322055
300650
315924
319966
284591
290787
300786
325244
306290
308761
338752
331192
318579
345217
332611
341396
308399
338667
338151
305433
323354
327201
290633
290808
303248
324037
335893
335620
285389
322136
328424
338789
324353
337516
324512
289984
343935
293994
334538
312635
339503
312913
347941
294243
348793
306400
292571
284047
319480
307223
325277
325966
345884
285064
332691
298051
338764
290006
325172
337434
303246
345081
309627
330106
298635
304613
291368
320724
329585
339397
325305
302935
348599
319734
343550
307541
286760
287185
298802
305586
309994
302318
284912
313856
306928
340585
290812
314525
290655
316350
345764
284814
313279
323340
324575
338237
332178
296884
346523
329410
310891
283187
342945
292992
294893
314373
304336
311179
312103
341562
343374
303756
300373
341350
290922
320299
315377
344497
319095
311916
309303
326831
325194
308284
292577
313782
291325
347119
342642
314697
284335
286208
304535
307452
300341
287801
290701
295780
292991
324354
293318
295223
289255
337029
319398
319068
316410
303650
320162
343375
299071
332552
326512
316070
319588
295197
290782
286749
322838
337353
320421
327829
345580
319958
286114
292414
305141
339545
303992
302618
295497
286949
342451
322109
291816
284095
325735
337351
321360
324476
337408
308610
346237
328917
295131
293296
300239
299172
322467
348453
283512
329063
338997
327849
341366
306722
348942
337382
314495
289445
295792
310453
303941
336996
290524
348327
312512
324022
298147
318517
295498
329589
315836
284521
285172
332347
345501
320163
331712
307260
299624
346770
326271
339201
335218
348637
348965
288350
328683
334804
305584
339058
343635
294322
347573
326787
331238
285922
340497
284021
295746
345532
325231
335250
327719
301761
331283
286736
313826
341481
331818
344964
346217
336189
293427
314371
311629
285894
343866
310602
306964
314377
336132
300437
337285
312496
329454
285918
302731
298106
347153
285924
315495
298957
348799
321166
289946
286625
335966
336138
314700
304544
289723
325331
286557
287783
315048
288889
343060
315929
283602
341360
286474
331130
333186
329876
288580
293019
324355
295797
302697
295146
297864
294967
290794
328397
318470
314530
286604
313880
330205
324668
299551
285391
339247
338105
320172
291553
331268
321352
283383
285063
332231
316023
315265
319489
327910
335834
329256
290432
283517
304280
286147
342988
304048
285895
326337
291383
326411
343645
339501
307071
308573
346042
340373
345007
344462
330092
334852
343519
338262
303694
291657
282985
343936
305434
342975
335185
315664
286737
324382
302498
325178
309258
308687
305448
329878
295758
306875
325287
344620
342766
295819
346550
346649
342703
326502
332538
299904
309267
287061
293295
342331
297645
337313
321226
307298
341336
325815
288172
309914
315166
314575
335179
324547
313680
329668
345088
313227
302317
338223
290920
345361
324319
284886
289198
291418
292091
340440
292262
322442
286128
289013
288475
315507
310714
283032
340109
320306
316195
335045
348869
298151
326237
344347
294791
329647
319590
309474
340411
311833
340784
326722
305738
305137
331348
337035
324284
329150
312492
342468
339689
324424
327921
283755
311381
308373
316177
337370
283508
284709
295102
325280
292032
285253
286348
338283
339018
294691
289562
306924
305367
322545
315168
321376
327843
333711
285662
286583
297507
283696
330161
283757
305307
304029
341780
297591
313416
324236
342370
336100
283788
345479
300753
339612
344514
341221
347586
306999
297793
308505
326836
284851
346342
288423
284871
300544
300175
339624
292607
323059
299062
321893
319669
342594
309169
337510
315533
321979
342714
305593
306959
319481
287036
295055
345806
303358
344438
347547
332725
304137
302891
285224
305360
306698
307240
299902
298235
339196
293340
303268
330733
330761
329883
345210
339062
321301
308329
342488
340729
331273
327588
296524
304237
285898
294936
298610
325366
324486
313642
296839
298229
309163
345792
308083
286421
332345
319072
331376
300727
295822
316477
295469
314457
292619
290645
316167
298200
285060
329538
304014
336322
310861
291660
292259
285066
338735
306609
313273
331237
347569
315963
321177
293314
325843
342466
332374
298855
334609
338922
290686
330209
340107
335716
322708
331642
349008
317373
338877
334002
296463
297292
327832
328885
329566
288931
336245
306763
345554
340414
324007
299193
308603
316362
283172
294416
293330
305731
323528
314317
330158
340390
284833
313003
337373
292460
315848
348371
307548
348802
317118
290074
294210
298621
335690
311420
325790
346588
304465
337537
318703
313776
334189
347534
326258
318683
283521
346693
304501
309726
325226
298632
285200
320649
289195
305440
305216
311842
341393
335715
300511
327562
309177
283317
345522
328236
345958
344242
329233
290690
314374
303526
300754
312523
285330
342635
348961
290703
282877
326976
329064
331123
323464
303288
298627
340304
307297
340574
298221
322807
338928
327223
303984
312966
294388
339409
288245
345926
337443
332606
295490
305146
289494
348636
308551
295020
334778
314464
295285
307048
319059
335527
307142
335253
288593
311556
316141
318562
346519
298853
299646
307385
322005
312424
310217
336442
289291
324316
321927
290704
293137
342713
311942
309154
319469
328000
346622
308454
285326
284892
343653
292579
315943
284406
339190
320911
299724
341898
329441
324028
330298
286564
311180
328143
296535
300762
337372
344554
342618
286751
336400
291422
321267
308425
343544
316147
285062
318498
284647
315141
292561
307013
316487
341827
339243
342602
329884
311151
292008
302649
310175
342616
291751
302632
302639
295857
289769
348810
342270
328214
289490
293286
347654
345809
295931
298637
307054
295640
284357
335576
318438
295767
322702
348507
320908
328282
284407
324642
345260
328969
330726
327911
303699
293290
300495
308435
321354
294377
318521
318153
343232
290637
297682
329376
296885
288370
308537
290699
325841
311172
338919
291820
312723
284806
335266
337300
291981
311177
346567
341292
292587
284574
295042
340800
293338
322976
320276
322076
289707
312069
304293
309710
290749
284006
332358
338173
344531
317012
296434
317113
303877
293114
338698
323230
342655
311680
292564
291848
318887
313170
291228
296117
318567
318274
341952
336251
335030
309681
345065
346713
307327
321678
285515
285729
313093
305879
318794
299273
323118
318435
337833
329320
322473
298740
321794
307427
340938
331013
318214
284876
291968
299275
303545
283786
328830
308946
340865
299303
313386
299216
297976
285102
307820
293831
325882
339471
340700
289672
297902
324945
316244
298077
285386
345243
297859
309004
320949
329622
348362
293656
300100
285739
309776
320281
315640
308811
291125
330820
324045
283130
323212
345668
309811
338774
290881
340219
341945
309210
299614
337996
327149
347242
347385
315058
309290
284443
314407
291071
313186
305834
313289
295557
337128
319566
330790
292059
283992
313206
304367
338020
324459
308956
322092
316142
322089
324966
323093
288700
311146
308138
308939
325778
342553
323304
322689
327636
307217
312938
296184
310449
306216
293240
300075
285647
340956
348671
299716
283925
293378
298680
345252
296344
342727
293071
332669
326076
343381
343093
340567
324785
299393
285742
342044
347139
341464
284319
312255
340867
334962
305256
286410
335779
306285
321529
321320
293063
347055
304858
330861
308905
338779
299304
295039
285421
299426
303044
302729
332330
299040
342379
331859
291144
301635
286590
328127
314067
334654
287929
330369
314788
315520
302808
303616
290770
318829
339333
345735
347290
318698
305627
313197
305686
311762
285740
335003
327762
319505
307351
319829
303863
296380
340184
332394
331028
324570
287174
323002
311337
291108
329265
309825
346666
283909
336797
289349
284227
344211
337965
288709
307015
286281
335264
339245
334877
292317
308609
298677
319506
341030
284377
291233
306695
337540
328824
332427
283988
285154
291104
305967
324758
337748
311340
307611
322718
343706
344000
296204
293039
316726
311721
327628
335955
299460
325822
322798
286032
348695
308872
300094
329318
285903
334704
342966
290985
288705
297213
330817
291224
307218
337945
320208
320183
283961
330854
319565
310430
285344
326559
321629
296285
291733
343292
334605
313772
307473
299921
318814
291237
337790
313042
312221
314408
283822
347217
296199
326605
305960
314964
347347
341056
345319
305291
309862
284092
318809
330780
293796
298439
334675
347334
315158
341961
322075
315000
347297
340668
293164
288671
330924
345621
293813
291077
324779
345700
328148
318817
290797
289508
335214
324526
289343
297812
299098
303078
284733
288458
286693
324505
283732
329423
304362
303125
308752
329062
323076
300555
299279
336880
337086
337120
334934
345698
328058
297374
323081
288770
294106
297940
306022
334960
285210
348906
291086
329009
303161
296363
296227
323017
295546
344005
314979
342586
288736
305418
347889
340755
296596
297399
318301
341953
341105
310190
302780
307005
324995
317003
300158
283351
341010
339318
337616
321701
286618
331905
348726
311785
328039
339296
343773
294294
334660
340752
293707
344958
292457
341920
311360
329859
285908
287907
295930
326431
326513
335407
309581
308660
324846
284003
313604
285765
293745
299322
348178
298694
330999
288837
337159
344185
289202
319315
322985
335830
299180
299296
337112
328791
327645
317508
343760
295865
309770
305837
293803
285540
283568
313129
308888
302727
297644
337701
296258
283163
291890
315267
348174
285766
324102
320137
285747
306562
343521
310352
302994
316249
305857
341001
330243
320094
296843
324893
322457
311476
299353
324182
295551
325065
345650
322729
290482
286266
288470
341020
334941
337473
317671
344196
308968
324528
330843
296820
322228
312120
321795
296189
327572
283362
336153
288833
283161
321683
310384
291090
314423
332266
334324
286276
292450
321826
341216
328234
335534
316178
305562
320053
296437
299223
308844
296287
337795
347557
320192
316342
314426
291033
318642
300296
348154
324848
320928
323213
342443
328886
340138
314936
296157
334239
328870
344122
295528
287900
343764
337135
315011
333209
283563
305959
303882
299575
324960
285787
333593
288698
299461
298280
312084
283849
297380
288691
329322
345464
330399
297384
341758
292703
302718
331868
296826
285805
299504
319085
323765
290179
294569
305625
290825
344141
329946
289734
318835
309981
289448
316978
309006
304076
285668
334720
325742
321398
326545
291878
307852
321686
308498
288729
299327
322741
330939
292841
311363
305859
312124
283945
314462
312033
312185
312222
343902
345925
296205
317391
303858
291226
341461
344026
285096
319088
306263
347536
340163
311723
314975
305254
321973
331873
334613
308860
300529
299266
285671
347526
293738
286097
345630
290531
298096
285706
290845
303149
335547
321453
302139
331844
313100
288573
291169
313598
311727
311249
330984
340542
299182
320097
337970
296068
303369
305976
288911
283958
314765
286647
318903
285100
323129
343291
346738
336320
285870
312138
347223
328053
330855
345047
305814
285751
302872
347277
319090
322021
296206
312054
314945
348186
288771
346715
290250
296360
303043
326438
325983
291248
296185
303915
299380
319983
283625
341991
311203
320066
316337
292020
308164
308163
288708
328086
320004
324996
324530
284744
289824
315728
295942
311702
290192
348617
318747
294715
306908
335762
322661
300093
309807
285772
347236
300486
283842
312923
300098
318656
295593
303253
283981
339172
324506
339231
289651
322046
333208
302363
315706
347106
344103
326063
303124
296972
308103
347561
300538
332293
302089
321840
303642
295561
324905
340996
284120
285356
331924
304399
289965
337545
315745
297359
289342
322739
310869
292391
312154
310428
321819
301928
313682
331934
340913
346472
337798
337995
288724
294779
335756
332423
289480
288640
326062
309037
330975
284499
306784
303040
289814
315701
331010
313092
293127
348024
293400
300714
314987
294063
333233
337792
341382
316696
336448
293411
296331
296175
325296
286233
308518
346288
304374
328897
293746
283542
286279
284721
285750
327249
331854
303880
338267
305715
318192
303071
303641
335033
297350
338156
347502
326803
320964
309180
297382
314068
321936
295560
285667
315079
323121
341949
348752
338792
312888
311860
289808
344222
311990
309167
305869
295130
306966
321623
326047
331838
303016
308856
292304
314772
308586
341041
326552
304251
291023
311994
300103
331939
348237
337754
319117
337483
319929
329310
322660
347432
291074
334817
285519
331027
345679
347214
293780
296872
287201
321040
310109
318803
310668
345178
312718
284135
327924
291117
286732
313121
308358
299214
331650
297370
325186
284004
311163
330925
334681
284265
335930
303177
301913
283932
316222
320198
296224
345071
314957
321677
319322
343865
335769
323056
348579
316237
327913
332285
308516
291142
312046
320986
347239
315748
310895
306998
322520
320173
318848
321164
342011
329311
309084
343756
337936
285871
305865
312217
289429
293721
313120
329435
283323
303147
309626
289765
304017
293148
315739
294104
313460
303809
306296
337541
344031
289845
307338
291893
312505
329189
305276
324835
330906
305819
324942
345693
306805
331161
308560
334863
329071
306740
296349
341377
313555
313359
344107
313114
311672
304497
329068
324443
300226
324523
344982
324884
284458
305681
338801
339265
331256
297962
326051
331870
340599
329355
293057
307364
314895
288550
321514
335549
318445
340168
344417
289803
303180
335248
299459
302755
330921
297378
347374
345120
286228
308144
288668
294118
330893
347946
295048
345224
344105
302998
300105
324502
347258
318480
329928
299096
305199
344426
298866
299859
288462
293385
287512
309038
292363
337782
341992
343267
346684
310390
290994
324546
297381
300339
283184
297900
309605
330897
340196
342601
294950
330678
294027
346635
306762
323124
300053
347180
341339
285693
347222
291396
321674
291132
303340
343023
340991
308691
323207
345290
297724
321719
346285
285126
296537
320959
348718
314878
309809
346646
322022
337093
343085
291411
296435
343681
345040
298667
297915
308801
320160
299355
313271
284426
324130
289882
336255
328850
333984
283973
341294
328687
286280
330576
331853
293927
305927
305622
331861
286264
319941
318605
288253
290792
318308
297331
295574
283331
332240
315705
293444
344503
347148
331323
343343
338804
297904
327388
284269
337189
322077
316274
337745
339854
324983
289839
295935
339604
305952
320012
346615
283544
325288
335854
308862
296219
310387
288735
318451
318211
324907
291312
341815
338240
299329
296507
322578
292013
347903
313635
348055
299099
324053
313119
291891
308972
311292
343320
289417
299421
334956
326462
299445
285771
344986
286580
334237
334890
348674
297612
335755
330930
300477
331200
296849
343293
336165
346278
340893
335558
298162
348042
348632
331828
306755
305728
302444
291080
283787
303079
284000
294095
314916
307318
331222
312219
299126
330779
334250
309775
291064
286282
339226
347204
299462
340528
343437
289492
343753
326586
312207
337641
326776
296339
306567
331043
329188
294970
289062
326518
308929
296745
296821
332419
319568
342222
309672
345622
291075
315746
288882
317092
308132
323039
288678
294657
302471
326543
330744
331184
321385
305851
300089
306803
347318
293700
345276
343922
289897
338692
309942
286544
304274
296120
345309
285381
295628
340378
322024
308257
290940
331906
320254
311786
341104
346798
333211
316129
330847
288756
319701
329344
296873
328092
302838
326937
347304
305904
315179
314962
304036
284462
344427
345216
292393
296255
288625
290784
310377
318865
295552
308824
291871
340169
331927
334679
337753
311892
324959
324542
289759
312015
302990
343733
308974
291340
296796
307333
289118
316124
340695
295622
319542
300552
290799
323567
298262
318847
313043
319914
301228
305211
347063
339278
330754
335265
344195
324540
283178
324953
342010
314463
321682
304498
341129
309860
322719
327900
298041
305902
345923
304155
285674
334881
312142
297512
326056
339176
285312
295562
285506
343810
347228
290483
284629
324047
290953
330887
313757
290802
318538
296046
334619
296323
287100
288894
318170
293457
303026
298704
303053
312945
290019
331627
348670
320979
301611
308802
330936
348530
291137
331218
340899
285745
321441
345625
348050
283605
302852
337127
306246
297955
338860
330965
324755
295240
285754
297674
296231
290786
342009
300110
289671
347957
286268
315715
340449
326553
283216
324600
292220
335531
307315
343990
305929
293470
294958
314414
288199
309238
341318
329167
329930
347350
326028
308274
283183
326049
334920
318783
305870
325746
294769
293051
283971
328846
288775
291865
305365
309060
296760
337104
288673
337740
283783
334925
314745
318807
340607
313583
314986
306783
330997
315702
335251
346331
318838
311717
309041
345176
305327
286315
285912
326059
300095
342338
310516
291060
327584
283784
312890
291671
309010
315258
291242
325307
348209
303884
300096
284016
337542
314760
329989
283391
324978
329199
319559
292700
309273
287453
322742
319976
305838
299277
321821
300490
311821
347205
338085
297883
294390
331857
303804
301927
304080
292600
300097
348603
312085
324909
331863
306760
331940
296041
306777
331921
331833
294770
309212
330278
300567
305852
330280
303069
329935
341299
296033
308759
289124
297975
303015
284676
311295
283570
330374
341115
343526
341950
292064
330738
334248
283819
342428
288340
310885
321350
316186
326511
289700
336173
308151
344495
283948
341116
321080
341937
313115
286234
325084
296748
312941
312286
324078
287707
296181
315803
342623
346941
344467
331875
287733
331802
284446
314592
305923
293655
343751
282980
338272
284040
330933
294960
328064
306103
283364
313198
307255
347352
338985
346297
315241
319006
345184
344239
314617
308647
294420
320151
348635
317410
286261
313048
325045
347539
309812
341930
288703
305186
305864
321673
303637
295162
345441
284094
302773
345644
309623
316103
315738
334994
325015
302963
311655
311776
294597
306274
296538
324539
304312
341298
317572
345617
289875
322733
328820
338256
285333
296798
331880
347200
348056
325049
341993
319910
340626
321008
337874
329288
346696
283947
308833
293809
348058
288223
307573
346685
291148
315711
311258
283918
347503
303627
308755
337902
299354
290485
348683
286235
321818
344411
335772
311273
299880
314127
341126
312489
304332
288585
297398
339840
285743
345643
341790
292247
337857
337919
331689
284456
341918
286252
293475
288653
320617
285110
325056
338177
336746
289347
294093
344059
322707
328753
313348
318779
331693
299631
345734
337326
305956
341325
321663
306799
307160
312213
291152
288219
313535
305687
322023
321844
321568
293070
343686
293381
334867
339532
318862
317866
291043
299616
299312
292466
295168
331852
302829
326579
343344
348088
312078
300087
315062
285684
297388
320078
