353628
398250
384273
358751
402811
388259
390668
382010
408823
388736
371428
412108
390664
386599
353179
371434
390074
412406
406377
368520
412172
354050
366222
410022
386824
390187
356807
384109
351834
385321
409617
403472
403476
408713
387302
366573
383710
376860
371412
387111
364694
360892
355996
395559
406344
366008
359328
357814
371536
357862
375001
366834
394298
397908
371379
408754
408120
375936
380198
354069
371351
408946
376368
371400
356769
405204
393979
380420
406571
392402
353148
391504
361829
395748
370174
356790
370788
371497
370803
365953
384099
363842
389349
408052
405293
354322
381516
373071
368528
391954
362137
373521
394466
383896
385274
353084
360192
398377
388161
388721
377945
406046
371419
406544
374490
406652
355639
384759
373986
397057
357905
351420
389767
405445
409681
356268
401262
374996
395963
399085
396322
359305
398914
353192
360878
400312
355792
389121
373931
376527
373143
397187
359119
411223
371694
393891
403163
390110
381686
375537
373637
372161
356197
403507
354475
366519
390272
398650
369653
379912
385336
371503
389952
402660
394026
411140
371148
408564
406538
394046
386924
404888
368542
380178
400293
403219
366166
403140
361166
382002
367515
353138
355375
393012
374473
353286
406641
377430
386727
367406
409015
352570
394675
403475
374540
390139
359509
384045
378381
369413
351848
391825
361820
371224
373185
383139
399152
383599
362482
407287
406411
362141
357857
385305
393970
392502
384863
412182
395616
381215
407459
384106
409398
373049
374322
407263
359295
410222
370271
405313
370780
368102
353095
385525
404790
368619
411880
383659
354869
360495
398619
402240
359385
356189
403367
395718
406479
374528
395201
381515
389384
394017
390257
379247
397193
389403
365733
379174
376839
361143
369824
408055
402659
364874
397190
383676
406583
412533
389308
392301
390044
374446
373770
402472
406087
383728
409423
395599
409225
373081
371530
371525
378423
380695
371508
351815
353574
367622
397521
406649
399215
360907
350684
390260
356068
406434
379275
374521
405965
366096
364570
364803
409005
379221
387007
356179
378568
382359
373163
382007
353729
366197
359313
379240
392102
386328
380350
398710
350281
376303
371288
371237
366019
400283
412357
364003
394569
401013
386811
371432
384071
406690
361792
379871
387096
368683
379146
402661
358572
388945
357593
390327
392285
385526
405266
387108
364004
398647
393414
387064
390123
389467
356345
386786
406416
377978
388988
390913
360316
349801
370281
369416
404339
388549
371406
356153
393948
350389
371190
393340
405561
374624
379346
373193
408103
410005
371489
402425
376817
390003
406471
397811
356219
358298
390142
356117
360832
387880
366194
377488
383116
390153
379653
400062
353251
373147
351798
357775
389969
394646
370809
385402
356303
350287
386952
356286
407900
403470
375247
405752
355933
409115
383871
388171
406011
409642
387090
357898
373141
390307
370322
363218
375376
384047
362444
412215
411148
383633
355847
385365
362669
383854
376302
385335
390175
408690
376892
376288
383744
389361
407437
363946
381514
358560
391503
355334
388154
368194
389531
397061
406656
351839
403264
406318
386953
384033
395565
390264
396904
387828
368886
403029
376284
406634
356330
397023
407912
396940
383747
352074
401961
362366
359359
407376
379132
393889
386750
406605
361763
394732
351781
395752
353082
354807
406665
397131
378479
411225
380630
362420
376250
380133
357894
390227
370715
371892
374347
372182
390156
379123
390090
395898
405972
357772
394055
373105
350214
389177
408031
376191
379265
400625
352094
352935
366002
390334
362209
359294
367533
367684
406711
403855
408987
405868
406089
357456
368621
406339
395939
379185
370333
384082
395652
406461
363623
377331
403860
361066
395321
351847
374319
397158
373232
376208
376123
368519
358262
373079
412194
360108
378538
406097
386758
361031
351486
368570
365965
386062
403238
361471
397056
408905
386948
375003
402666
402928
359100
376221
356114
403849
384704
371413
392183
406694
399628
359291
378510
386845
406048
403382
372109
401570
397766
368524
405793
411525
373183
373562
405936
370278
393885
373110
379180
374448
412183
409092
358233
406465
356196
392833
405219
378554
406366
373882
395751
400051
412426
383391
406654
374631
385880
392490
368541
406978
353142
354804
363832
406211
367397
405951
383660
363881
352731
366186
367500
411026
395668
393044
393032
411189
379965
406972
403258
381530
380036
351878
349828
383802
406667
350543
366159
383748
395112
376235
371716
370143
386418
390345
397160
375642
407363
360942
356752
405355
380162
370804
362430
349810
392495
376759
393985
409500
351941
383775
359393
365964
369347
411537
402964
403358
386927
367408
371334
403260
408822
370205
404416
401216
409372
381644
356232
393945
385314
362197
384069
387641
350403
406400
353275
355999
389991
371301
375056
401751
368577
399448
370100
379237
364512
392335
385349
397210
352918
389998
371451
383665
411115
411761
406542
406020
403251
362186
407261
395739
388407
372246
392318
357891
390147
354844
394688
371545
405251
383694
392338
406566
398372
368529
367770
359518
362494
360900
351907
390276
406633
397014
390098
367479
374499
357836
386897
402623
383317
409105
363923
371448
362318
410395
390077
377742
381988
409132
375058
354936
368589
403483
373167
354412
379238
406060
352856
366058
361088
400341
392062
379282
366109
386681
398759
369348
373186
359339
361184
390919
406658
382202
378963
406094
383667
352815
411055
379230
373175
353314
409168
398644
397114
386800
368739
357022
366044
378544
386815
382540
358607
380387
385251
387061
386936
379310
357489
406452
388542
354850
411176
351632
371391
411948
350800
359175
382939
386790
383699
361565
406040
399006
360477
358892
401225
393997
369494
378736
353250
370605
405911
366106
368497
361015
359241
395319
366048
362033
369757
378459
355142
409661
363993
387301
390118
357134
351822
376829
378501
383918
399201
356294
390001
373182
393942
390249
362424
353887
407310
354973
387115
408108
359383
400164
377020
386327
366185
386958
356106
404324
374998
406333
366201
406224
397457
352072
378445
405057
354824
383830
372769
353253
390057
365980
398641
353243
408950
359522
380401
409657
389951
374639
405920
366529
386016
395202
357693
387119
379983
397123
361110
377985
409235
408700
394035
356139
398651
400102
392889
368152
364510
400603
370843
408584
373477
357921
359403
404269
384851
380792
378852
356328
410795
376299
359495
357701
405305
409527
391821
394058
353282
386772
400317
407434
395767
376903
377215
409432
382159
351824
386912
386065
411696
381204
405172
406382
384313
356101
368763
387903
384078
359492
412106
376297
383849
386860
382528
401777
377487
353073
379128
397045
387124
378531
352096
383632
358158
353724
384467
389915
351800
350211
406379
359388
383729
385449
373951
384510
384038
388867
363947
362145
390079
391384
374257
382169
356177
364693
384267
404275
368544
359298
355393
395566
402074
409428
364245
406294
369333
392409
354952
403064
381982
383917
401023
360134
368876
403283
362418
385542
407400
377258
408522
379203
394757
406696
386346
366012
362426
389925
409567
403182
387125
378454
360973
386793
389247
352123
350254
352696
394739
409663
378559
376913
389854
409918
402360
387997
381522
385343
373669
405904
370287
368550
353704
373137
360474
382383
403228
356006
400332
406324
407373
406643
400334
377055
366135
383680
355021
376519
363171
377262
400372
401246
391494
350433
402307
359363
371321
355141
389989
385348
390252
407231
353774
378401
373549
356324
388373
373059
386120
411083
368154
379142
349722
357932
362437
398575
395667
372611
398408
396997
363995
408113
350219
400295
350258
364440
385372
395966
406242
371381
366853
411845
411224
391790
363835
387141
395743
384020
362311
383088
386137
380432
366435
398899
400313
368691
397028
359232
360361
387074
383085
371458
370264
409253
411211
371304
374608
359475
356122
354817
390028
388647
357824
351893
400162
374633
350399
383658
409139
371171
380413
357381
390131
392126
411111
351888
403374
402618
402371
404317
360700
410811
387537
409528
381207
353131
399194
373063
376334
374463
377551
404220
383525
359288
412384
386749
373779
361426
379228
402255
383797
351780
408211
368635
389801
395613
411182
381626
384125
410311
405186
359259
400127
408603
412232
406022
406688
358637
370931
355149
359395
379061
370240
354777
390029
373120
369798
403295
371298
397145
353204
376245
403673
407918
379162
383681
359373
357855
387045
409641
356070
400928
391294
390072
354909
352737
356100
390678
362378
361141
350251
354783
400049
408117
370352
369805
397027
363932
400634
356043
383674
400159
375161
409822
373225
403204
369104
368234
390047
378285
368531
371510
356263
381667
363860
359322
390143
408132
390122
379270
401596
408533
356150
408531
392312
412494
357902
389936
366029
388276
400307
379239
393333
371496
402158
351860
385331
387050
404825
358141
368734
384997
373873
394912
394686
349805
354857
368715
406481
383879
368256
378414
367414
406686
402788
382150
387483
387048
400080
399891
409429
351877
353091
412247
377049
398673
400662
403670
393671
381867
359485
409810
359450
354926
363395
366068
405925
383794
394028
389995
370207
390189
393046
356265
356169
398132
389997
370236
402378
389953
389171
367386
399184
385338
390109
397024
377527
369533
370280
376240
403345
394044
383810
376294
376231
401217
400310
376144
400151
401000
411648
395604
400035
355434
360062
357801
390352
362483
368733
409377
359439
378570
360545
401214
412351
356129
394029
402550
388541
394673
378411
355781
362131
366555
376884
375252
386941
408518
407908
373588
353069
361747
397166
382778
373410
393745
394025
357952
409649
394632
353240
386849
354784
372586
353136
408892
390020
412379
369721
359293
371418
394751
402680
401222
370189
373057
388772
366132
383894
409140
362890
397198
392114
362364
401535
395960
371492
371464
406440
409559
359437
399150
370330
389986
407273
373119
357925
367421
380795
400070
362337
390224
400177
371455
405583
376333
360631
402702
379138
391609
393994
361367
406648
398629
412148
390096
377328
390041
397175
383717
411104
371410
390148
350216
368684
355455
361710
406305
380392
376244
366016
368261
387008
403542
354823
365767
380207
376261
386931
400284
383743
392090
405451
382028
386607
401168
351069
404197
360831
356151
402940
384061
357812
377204
408068
384037
383276
376763
402136
389305
409385
412561
405953
374471
374985
355183
374513
359386
362345
369070
359350
395598
389543
387703
400297
386857
366216
397001
359267
354838
349507
388987
406568
384622
405950
371396
395905
360219
383307
383785
390194
411067
370220
357846
399321
386890
349958
370428
359482
392016
390504
377547
356148
351826
376403
383000
351918
407277
407601
354802
391638
366861
355849
396797
390180
361126
389912
359515
408528
406466
379635
394704
375396
383701
383857
371499
390188
394695
400113
381508
359463
403363
410700
373140
374980
383795
383852
400216
377562
379199
366144
358821
400919
368730
412231
354445
362887
393534
355925
362744
380188
374515
389188
405213
411110
378590
406424
354803
377075
390210
383846
351029
352982
401972
399008
387308
386894
360410
395042
374379
402673
383387
409552
392076
412568
380428
359274
389676
357879
389550
403289
351078
376190
412281
379144
412145
363156
410294
374585
360537
354906
387640
366021
377034
377561
399319
379151
406376
357953
355710
385780
376322
356207
372149
378230
400217
400108
353201
374665
363937
350371
390026
388548
361457
354935
386913
391427
368538
353094
374309
366113
349721
370708
397473
360159
404980
406518
362458
385438
402641
392957
392393
400078
394018
375646
371353
349508
370288
395519
366049
405505
371874
359256
361888
407012
354888
386923
389914
394728
410945
406055
402910
368694
373053
400663
395632
399813
356938
411120
357897
407382
361432
374313
360354
350317
387047
402672
359251
357821
386593
403178
371488
368595
371202
373158
403435
379271
391707
402134
378476
399736
386781
378485
360913
399326
390351
393434
373178
395190
403353
356210
360522
367438
361054
406391
370860
387026
400097
394048
393905
387908
358943
399615
402606
390107
409426
376644
384317
361793
361400
408028
370197
409530
385287
368558
376256
400096
375731
355997
389564
386060
377605
396634
387838
386984
403397
395447
390296
397156
404251
409558
392363
390313
367393
389845
408546
373073
386791
370175
390066
358306
352412
379280
383692
357935
387106
404829
353139
355257
389935
403001
399271
363413
407427
354865
400336
384494
405061
406684
371323
375990
399599
400232
403205
386554
370241
377402
369067
396645
368864
352679
371555
402256
400983
376218
351928
381996
393101
354819
405421
385398
384653
389540
390167
383303
403520
379734
359358
389181
355045
356279
369107
410303
400318
384073
350985
412431
366082
385466
352206
361482
368742
400016
370279
356168
359357
390155
363963
353744
403485
376140
371291
409362
354840
402362
370533
359261
390990
390335
385901
358820
411175
371031
368537
390232
359352
369390
388783
399929
390331
373122
385333
409597
404741
379277
371370
406307
412199
393651
383470
397548
408828
403415
380068
370265
352108
398708
354972
353929
390234
370206
377219
385684
412378
394002
362475
370260
406622
386524
376361
406603
355870
400362
352119
383313
370277
373396
353113
367472
382025
399002
361139
405474
350265
357726
390228
389509
386898
405112
403243
383887
386907
374276
371307
368508
378529
377789
409370
356249
407436
411173
351789
385633
389398
382520
383094
353160
399627
368767
364001
387117
391148
405153
357929
350226
373732
393972
371103
378074
391896
356125
361774
370319
383682
363780
406699
409563
402711
354937
380166
387173
357694
369540
403195
382756
385716
390353
409056
393324
367482
361009
359381
402796
390086
352238
359356
383650
406599
394773
374137
361072
367755
411197
373937
361125
358296
353303
392215
395660
371938
397063
380134
360979
350284
409154
386863
391185
387082
362505
400817
371348
381208
411201
394788
411396
361655
384102
399304
408889
374512
368417
373474
392966
400118
380192
390007
379673
352154
376257
385362
367461
404842
377614
394680
382351
403474
393851
386946
383902
359418
383511
401749
406678
400126
393931
393903
402382
385329
350194
384120
353047
400479
371168
409449
398922
350354
356773
367411
366124
350157
369955
380423
403451
353129
386756
357702
360869
364011
391258
359269
389966
373132
356156
350429
403637
383826
411945
407870
386973
359374
409526
410341
379260
371887
390038
374881
386975
363837
403158
370291
392325
367389
402285
366802
356340
362120
369617
369884
359336
405220
362468
374634
383885
362886
367871
385313
374580
371715
405344
360888
378408
378404
378472
389150
358320
360714
392130
356162
354876
402385
384108
368494
412415
389525
395722
383668
356255
403821
400329
400107
381496
409091
350408
395689
368553
354789
406472
380212
360672
402973
411004
371254
352314
376260
357884
355204
397000
356097
368571
367444
356792
360999
359489
364730
351013
410770
372369
356721
408872
354843
411387
401846
398692
406629
407013
361375
386115
397060
400073
350290
383771
383689
363004
371274
375237
355373
379249
408110
366148
363961
386058
366115
405498
383703
406550
390125
384881
408932
397088
383322
383764
356637
412193
359502
383106
357385
367458
408447
392414
356121
373610
358205
361971
356099
364034
412394
389193
406618
370407
353644
403269
406533
384657
403414
350180
353293
368669
405050
366086
357388
359428
393123
366006
399188
367532
390300
399604
397483
392071
353246
367501
383655
400281
368060
376395
410797
361057
357475
381205
356007
390289
359255
394694
349723
353101
395686
399341
412130
389937
405288
405278
359260
368614
359493
384086
409333
400366
373190
409601
383636
402167
365939
376887
368690
364196
378419
350165
387001
370918
394734
361007
399174
402080
386746
371358
406367
409241
400188
399919
373142
400316
354023
352134
361317
406363
403508
371172
374443
357870
389069
361137
351010
387962
406590
406531
373128
378132
354891
374788
362461
383483
411814
406362
374469
411100
374538
359390
359382
395238
367431
363351
353038
390069
407532
385319
408821
357622
371339
379259
370200
411152
383023
406295
353986
368762
409424
410296
402206
398810
379170
357278
359831
353256
370293
374582
406351
368602
410803
394789
380417
394240
355546
408069
404454
411972
368765
352635
352171
385357
367508
356309
390135
361114
397126
357782
360385
405833
360223
386996
406560
384878
388345
352749
357845
353141
383672
402955
407230
406672
380385
390318
350396
379891
361079
412314
390021
373117
366045
379112
401226
366026
408261
369029
392332
353177
366199
372236
400373
376331
375968
383799
400769
358798
380452
376342
359338
405841
403408
400272
401743
379211
379261
384537
370269
358223
356984
373153
376283
394742
373959
363933
383051
380446
387059
366075
382726
392400
357294
411693
406644
395681
411214
356200
364495
397069
380689
391527
357939
395744
390324
360406
390017
394213
360573
371538
373471
392065
373446
406327
366151
379059
376274
374957
392372
365981
371184
354775
374475
350347
374524
364807
350184
395424
361050
384777
385386
391573
376196
353099
405571
350645
411116
406525
382031
395899
411102
363605
397143
353288
377473
388943
409403
356451
408883
400197
370178
355447
408926
371101
379264
360218
400154
361640
393987
397510
394667
382872
376232
398688
370261
387071
359132
386783
365970
387290
368063
386347
409425
387122
354436
362040
355841
374441
354448
378484
375346
372723
397089
384123
409624
386430
383656
366721
398700
374576
404968
401009
402365
359290
386901
405012
408409
376351
361152
354628
373087
390676
369412
354885
411839
386998
376199
383736
400105
394761
367355
391799
374419
372159
383862
386369
366071
385306
378397
369109
392609
411159
373905
357839
383867
374688
361142
356133
358458
370948
387112
406301
354064
412392
379997
379787
367547
408468
350363
383647
405292
383283
401020
403904
401025
355452
383635
373118
395755
378522
405059
391819
369822
351902
383834
394690
376689
406423
410403
403365
368564
351853
387057
360887
390341
367400
356146
376300
357438
398909
385360
386774
398166
395731
353258
409433
395583
362354
366858
356322
354780
403454
381699
384574
407262
356754
379867
356181
353586
389102
387053
376209
381181
390632
392911
363991
369408
393086
402384
399817
406496
389515
396981
408866
385962
384724
351833
409233
370215
392112
357825
406966
353233
386865
368958
411973
356234
390087
383724
389159
365152
383793
376226
389926
373065
407905
376805
398569
404455
386354
383809
410293
373091
363882
354806
390035
400237
402506
374993
374433
390344
354770
406564
412239
400320
408091
354769
407924
353163
390236
385332
368632
361133
369808
389063
359310
398690
361096
383678
371153
366172
374536
359302
400308
379196
407796
357823
389965
373872
378429
404241
402676
400201
376277
362221
405562
411183
403819
386922
392392
369045
351884
385337
402085
374366
387567
365973
405227
400176
363348
383354
412402
351820
373940
364007
411772
404948
356208
392384
383519
386940
391563
397007
400114
400042
386833
411955
364937
390291
372282
402144
376198
372867
354202
364565
411072
383691
368688
395449
394655
368133
371487
400037
403413
395099
393969
385330
382027
361070
385142
389631
402208
370085
384029
390242
367394
398876
403327
379834
355975
386930
404734
406437
377528
388845
363951
390050
392448
402312
357464
401597
387137
385820
357858
356774
398639
389830
392354
374544
400338
389043
379116
352701
363883
373152
373176
351016
387123
386900
352526
376332
387134
403154
401034
357807
393650
400046
357885
407351
379193
363088
381447
373441
394674
373072
403426
367474
371094
389373
356190
368726
378383
368552
371303
360765
408100
393900
404118
354800
371542
362893
407379
402794
398901
380416
384586
353085
403439
406645
376204
411157
385947
385010
363873
375389
357822
352523
387069
380466
371359
378565
360921
373112
406316
366819
389977
354827
351857
353127
363953
361111
378583
350405
395936
403276
408914
356735
350420
357031
406537
402923
397301
373953
405491
406223
362207
384028
349329
359527
392733
403277
409165
351037
406335
376355
364316
367395
353042
400043
377076
398564
386685
373955
379232
399176
409353
376328
408943
386933
379962
400342
399903
370161
356142
394730
385350
405891
402724
358535
356205
358653
386806
385318
353090
402759
409020
364275
370294
406083
386019
390141
353740
351145
412151
411879
356278
354433
387120
366790
395678
392369
357149
400991
386768
401024
397150
351880
353081
379188
372588
402804
376229
390164
360961
385392
410781
395022
389955
351193
364676
359453
385429
408523
400633
357922
374611
402151
393045
384077
376264
355983
370688
357034
371234
389928
393529
394740
370201
356184
357877
350210
403177
386838
386755
385368
401514
383654
400611
389020
376213
391365
390673
368728
407849
358707
351855
378384
352097
360908
402920
411215
356350
354854
393474
354901
376336
393872
412554
359508
398578
401203
373634
401665
356135
362323
399580
386959
364010
395489
399703
377482
363341
389327
370274
374649
370195
403303
400165
370179
409492
409017
363330
387072
354853
400602
387065
370424
379243
368095
354517
390239
403058
350694
407687
363626
398254
411747
400041
350289
354590
374541
377784
384591
405224
381509
379325
358868
387804
359213
374454
408880
401908
400971
392268
396632
392249
393960
359361
371467
403266
402630
376896
383587
371155
383772
409593
390322
387169
403223
386416
372243
406606
367464
356259
350342
383725
383883
404507
398693
359332
354970
399195
398664
406567
358899
411645
384068
406701
368569
377618
362453
398560
359327
370273
403453
406464
410009
371435
374330
395323
364443
406692
364695
400632
354831
376993
398671
402381
374643
400331
363865
374459
406573
381528
372710
388472
373084
384600
362433
360695
399225
361893
400006
373160
357944
383816
387742
356195
360489
397298
370674
361539
355883
400047
368047
387177
376424
400367
378156
383677
379157
370153
386012
390248
362414
398163
387095
390297
366876
374614
407598
356787
393983
396804
361118
390251
386869
404187
411755
380261
389307
408960
405257
399731
406683
386300
406308
374526
354879
406651
382542
379324
379713
390801
350302
374435
385296
394001
355254
395259
380150
364012
353105
378577
406033
373736
378416
405495
368597
399761
406371
383714
382122
396377
412275
390197
358811
389616
353738
362322
358170
371308
397173
350540
363964
405295
366015
361698
353305
401859
411177
374428
357633
392362
383645
370235
353241
401544
398627
402674
373075
406490
373174
365969
400290
400000
371355
387030
357771
368546
411049
379973
409578
386776
401773
405214
357145
394684
383323
375856
394637
351092
353068
403326
399659
363868
411187
408716
378498
361648
357390
375403
377022
398426
374479
355976
358614
411118
354928
379865
354949
408808
400670
358157
395569
383824
373144
406677
390263
369761
350430
404690
379826
393883
390124
406347
367432
366130
377230
392104
365711
360235
384030
408942
369373
361828
353194
351846
360995
389946
412162
373155
369760
350362
380794
373897
370222
378187
401079
379595
383101
396652
384507
358224
352734
353313
409155
363878
373929
356096
393306
376396
367505
353211
395630
383622
394644
376330
358539
374269
371225
389848
376282
395887
353720
358216
406689
369046
395940
357805
371516
398990
400887
359258
387151
400269
393881
383644
408665
379810
360185
394658
390219
383735
370202
399856
367476
386809
387148
354877
406695
381825
353229
412213
395691
373916
395696
377391
363939
359144
352528
354785
407853
359530
378165
403459
349949
409206
393124
393971
402194
390106
362302
361632
411265
411978
404597
406304
366056
364240
378174
382608
359830
366221
383638
370147
368145
387132
403505
353312
373166
411154
357874
370675
350370
402665
385785
371713
353234
360885
399193
392315
350223
390217
376900
383394
406488
386818
368625
356302
371368
367477
366149
408933
408660
356804
378390
354873
354805
377083
385381
409249
409540
409093
397025
359504
406164
361108
379278
407468
371255
387033
356166
391644
412219
361898
390019
366208
411082
403477
386761
384035
356360
354786
359477
370490
370256
383396
392342
390286
384087
386974
377053
362391
360935
387004
383376
397021
354904
371207
409195
383526
356128
356815
388573
359519
383877
383639
400067
392377
403449
410087
408710
395638
380202
383532
394712
359141
389919
401660
391188
403401
356304
379921
353216
357800
389032
366859
386304
400241
353296
378592
379205
400054
406543
370689
407281
400196
402091
380791
367447
397207
394651
392397
374303
379266
370190
384564
376346
373954
405039
387009
393322
374667
353117
374447
406343
406574
384316
411180
405019
370267
358940
378426
405569
360934
406975
400249
383629
369934
406427
357407
359346
373971
359343
373197
357945
402679
399880
367489
361069
350409
353144
386842
403486
356118
377516
373139
378430
384058
374629
393937
363966
374652
371335
392096
368596
406338
374415
373198
389939
411603
399719
378467
363948
359441
395964
410017
390888
401532
350400
392711
385835
358962
366700
403332
360823
358991
356093
399115
409488
396788
361277
394039
371486
403942
381663
356738
394711
375324
387070
386329
364057
403898
384433
375641
403184
407407
361483
363927
394893
381446
389751
387005
398265
355816
368100
350201
352733
409495
386303
411459
412562
363582
412404
374437
359770
403379
392424
409229
386473
353227
401701
400082
367935
380290
367387
409662
405987
383399
352402
389774
357546
380756
381279
399370
371463
378422
379300
403515
352515
366220
406582
389798
383827
409616
372745
383321
381335
382239
388419
352044
402735
351618
391131
380458
358819
379862
358805
398255
403207
403330
370266
399327
398147
366192
352592
383290
390860
384706
380317
367623
399124
394455
357936
353792
388151
363020
390270
387931
383334
352029
404616
404561
367422
379283
350215
355479
360007
371366
408238
403506
395147
411306
402816
373050
404299
393568
406532
397827
382522
365746
387170
394266
397106
401065
355326
408248
411198
383815
381968
364909
353798
367235
403450
371686
379646
383436
403445
404247
389497
389828
369983
361998
353430
402803
382963
381652
409166
370391
386608
411331
386392
355296
354917
389484
396369
361992
403516
380197
384466
366698
407197
390201
358897
370653
386868
354921
400209
353434
387768
353771
361744
403657
403964
376276
388631
397644
352865
352156
353778
407822
397514
391648
366653
411343
374453
399178
353696
392259
386262
361985
389565
390169
356783
395778
407291
409100
361919
387044
379121
392772
407242
392247
412349
397464
410998
383713
368226
370231
406918
405078
399118
399854
395284
392426
383441
357942
403059
398987
352728
406610
390802
390490
357688
356830
361976
383364
381955
411090
383906
398891
379911
352273
358007
401745
364067
363702
406546
390751
378536
359536
400279
360918
386944
410196
401804
383078
372512
393377
404929
405464
366032
393880
400932
356291
386947
362133
375398
400195
399224
374482
376306
354636
412203
383366
366085
369247
409134
361334
402793
378035
407920
355335
353818
388437
367485
376278
371394
367158
402818
371994
400123
360143
374618
352585
405961
364164
365839
408956
389601
407366
366568
402708
353203
361873
368539
378072
386538
367856
409585
399206
400013
362532
402850
402016
410527
379023
407909
354063
366696
398373
361636
362992
397439
409523
394908
406236
409569
389673
403033
405629
406345
393325
362451
360866
403068
373773
396780
379892
363890
355806
405102
375201
354864
358260
364128
352682
385551
367459
361503
357459
354994
382773
387982
370356
355903
407076
356557
395813
370144
355599
379165
391553
396255
391879
390121
386678
361024
363987
349855
398670
358775
401991
360581
364923
386404
406238
389101
362419
407369
395384
405499
356308
362759
405513
370255
374127
359777
383840
402832
361299
408373
409007
375402
375614
411139
392387
384699
378437
364560
370631
351639
409042
368070
361342
409490
382836
405347
355337
399315
405454
394064
366084
371102
363894
374548
362479
396742
353445
383177
390892
398860
384722
364753
387032
361955
372035
361686
361825
387034
366679
356271
400074
357480
381493
367465
377094
366726
403194
392551
386312
410636
372765
362369
397092
410633
354059
376252
361557
365993
365141
394460
412419
373939
391680
386382
409537
364002
376548
376399
377437
386296
351228
360653
407149
406119
357911
353034
399122
355634
353126
359680
354179
349509
372807
357073
385614
411283
362928
388640
356155
353425
354718
357685
350780
394745
372911
412191
397856
402591
373134
400198
386218
405024
412342
382348
408054
379117
353178
377321
357745
390788
358394
400223
383299
364766
407368
374108
406999
355854
404191
394060
405455
377161
387412
371001
354414
399170
374060
368679
386305
371975
359296
402004
386874
376812
410549
362478
394047
352655
380096
387679
389918
400828
388193
409162
403220
369968
411161
391337
371206
409146
387411
353036
354675
402966
401558
376712
371795
380004
391035
375385
390499
366168
351116
363885
364309
358259
352695
396510
405675
399226
382250
402782
401156
362488
349684
395826
397297
362383
385825
401350
403460
411686
396897
352735
374502
383800
371443
411200
371347
349676
385038
406492
362226
364992
400617
402276
360399
397155
411550
390006
399711
357819
376385
397090
388077
358078
398177
379909
400350
376246
374035
400750
365825
359404
368959
353606
394410
369720
353273
402400
400768
367603
358528
359957
409622
398411
400360
403008
410827
364290
393061
349515
397804
359174
350391
391655
407714
393344
360190
389909
367216
408483
394012
351890
383520
411390
411210
351380
387433
374382
395242
368745
382637
354392
403416
406077
393873
398153
399276
406447
363546
409626
384943
407668
356280
351745
352520
352503
370859
363477
372546
366625
397055
406181
353478
411667
391041
402422
405948
374289
366378
384320
377070
367494
388668
356530
410384
388702
408664
390568
390104
393114
411321
355384
387079
392831
373102
411881
406613
394013
410642
395885
408616
398256
391801
385838
356349
410019
382974
376725
401251
388699
360633
350154
354134
384541
368260
411861
376581
364612
371462
363361
411811
366516
392585
358003
359687
385371
378711
352943
373692
359126
407574
379403
393311
368637
356141
352979
412609
360210
412002
389708
385792
364568
373961
379087
379269
376386
373868
394850
408453
408655
394883
388869
395872
361250
371332
388723
375337
351303
353000
359803
401583
377957
390542
354584
362377
361268
372509
377751
394464
398913
403222
375675
387834
361390
354058
354798
385079
402766
363700
396666
373876
364446
352600
411671
407737
381495
361041
371491
357768
353009
401769
351786
405094
358783
404426
374388
366828
356927
390749
394318
357241
360617
381484
393975
382263
403832
352513
384717
358164
394379
369766
395877
360925
374963
406220
387988
361189
395445
391077
411702
409982
400203
392019
379384
377798
363619
405176
360154
408057
363889
385518
399998
393887
402368
404845
403294
411213
367486
362134
400069
393734
374594
357719
403998
396945
363629
374431
400063
352452
406243
390662
353281
368013
401920
398106
374027
400942
362362
408586
352970
381529
369215
408417
398600
383860
361832
369710
357279
398292
373862
365584
399019
376354
357810
373584
399806
405443
385432
364704
386751
384867
360359
377933
350262
355491
393134
406317
401765
394463
368400
393947
403070
373648
374115
400469
386225
389108
359799
373222
363877
381537
373312
356078
362389
364852
377554
368969
388496
364459
377543
389034
411889
373374
389274
352580
354041
355354
403869
350320
355525
368113
370217
383664
389849
350038
403150
408218
391723
357827
363382
408682
409644
366169
403253
390070
358608
383125
397066
381932
403310
411195
376893
390108
385731
406917
407282
378029
411208
377839
351856
377002
395432
374371
406698
355135
394016
370906
410659
355466
411574
352934
371546
389055
407089
355978
408841
352524
357268
376845
368722
367265
388341
366180
378552
406064
403846
349809
356010
366178
387331
358674
376680
361772
363334
377074
353045
356251
385326
368931
398010
380411
394236
364241
378514
356283
365684
368998
407633
403157
404040
389180
356134
371737
363892
380759
359184
402145
394324
376353
404990
385347
390497
383907
361689
359183
361833
399999
353199
369626
351814
371822
368588
392083
362480
409419
356571
374492
391057
364868
374565
359407
398728
379917
396837
389299
355308
378757
368695
350656
374984
390470
362048
395343
402107
350034
381671
375008
364144
399513
358644
406346
351874
406142
394759
353473
396271
408927
356357
385717
408202
378534
378173
378527
409357
358610
360510
375842
366767
381642
410580
355322
370899
391345
385325
398577
375904
411988
385712
411915
351736
363611
373320
401212
379145
354816
367951
399231
405299
384129
356228
403946
407388
394721
399922
355553
403173
409462
408908
382204
357950
396210
359798
408579
374093
382328
367094
369646
372462
392046
378477
379131
354390
378747
350404
367101
402986
364470
412376
411727
402335
369731
372086
388134
359795
351021
393996
398023
369360
395166
385921
383915
380062
373724
360170
411123
366022
384797
381907
354323
367082
351939
360006
367177
350135
369108
406105
361740
363678
383908
368433
358343
359300
398924
389383
369282
363055
367955
375681
357023
411013
395435
355745
400024
398018
389290
407072
389062
352004
355544
358809
387158
383625
382141
395262
400167
392493
386971
378593
354910
387157
401210
383634
394399
385145
402048
400231
410188
410449
382546
355392
410448
409327
402223
381164
378099
376653
409579
367215
405026
406325
369980
392020
383467
363475
368118
385456
399623
357242
363698
364665
387178
366941
407739
383905
379179
385545
373194
365846
391657
375916
382106
391408
394338
351308
385080
379217
385897
369922
373555
371290
359179
359243
376401
409470
359776
358418
373851
392808
395430
355497
388224
357861
405998
356356
383385
386840
408785
404648
367647
360943
368766
364156
395056
374660
399478
398964
362464
400022
398348
410126
353848
384678
361393
358996
373737
404765
370384
387813
357286
353531
388113
367366
373309
364013
410581
372577
388513
358685
394682
408241
384453
407108
404020
403156
385279
393442
409326
412606
379712
387003
389278
398722
407317
377750
397076
371320
352038
371037
368068
379721
358215
393082
412007
370524
409628
398863
398741
354997
401434
367087
393530
362943
354822
377428
383916
368992
406879
395150
399666
393917
401873
400233
366407
394816
379429
350957
390770
366059
355569
394008
396537
359839
370328
383652
386937
354011
362528
389326
375694
377029
400192
397133
378368
363764
354567
357949
395837
398776
363417
399846
356315
400276
407915
403191
362382
356257
364999
389300
388313
359085
405074
370347
376977
397773
374321
351081
370216
378491
378857
393927
367462
379289
361160
374630
374478
382768
386771
375458
404239
364465
400235
395410
411554
382376
394239
351371
352833
352169
387983
408758
390839
385143
403931
403166
395250
361668
366569
352394
386394
401907
352983
386048
412111
350424
363645
357405
388003
361722
388732
351328
404474
352830
375513
357988
391372
398116
389400
398288
409517
408953
363432
409608
360350
357339
411856
384377
350344
375759
379927
395294
395836
392715
368660
403189
406451
350271
408326
373731
378509
408766
372407
370725
353134
354981
395350
402849
395219
378847
370163
354912
381643
362309
400282
387417
409265
388929
370366
398893
357436
406076
405855
392040
385378
378486
398002
376861
408454
409550
359529
377212
372329
379613
389790
402954
365709
408415
385565
377027
409949
401278
384907
368014
349373
398028
383205
363621
409133
370365
363763
371341
352200
351410
381760
412272
378543
402370
373295
411130
366000
381740
358388
363913
407142
408940
357995
390045
397583
402251
386028
375604
363836
389988
374785
397334
381500
358587
387413
350227
352953
397470
386235
408479
406441
356997
379398
352378
397567
399755
410761
405735
373912
393445
408102
354993
405983
366409
389808
364831
381218
358588
403022
361158
411791
361182
379710
379052
386886
411577
368737
407609
379209
397936
402334
411190
352508
406557
405217
393449
379822
363596
353041
376350
353074
361759
411098
360951
363593
364127
368579
355416
395434
368134
350415
402092
391357
395344
399328
410762
384027
376449
383030
369240
362112
359253
368723
364583
376775
353151
407182
401543
368673
368421
408795
398628
378352
357308
364970
353768
386908
358455
387437
377883
379827
397404
406214
364809
391792
391983
361803
376651
351919
377410
401679
393076
405712
359142
365694
375981
382569
361517
357263
370433
353580
387146
403369
371447
355551
377540
362521
394748
398916
401300
398167
355535
410689
376691
358063
411457
390179
371677
364481
379181
378345
358579
384194
379562
352335
364844
394202
390811
410203
364471
385060
369560
394278
398911
404529
377335
373928
350213
405938
371937
366107
402217
407738
374609
398701
355511
383050
367425
356589
372275
367211
361210
411587
403765
355321
395120
395114
409688
402743
351783
375707
398805
396630
389940
372230
358804
380461
408162
368991
393591
361493
381061
359297
367208
398716
370862
406548
369588
400301
351484
398878
395916
384136
362423
367696
378443
391934
408425
358178
399842
388457
355376
365790
354411
377011
367937
396664
381194
405276
376859
378490
355446
411351
393919
372738
374795
394697
365731
364419
394411
392028
355209
364287
403425
366977
411794
355285
409683
355323
354320
390206
372016
412590
404541
406482
411960
410361
389219
409555
366047
370242
383741
351355
369400
381064
384757
362359
393877
396252
385298
389605
351597
390592
369799
364933
352008
355342
353997
352509
392117
393103
397174
352517
374355
397900
395227
354941
355366
389036
409417
394113
403782
358068
398932
370812
410055
403523
353637
396538
401932
398785
354565
376972
409687
352516
397100
357576
398024
363630
411428
368527
385758
385441
397443
399009
355557
408867
361696
375635
383786
381822
368392
394275
402950
359242
350734
395314
384898
354378
397934
371005
387180
411229
406213
402204
370679
400996
388111
379846
395163
364561
354002
380661
409245
364032
384840
400757
397140
385942
382865
402216
380280
388927
387358
384844
367503
360734
377898
398775
394483
368755
412438
361749
397009
376483
357136
358021
393585
352929
382951
370845
364531
389134
402261
401656
411793
356535
402279
404147
401905
375921
354462
409686
356551
362216
368219
360936
364312
389729
356158
360193
366214
361518
369489
407646
351734
397149
385827
393999
355984
354346
397327
385865
394369
395211
403641
407719
394397
385998
394036
391891
357815
396938
356202
385393
359858
406393
349514
372619
385939
361551
369277
406676
370999
411156
408820
389500
352942
364368
411493
368049
356678
411048
373909
355503
398674
408427
351738
383610
411975
371552
395236
409457
382949
363446
383774
395576
401484
384802
411707
412492
372678
361673
349427
397034
369749
409600
383838
394051
402212
364620
355606
350285
391860
383843
363911
387738
355878
397614
377056
370447
409544
357483
355601
353010
411133
391918
373191
381917
373187
368397
363388
386812
379929
385342
398920
411572
358213
403893
402088
407066
395439
401329
368349
382892
352400
393809
383027
402161
351192
385138
403390
384933
388344
385774
395279
407180
410574
398360
404473
363653
403069
398488
379360
351311
400238
361738
380877
361211
364406
384459
375923
409332
388064
391330
397951
390176
360507
357851
379959
402424
380327
384445
404142
377201
409299
349734
393984
369167
376869
368856
401725
399358
380106
361973
386275
386261
352267
379775
407309
354385
408164
389710
399083
374062
392291
386210
402742
396805
355282
407152
379007
388384
385966
356262
387422
401466
368129
382098
372768
366821
383406
355300
391126
408948
407071
391738
352392
355802
364487
377529
410919
392755
412307
357495
393680
392359
399301
412377
399289
355714
396581
401667
372940
382627
376558
387036
412344
412346
400363
374909
410877
374076
363480
350625
364507
369481
399330
403503
357650
355002
372572
363158
360365
401410
410972
376770
381093
401105
363686
360124
392404
377274
411806
382866
357766
367847
375360
363615
389491
389136
360785
386277
398245
361606
407355
406709
365919
412345
396593
401106
393678
359917
410404
399246
377221
388595
372504
359936
349525
404886
352125
408080
351968
407851
396276
397184
399837
354984
360381
399671
372205
398311
354768
391558
376794
383378
363134
354435
405361
358352
372286
376750
354996
354272
388643
376781
373324
381978
402235
390826
402978
370035
355099
411230
376964
353791
407245
366615
399123
404727
402141
398275
374855
412601
383537
394479
352787
388983
403396
400554
381980
361848
381939
369155
364608
351650
394478
382711
410971
410105
359431
387083
355095
368868
388333
370895
372113
376531
394447
356902
369288
370613
352282
399632
408565
391629
382620
391632
366688
378135
381965
349269
412124
365224
369268
402219
396936
355610
389166
373305
402154
387572
360145
396776
377057
408502
378770
387084
394054
399524
380434
389218
405097
362154
366830
407750
404013
396371
408484
363000
355961
366381
369280
375933
375029
379783
357004
349890
381747
353448
371714
373316
393056
372811
376742
376412
403961
351511
389213
352740
358774
375122
376484
367119
379391
391640
369186
356813
401599
381756
353958
382991
389446
367649
352103
379469
364486
376967
356979
379798
356885
375392
396694
350414
399681
383448
349831
397832
373863
404109
372188
380397
405640
404685
358380
401918
410035
395222
366746
353829
380323
382372
383472
407104
389353
391633
392938
392407
361170
364033
379327
401824
373325
402602
389805
399579
383066
395921
395169
370073
356969
403693
384292
350105
405875
376131
366501
394481
391618
388905
355474
404401
378155
395185
376465
382678
362530
371939
366725
382864
397717
380353
386964
402458
362971
394477
372051
390721
378424
392489
408667
369821
368385
363858
391661
368962
389233
366551
364501
388733
395850
389280
349524
390952
370253
370869
384402
406091
412101
374472
376130
355640
370868
375229
360408
384979
376901
368658
411753
403006
389275
377481
386367
369664
376635
369740
364447
359104
376588
380429
387975
387067
400130
362178
389434
355651
399249
353206
382630
376897
356894
407392
381186
361618
388352
391607
398242
370543
404418
378321
354419
391225
408353
353726
403897
404421
411429
367759
355150
387586
399716
394820
357493
356501
405707
388553
404678
398475
360325
375720
388174
389464
367707
373409
401895
354347
354150
355192
349450
363517
404576
366931
398088
404412
388796
411251
357437
360339
401275
358655
370526
397987
394175
395881
384504
367751
410897
357467
385042
376767
350628
354288
370505
378281
379558
380842
387622
411417
373465
408346
375525
362746
370502
391444
366744
388315
385653
380765
381995
396101
379764
408498
410474
354418
391216
375645
358186
363396
360589
384934
379506
373678
409066
397628
391496
404422
361410
397077
351950
391580
358252
365937
397985
356550
369856
372120
352188
372474
384996
355176
357192
352132
370507
404449
361212
401464
384548
391485
410270
376766
382662
399525
379424
398151
398231
385687
408342
401855
393746
369791
397673
391510
401353
404666
391226
391206
391187
401197
394954
388109
354698
363282
360555
398271
391247
373426
404411
401838
375782
351489
411418
379486
406370
394942
397862
394291
375828
404414
407141
361587
351237
369101
374081
410471
373381
398287
369748
401192
363451
353736
404693
354078
404487
398294
358195
376852
351241
373413
401881
410466
404439
404620
361741
399286
355549
379525
399365
411425
350905
410473
351675
351704
357218
407528
384981
365316
405157
373445
400777
355407
372695
391493
397853
375548
368160
379004
351204
401412
394952
410202
352285
404438
388380
352010
398421
369847
369854
405702
394344
375549
401439
361621
352142
367778
407733
392710
378704
398296
379502
401858
372457
354420
405697
354384
372417
409256
350971
375516
387820
360596
354589
373407
364189
388078
394145
354126
410096
372762
375133
358250
372479
360389
375301
364187
372482
388909
391189
369513
364173
367746
394040
369561
384977
404442
373435
408330
391495
367209
384786
395249
365426
401776
407785
360323
375528
392650
369849
402199
401440
398486
351261
404183
356971
352139
363285
351236
397319
404623
378259
369528
399479
399487
375522
378663
357291
388349
410657
367922
372743
391443
381765
407685
407511
404397
411421
355157
391487
385011
360367
383591
391314
360289
360317
367168
353265
404033
360538
407713
370387
405729
377508
407124
387666
349882
385706
353787
404533
401459
388915
372427
391472
385229
376591
401388
378154
350750
369801
382067
384995
400882
392689
388376
366396
354168
391442
357195
371163
360540
411433
392645
369819
363576
354598
369682
393816
375737
392655
374569
371139
395075
378830
405742
360297
368221
375544
360561
379490
352131
367695
368414
409950
392639
358192
349877
404665
403955
388967
399489
369719
388922
391476
388944
392848
388270
373417
388233
378654
369836
384780
393584
383219
360294
404625
369739
402062
354188
370500
407547
408681
388649
405698
367700
367666
404676
388176
354336
375818
375758
407761
367627
408349
410937
405700
408172
410600
382329
387589
350330
358187
378311
369214
369531
388398
401199
404436
411441
394946
364184
391227
407519
354174
358175
381342
385558
379499
367703
379494
408328
373416
394948
401856
392638
351393
410569
357281
392647
369621
378809
379504
378750
397970
409262
392644
369538
376628
406038
388969
361380
369796
378638
387812
351028
375682
391481
357161
411424
401169
387845
400819
385657
410476
394953
398251
399491
385036
394163
388084
410221
374254
358181
391501
388103
384311
358253
410289
401397
372698
402823
401901
376638
369541
387593
351966
352141
384952
411252
394187
367709
376219
354396
408387
385648
364190
407775
355155
372464
387496
373248
391186
357196
395361
404437
390798
351503
378725
401899
401862
358376
363376
405442
405728
363299
388106
363007
385033
357443
394941
365650
375203
403922
367779
388316
397986
355189
363724
352191
354449
358242
392656
375501
363510
405726
388391
396154
372645
357482
391239
392269
397979
378086
369771
386034
401903
351247
401298
360304
367773
375556
410472
411415
358523
401136
391246
375848
404675
373429
375499
404450
385651
411430
352145
411570
391236
372201
400153
388051
385018
357194
373972
408331
363166
375797
357198
408334
393792
400616
355152
378671
369504
351474
354431
361379
367126
397941
411431
369795
405761
370550
372731
384974
352137
373219
366946
376587
401854
375518
391235
387283
390181
379483
355199
375757
393470
358211
405758
376801
375609
370547
407546
375562
388378
407510
394933
399500
399788
372441
393802
408369
392385
355310
401887
395126
395884
388916
351242
398568
369770
396586
401177
369843
355188
376578
382275
369654
359214
372200
411422
401852
401196
355721
376418
358184
360584
378650
369652
410925
404433
388390
388387
388912
407692
373659
372714
354137
384512
349446
386036
393540
372636
364248
363271
381942
351212
391468
378316
385708
394347
384794
357327
359983
388980
378662
385926
360597
354424
351409
405706
372004
354474
354421
372429
407553
352133
408280
394935
379742
399480
407191
366634
404668
364213
351472
405722
357224
404656
367591
357155
402900
376576
355171
405733
376683
351498
367073
369625
365809
397320
379539
358246
398240
398249
354258
389462
408375
391196
351648
387601
375566
355813
384762
358581
379759
390815
357178
387581
388289
399481
397976
389637
382879
357197
372440
373705
391469
361373
354222
367768
394136
401304
361384
401261
388906
373083
375565
382699
360590
404681
369383
351156
369845
405731
393614
396520
377893
401445
388984
387627
407534
401393
404395
379605
375956
410551
369544
366513
390838
378658
366932
379508
370537
392681
404024
385028
388104
354175
364362
368898
405743
386428
404444
367019
363327
360818
372618
398268
361312
391500
353153
376608
397984
395000
375651
405142
366644
367691
367708
404691
371691
391249
379510
369803
360519
397731
408182
363275
355185
369640
401157
375095
402744
378819
388976
357170
398252
375535
370561
412398
399486
352136
361413
369851
369755
376314
367083
393622
357332
368585
411423
362980
388917
351440
352193
368584
364191
378724
407712
373674
373415
358188
357190
360321
379482
367596
391803
373464
375533
359901
384982
388979
369515
394939
367248
376584
367588
401458
360328
398346
362953
361737
384366
389572
388658
364645
392795
371705
376914
359033
353954
360228
395926
355309
352498
412565
364957
402806
371138
383144
361253
358459
358517
397732
384456
371082
379820
382024
391647
370096
376706
381679
407243
370714
384450
372752
394521
408726
358519
362899
377449
412425
401831
358879
356798
354668
405574
364939
412110
382117
369778
387685
388619
383343
352497
363161
402224
372041
409194
370720
355493
362963
362184
409188
383543
363699
379493
365936
409202
412364
357820
406152
379671
398436
351175
389211
352218
398482
408287
406422
360138
407177
388236
410716
388872
351062
380090
392287
355901
365644
412369
386230
401882
393750
394983
371182
388478
363549
392951
368302
355244
380225
410180
400979
357660
378861
373283
397857
359029
396181
365669
398125
373052
391499
389668
399812
412493
385119
402902
350129
375043
411626
355636
410150
367754
368218
409991
397786
392564
409963
381422
360725
381786
354578
358591
384665
381196
402150
355122
357391
409064
402268
380701
349274
374071
407855
359932
368731
371913
408460
362956
405447
355494
368212
350942
405143
411687
350536
359919
377433
369873
404086
392884
389456
394118
388498
350145
381274
382253
384191
355227
369174
351139
367245
381256
357961
399633
396169
391335
358712
380872
358527
369468
398356
375433
410021
354492
371069
409072
411405
366969
392205
412410
397996
404531
381943
398207
404129
410285
385744
387040
373476
361974
387466
411564
352505
385093
371982
390903
354043
401571
350030
401662
352216
405337
396282
375274
395221
364346
380292
380767
398124
365921
374790
397044
398637
395275
350144
399394
409679
373767
409060
382905
395240
389241
355332
373537
366964
352241
351109
355371
408635
372623
351539
358143
394195
378903
393112
349780
411507
351189
352093
363186
398434
402921
404363
405185
394116
367638
373362
401872
391717
387081
353975
372420
404366
388703
371839
350527
385608
404787
375866
372190
350051
391929
387010
358978
350998
349865
409019
396692
391234
352348
392880
382288
405006
411478
397781
353992
374849
364851
404622
411511
379796
369959
403521
408727
411238
405876
379047
389667
371986
363180
404512
378623
388652
376093
404712
401598
358172
362057
392129
389465
353617
349304
403894
385755
350713
366905
377915
400821
397751
364285
363661
402958
379737
354493
375128
360262
389544
383433
383182
382050
370889
392926
387759
404415
392466
373776
401091
402621
357106
351526
387405
397787
391256
372179
386695
384589
389511
360179
388040
391432
359969
397664
375350
353961
357092
410483
399910
381647
355473
378994
401546
410002
389642
372119
351176
349840
393455
374179
410755
380802
375321
354494
370463
369858
394486
402488
378887
358235
397314
359190
356896
403501
375801
379705
389664
373082
389799
352988
356973
376538
380879
363022
384768
354028
371205
402755
357532
410299
410447
393744
399405
377171
404031
380013
372192
351140
391578
353287
412588
397669
397723
387022
402997
381389
375871
409097
400933
397638
400849
400182
395873
402577
388034
349275
388101
402275
407096
401658
352069
378274
362447
378608
375864
349771
388466
388898
370732
357064
404256
398221
389163
407627
378124
384508
402292
351530
386478
389563
374015
382661
354201
379564
369917
380320
409182
370470
405655
399669
369484
380859
379641
380233
392270
404657
387468
384602
404703
399853
350865
392658
385091
385996
382955
373578
395253
395192
385964
389178
395207
364511
382626
349440
388784
379720
358578
385125
399727
411726
358071
401995
373664
361494
364554
386623
391579
361514
394452
364498
355262
411802
386628
359143
382390
352923
395132
408543
385892
386748
361586
360709
411780
374905
373612
349685
383067
372874
373890
402067
358435
352486
352284
394454
408617
385425
407791
352406
352538
373869
401602
376842
357980
358454
369935
373565
374282
358413
382388
354610
357958
349419
391193
398319
407861
388529
361192
385938
386545
396318
377135
402214
385969
412469
379797
372804
386572
359081
389047
354614
394425
388509
391816
364387
396312
370346
370308
409438
376777
358448
382992
389139
358594
401533
386626
373334
396315
379642
364389
361694
380439
354479
373837
360678
387409
355324
360629
363612
364906
365372
357610
365443
395311
352990
396534
359131
382858
405063
367979
407866
405082
351573
365565
357570
400496
393125
395159
379323
367902
376739
353499
358049
373716
382659
355351
376394
399870
382597
351572
352485
382846
365576
359135
388403
377448
408229
394841
377478
385137
402181
353529
357979
385111
385437
354541
391643
358058
359772
364450
362677
410813
365439
361239
404766
386579
377217
388449
358499
377000
395145
372832
384178
382373
378911
401531
354559
408768
402094
352263
382314
361574
377423
382826
365894
373522
382919
357574
394870
354977
364610
398834
382800
369894
364476
355406
362230
376888
358546
364137
352239
370796
349425
381758
402203
349526
386625
377210
385753
392985
373336
388805
379782
379419
369989
373616
363533
383475
396968
382935
385979
392918
377499
396877
374353
358514
352300
385935
354551
388728
373598
408626
373671
349411
358107
364366
373677
385770
389245
402137
395230
361693
388181
394417
398752
389215
412475
376709
352380
377441
402156
388504
382855
391617
361232
391561
352399
385102
376922
395282
392904
382511
370644
372856
379659
391224
395297
372828
350031
394801
388770
383549
349431
394797
381741
402053
378915
388794
385141
349444
373835
364485
377521
355001
408619
373709
379726
383001
402123
383486
375997
411835
361489
407827
396536
404767
408177
388734
403938
391486
382790
370614
412485
376820
398419
389077
407723
350068
373652
356024
353489
355992
405076
382333
367628
360717
349445
385116
378862
410753
373582
379844
359095
349412
352252
379389
382841
365395
401542
401754
373349
376934
405046
380410
401529
382863
358639
365874
389103
411798
370810
395205
356019
382925
361199
369940
363647
357565
360634
357549
389191
361590
358382
402323
385073
362526
389816
401772
388830
358550
396958
396238
381410
385507
373679
369909
370107
395167
367653
358443
382891
395204
376733
402341
370839
409441
395127
397333
357982
367044
401540
398371
353028
361674
408651
408744
359155
389115
393035
349436
395144
395270
370774
376433
392819
389236
376847
373212
350046
358355
381764
358085
401566
367879
405881
378864
379686
372785
388480
393036
379303
364978
402166
389092
379805
376831
391959
382307
385494
349422
365368
356540
385076
395980
379149
395209
369936
373211
373792
358543
359694
364464
364413
408614
407836
408575
391581
358563
360684
392839
352250
408637
354965
382847
385064
389757
358375
367992
364361
376475
358690
350137
385922
358669
405106
370636
403019
349457
358596
364913
378878
364425
372834
405873
374866
375876
402036
382330
381763
350033
395298
393063
379824
352261
395883
408627
379304
411733
395182
405098
399558
373529
385105
391905
359061
410785
360687
365436
398743
396867
385414
372884
352895
395931
377502
358552
408723
372883
389489
358090
350692
371143
396250
392822
374178
364931
384712
410099
412055
349913
381944
375164
360661
386171
402731
364902
399025
407131
355735
385208
411367
412499
386569
366383
377977
397316
360789
403889
383384
351708
398667
381681
370069
380919
389727
397617
352112
388797
379019
387654
372395
376212
361794
404222
395823
384018
355618
384368
355172
377323
361245
395901
364607
405314
398950
404011
406507
412539
367327
407246
390803
369994
380913
382610
385533
350877
376764
399029
352608
390821
405328
395777
408650
355844
388757
399357
405869
358092
350838
389248
398630
400824
391917
352297
366733
361762
351133
370081
352471
410162
383225
391700
385238
352014
365469
351576
367913
407293
349498
355363
392220
367579
378140
386555
388804
391138
362065
378940
364102
409003
381628
379685
370479
387628
399027
385479
361595
401699
353967
384571
380064
392976
412015
380763
353459
375547
357699
356015
383464
375049
390516
353909
378109
362981
404914
373902
408648
411076
392223
399263
360049
400823
391026
404919
405540
373723
355127
399406
378242
362109
400779
357704
351672
390513
397468
410140
390711
364813
403993
352898
361197
362655
404160
360057
362021
383415
369255
393674
355137
373386
400456
374266
370813
393810
351707
382099
389410
355998
392487
356784
385616
408653
382238
352842
371178
377353
363137
379939
400484
358189
410851
359008
378075
353040
405630
379058
395807
382898
402893
350829
384440
397551
352758
360745
382854
404768
400476
366799
388726
395934
355910
377427
360812
408366
375238
405503
400459
360083
363039
386522
395326
379401
392829
390655
372047
367440
362070
356457
397428
362984
366469
364715
374029
372118
408975
381949
351155
368395
387803
361852
411012
372128
394529
408258
406385
382929
381962
379044
367915
391718
370074
353811
398452
349488
379309
383248
369179
389865
385139
402907
364922
388802
353930
350818
405323
369466
370745
351205
408649
372153
366606
372073
393016
386506
388026
353833
405468
378346
398505
358045
361580
402494
378629
395546
359124
409183
369375
358686
389703
355039
355665
410266
391973
382506
374391
399428
410995
357665
357707
365452
396977
400483
352289
364085
410407
383514
350850
405608
393686
367365
395465
412355
402405
384393
390960
384796
363254
369091
405734
401728
385240
397947
368874
358731
381655
388788
361729
351006
352952
384565
410957
391015
378975
376081
361613
409336
402185
399668
358048
388546
351624
412396
353850
401829
362867
409493
404073
378255
360825
383477
404801
399800
378045
393785
407179
406348
355982
349480
385771
378153
391873
399775
393998
383371
373666
372208
391807
377459
354052
350848
406979
404045
406057
374265
401789
378263
352640
405859
379028
388654
401719
369960
361858
399409
374159
359874
374797
375453
404940
399353
388603
371044
387638
383503
401536
401826
412009
389717
408999
408223
384418
382946
352907
366778
387701
395959
386168
402143
389417
412424
390884
407948
376871
404085
361348
356569
379057
386240
393509
381934
393676
368387
401830
362962
384410
355825
398534
405736
368178
366384
396778
385241
377017
397318
399397
355987
360774
352899
405524
379060
402242
373058
376057
390820
388195
384416
406473
362670
367631
399753
355667
351930
374097
387500
403655
378084
360128
412523
387602
388554
378178
385458
399677
367590
408971
397591
355036
401674
407943
400143
405624
357710
355655
387652
376955
404186
388555
379718
400794
385233
369362
387863
407464
374263
400576
382115
394443
404015
364865
398511
376400
355948
402520
355587
363662
393440
393505
388661
410306
389752
374298
388769
384112
408568
352599
391985
393793
367634
393017
354653
352746
379945
370011
400142
400596
379809
391619
367273
370416
385916
377169
382083
392628
382445
409816
402352
409314
395761
353991
406965
408974
366715
397141
405363
361283
409380
375181
370478
350544
402722
353222
395802
357076
406034
362954
350921
372074
351743
408548
392629
390014
350949
355656
368496
350899
405570
372889
355963
359042
374380
384531
394623
385904
389652
400864
395520
388238
355536
380298
364843
379016
367870
383805
388528
368291
361523
376749
402402
379676
350730
380255
400658
407991
388490
359668
411062
412008
407979
408576
386109
379118
358964
390013
408012
369276
380016
367179
372373
350982
402778
363729
381333
399680
363046
369239
350874
401485
384452
369967
359105
373809
409264
368045
405134
352302
385529
375218
409363
410286
349319
384554
404041
349494
385471
352275
372132
370642
380089
412513
395346
376454
350836
370486
397734
369973
361578
397878
353750
402959
360671
383912
389322
364651
357671
353538
354669
407863
398543
352083
353569
403810
374988
402952
401685
406814
391763
377455
399104
376202
393524
352115
382442
393756
369208
365453
395473
374186
388642
394834
354841
395494
350789
358748
401575
386574
385619
409397
358006
364717
351381
361593
400825
368351
386372
378137
361006
412308
405628
388571
393003
375352
372058
360113
405037
380473
393345
372245
370166
356862
403996
407187
382737
397771
351788
408043
370317
364037
391582
367537
366970
354165
358037
411266
389198
351982
408636
382079
369343
350863
392597
409266
393778
409825
397598
355956
354692
362275
377015
372935
412416
361332
405321
403000
378079
387970
373946
399697
363709
392960
374295
362288
402479
395096
407888
370668
382093
364942
364109
376765
379010
385855
367849
387859
407971
366654
382365
351797
351688
406058
387659
372397
368269
351973
363003
398549
373276
403654
352256
408048
406065
373400
412503
362110
389742
364920
409313
410400
394106
378127
393716
362182
402905
366891
356834
360074
383388
376909
384113
388878
351690
352109
384396
379368
368388
361864
408016
411333
359001
384364
403960
390624
353536
364154
354008
395878
384539
398764
378262
369262
409927
387676
400244
372966
404959
389081
401538
368173
369522
363701
383328
369326
376953
384119
362035
382477
410389
357318
407238
389861
382500
408310
358136
389607
405646
366658
395129
397663
359094
406072
356757
392195
388597
352362
351461
378162
393654
375127
377926
390514
351267
402046
362977
387686
360013
406926
356897
402852
395919
350361
398386
372142
378030
407134
381883
410271
399392
387305
367809
354538
375319
395486
405362
406359
393688
383479
352301
350784
405990
385867
382468
402176
407100
411996
352350
372943
383402
406326
392145
358949
356468
411843
410711
407995
354711
411937
378080
402760
370370
401689
372218
384559
394543
389589
382056
399004
397425
387660
384428
398515
370480
361885
359071
350541
393331
369461
412483
359999
407260
384441
399424
383597
355333
351628
412062
384116
393668
370031
392210
386433
405244
409022
382696
401093
405107
375102
379374
352650
370989
372189
387819
399439
370053
377443
376978
372082
386584
400892
394851
392158
377394
352896
377152
374393
363597
394484
363142
391625
403813
389461
382689
411015
388012
403052
356756
376039
390850
368177
385311
353460
393640
379741
384121
369354
349918
388499
381999
397741
378157
396355
360788
412517
408857
394866
382670
392222
402115
352353
402918
390973
353800
396898
406369
411700
382824
402976
354262
407164
364572
376490
370659
350841
355900
352236
363506
398082
392064
363483
411522
390533
361877
394998
357254
378773
408383
358411
374094
392280
394155
401820
356947
411609
380042
369452
359031
372610
359701
392743
384883
373288
384938
395443
360312
372583
354331
379540
370430
363434
355070
383196
391415
404492
410437
369686
367202
367884
398093
357212
359704
399303
405783
388581
384610
388241
393436
364304
378707
400489
388568
404645
388367
378693
371733
410506
410671
410951
401038
372643
369775
396915
353896
380049
391745
378859
352054
406883
367015
397102
354294
393753
405381
358240
411477
373511
407854
411639
388230
411621
385637
401215
400712
410650
383138
350324
378304
394262
378657
364217
409032
364340
378726
393862
391402
355702
372634
359855
357093
387501
393989
369427
370739
410932
359046
410440
398773
393392
400116
367312
357337
411565
363474
397462
380888
385676
388348
374038
369711
409875
408023
372251
404152
358041
384527
411946
366111
401900
373718
376050
400878
375195
379589
408930
381434
364761
384235
352051
352388
377147
393861
383124
401277
410843
381749
395867
379337
394160
363581
406408
383739
356536
400901
398243
358936
410575
398302
384666
407518
393838
404894
374876
394279
408203
353922
400588
384870
357372
387380
349936
388634
351392
360792
363392
351491
407298
378455
361508
362740
379785
372952
378801
360269
408027
369756
353185
361412
372083
398304
394549
384895
358044
406915
399136
388394
354400
405348
412036
357984
395451
358854
371126
367214
391387
394988
410647
377827
370982
360104
372741
377822
404478
353885
354438
401449
371891
370528
375477
385461
375312
409627
379954
408515
394234
361035
355621
354637
376038
351433
351348
381833
401180
385002
405745
363409
409620
372563
375726
401815
366770
387747
359090
391937
374865
355969
354125
362013
356244
369555
353952
390561
391704
360524
379523
375717
377166
349820
367757
382074
388144
397826
386270
392760
384714
384845
409874
369367
384874
362356
382909
379612
394989
381730
358230
405782
386200
369946
384787
409938
372685
400552
385227
378755
383136
379637
392691
406846
366480
398044
353483
389441
367078
388960
401442
384259
406107
403739
359429
351397
389512
353517
394286
410305
383245
350980
368359
396135
381754
375742
369563
391001
371452
367293
349928
374168
401231
375626
362814
381187
351299
364272
404453
351031
374574
357343
382469
401649
367067
372670
379432
395418
379396
373450
360598
372413
391407
394190
394199
354454
367134
351427
388264
398544
383206
392692
370925
385605
394366
399078
398967
357252
407577
402519
404108
376694
386508
396332
358243
407473
407669
373960
371905
400517
363448
372385
369628
382767
374880
361470
360478
397807
358307
406855
398099
410524
395008
358303
368994
350975
391137
407686
360338
403844
400936
379884
399129
397031
375578
378669
378688
360729
363267
352443
351686
389474
399047
377299
366934
358212
355762
370608
411588
375725
409920
373408
365913
385223
357421
407766
377820
377121
363313
367769
390696
394294
375286
408536
410518
364344
357051
382070
382439
354142
372476
357311
354218
377937
378678
367542
359062
362052
373687
395414
392395
352826
364165
378681
408384
367761
406851
405516
364326
409901
371445
369340
394392
392190
377286
394154
363375
397098
377833
391306
404590
376841
404911
392174
402515
387447
367050
412122
358135
369378
370538
388974
409598
382082
360807
384171
357272
369718
364270
361965
392219
395007
401316
384529
364305
391319
398491
355084
362798
375418
384884
404420
387348
412077
404510
404857
376530
382043
400110
377303
370650
372609
384985
375700
381190
352326
360416
351600
363287
375344
361535
401017
405779
403703
394179
394200
363588
394283
360739
387847
391514
366950
372627
372688
404155
388962
377967
397937
408000
388580
364911
391895
372382
349811
406691
354382
357667
379661
404918
356521
376631
396756
382889
386698
351266
400621
370050
409096
350606
394404
391378
408271
394928
401209
404931
410475
350624
360560
354230
387836
407684
364280
410601
391733
370897
398050
389501
355968
399652
352581
394385
403820
390101
352636
351248
388887
394990
369695
360352
352556
385642
370939
358302
367727
373377
371728
402569
356607
395098
406962
354245
354650
353743
358855
363401
363424
405394
357458
358717
388600
405533
388278
401723
386699
391322
382301
383365
385046
404937
371751
364824
409871
354465
370652
380116
373257
354181
369783
405382
386697
391885
371068
380340
351351
388996
378980
371449
401284
357115
391520
386879
397973
360471
401706
397395
364451
354455
384496
360565
372621
405508
388159
377139
396650
390051
361496
354193
360452
358069
380023
375394
363157
398765
367066
353699
408389
360719
407581
407946
394929
381745
375643
356492
373239
362731
353942
384940
398039
407405
385824
352572
351326
352260
392744
354124
373688
374912
391452
401276
407605
364462
351214
364219
406865
359938
411561
351102
388092
395911
368996
354332
388331
389913
360462
398448
401326
393473
360174
401381
394330
377812
357352
387750
374955
394159
357189
398305
377068
359705
408881
359703
351083
352124
369751
357346
354121
375843
387356
407756
397795
381819
366971
355180
367720
388129
396342
350950
392355
364179
354232
366452
380009
378981
380143
411475
389267
392750
408022
355850
370452
351457
401125
397844
411272
394274
400937
371294
363304
391184
388087
401375
402575
368189
398078
351309
405802
354646
350100
375608
399058
405836
408133
397755
350715
391399
351681
378740
384643
366832
386509
392439
392266
369736
373611
377805
382190
373628
401289
389514
363123
394518
378628
354304
410129
368881
398966
375802
393491
373675
394185
398261
368917
357331
372242
395897
357100
362944
351285
408018
411216
351032
405798
374120
370379
370746
397613
392098
362742
412360
360483
408343
364738
363252
358208
370536
388221
357416
366403
398867
362700
412432
363145
368676
393547
408380
394270
397699
375275
389545
352120
354470
374480
389375
352756
357167
350584
408778
405812
380087
361615
375557
381832
379617
388009
378633
388396
391400
366801
350587
399548
391471
403704
392746
373911
378746
367692
360451
385650
388290
380054
390534
388973
409217
379560
370006
374857
404695
357681
378914
399730
359700
352197
410579
384765
407651
357143
386127
361033
385833
368380
359797
392804
353437
401390
381460
398786
395501
388981
355114
388267
367292
401282
401198
395154
382114
384975
360446
367063
408146
372589
408372
351297
358813
373720
394973
404180
362704
388213
377817
353525
398049
375784
354404
352364
367730
400510
388393
382295
362404
385802
352717
357283
403702
351265
360331
392685
381784
410690
388621
360480
388248
355696
360258
354292
374877
384980
360594
351068
375854
369368
397564
378804
410978
382761
391731
363277
400206
388667
411167
367850
408921
388058
355073
363362
350582
408134
406402
377888
391317
367157
351233
391290
360805
355067
384609
385669
359942
361401
354234
388120
382051
388074
351873
401234
363247
361392
378979
409625
350581
388616
391003
386257
388162
403752
379390
412209
351232
350336
381521
388951
401256
369844
377401
385638
392672
363300
360586
357415
351622
370510
375671
364755
401266
392635
367323
357869
402790
363155
403745
367188
399503
408440
383755
363692
406858
398306
409203
383090
408315
352861
388200
381785
381739
382719
391457
359719
361409
358735
408395
358350
400506
385640
375719
410990
355186
374561
384158
410901
373506
352144
370326
354456
403722
402558
383773
361291
352575
407734
394393
383469
394072
350960
367084
411479
374144
411484
392319
362007
374283
379550
366439
367815
395480
366651
393773
380372
382283
404608
396273
374534
393982
378701
369550
378818
390924
398523
367088
399092
407698
367194
372327
395004
410300
364260
352709
356529
369611
394306
368939
360810
355193
373468
363332
373826
357087
357035
372514
394996
354131
372860
354468
355170
410841
375551
375618
376803
351697
381802
363295
358304
389440
381477
397782
405759
351282
362811
378672
393386
397698
369370
399748
384155
374572
376728
382589
395505
401269
354310
394974
380889
351331
388551
391456
380206
386490
372625
352231
391713
366772
380053
369692
394524
357359
350753
349804
402588
368908
353905
399675
384534
391379
364891
394228
407677
395787
401271
403774
363442
409319
351199
384730
356491
390627
352042
351201
404910
354151
377024
388060
354229
354252
372957
388202
358323
369604
376573
356991
386097
408783
401303
352631
398223
372499
398808
411980
409048
398072
375699
394181
388550
401270
394552
363525
394219
382161
351954
354677
363441
409877
381787
383232
382278
398518
372629
370943
363274
394124
373294
372477
384514
356963
411616
391815
389694
369786
403705
363449
354251
402582
410692
398123
349398
392516
382285
375355
369196
360779
379336
395492
392521
393815
382303
410522
378239
360798
357230
369829
394272
369036
360599
382601
400620
378294
411875
386266
351250
404307
366921
379990
355631
349824
364697
378766
382598
401149
355740
410501
376622
385760
382297
369511
401264
378280
363283
391262
375531
407662
411997
406847
392677
360215
369523
358338
407611
359707
358209
384956
350325
374875
395517
390641
392086
408370
401306
393371
402452
407838
351430
384617
382567
357000
385029
369535
361896
404575
362726
372520
364879
405568
402468
393791
360481
360309
388294
360571
351126
388544
382942
366210
357471
369559
409919
407596
357449
407582
401693
397080
359698
369542
404859
408321
393755
375841
397810
364008
371732
367322
391516
367819
398114
392125
367732
367054
376075
360484
370760
403718
350981
369832
411304
388907
375599
412470
384523
401267
383485
358842
401601
352233
354298
411521
361914
394537
363440
398334
400956
388584
383142
407981
358309
402521
384962
364815
394955
384936
355770
389370
403252
376079
384947
379978
390917
405412
358797
372926
391938
351399
360355
372700
395051
395745
373505
361351
400508
388921
359392
363476
351320
394382
383318
359857
364849
364170
382752
391202
388963
354403
384849
364848
388232
364300
388156
375715
369684
388132
382284
394986
358779
394407
371765
409036
355197
385667
407241
354463
408386
376604
363124
350714
361886
392455
355294
404396
388978
386390
389584
382579
379021
376617
367303
371745
356516
367045
362125
358757
365176
392200
392783
410511
358464
387497
411469
369356
411488
384910
394221
361414
372430
380083
360376
376693
357476
371798
401672
379879
409076
392561
361819
407556
378690
363111
410464
386656
387449
401444
367737
393935
409894
407608
355519
361422
352858
360511
386231
387918
380915
354290
388942
407219
361626
384234
361497
366925
401721
386241
408143
407558
391301
401611
383602
372843
380109
407297
355711
364397
383115
397356
357219
354678
375031
378303
355965
375300
372851
351404
352713
354073
362003
372624
368997
352098
409868
404496
355624
407233
384491
360867
359721
367092
394225
355288
401990
408032
399120
380890
404626
356940
372686
357133
351039
389632
384916
387902
363019
367388
354684
394993
370409
361995
383268
361407
360379
404113
410513
408222
387355
357376
364262
407945
395552
404858
401240
362042
405816
354771
373507
361403
386925
355319
389466
364194
405719
379544
401189
367039
404537
409948
390950
389481
408225
369841
389606
387614
376045
378287
388199
391435
391075
352664
406995
354127
363349
380351
377213
362122
382172
375053
384872
368911
363302
361290
351476
375706
372755
388636
393441
394207
411416
373545
377819
365717
357243
372478
378466
360521
405393
388968
382065
366837
374861
411597
369780
377127
386891
371216
370535
358244
391951
402532
406867
358177
388392
410651
388130
358694
351171
368197
405354
368622
366986
376618
366993
355725
391002
357199
372945
368187
393794
370068
366120
387345
363364
381455
388164
377072
384921
354318
408703
383411
397708
370609
387916
382174
383221
351337
362712
378739
353904
362710
398172
353543
402726
358713
384497
364356
359122
353971
388327
384860
382286
375558
353482
387478
397377
357370
375716
408509
375327
410519
376049
394896
392228
360737
372525
349401
383653
382887
396333
369631
