462840
451290
469280
472077
414010
449330
448676
476760
419778
419868
429606
426511
429940
476335
477867
470601
424948
437336
433230
439885
452158
440702
423054
414021
435334
460628
423029
420633
416780
418540
462369
438254
453395
451987
421056
460255
442665
423650
416381
464716
416823
428171
460975
446192
476212
474545
420301
418527
460105
469779
422725
441764
462855
431564
440911
445927
460208
435918
454509
438309
417370
444486
418442
425137
449380
472592
455107
430984
418553
413871
463767
467121
467462
454135
419599
422842
445999
444755
448983
436695
425983
443499
416279
422917
419581
473926
430361
443390
432350
422143
464582
435245
477338
453863
433501
445657
453019
454537
438497
466346
429954
477387
476390
422925
457635
438277
473646
450612
468254
460065
469261
448374
446340
424291
470170
462802
439870
471685
437692
472009
461073
465176
462365
440890
446018
476158
469045
420085
443358
450446
438289
419485
439432
448334
448950
432224
421578
444456
447354
472857
464420
419912
468978
423112
432193
431016
476844
425417
447800
463961
431590
452026
467723
470495
444440
452014
435052
444442
436256
445624
451112
416768
440421
420192
450287
431378
453829
432204
433054
447743
468105
412942
465222
449411
413929
413840
419635
418888
448014
434590
446343
460585
432223
446122
462791
414162
449357
473947
448990
452025
417511
454221
456773
416725
416435
476413
450556
441244
418037
431805
469289
424412
465310
454459
406188
453565
432436
431637
426607
419324
455522
449361
415355
469254
446066
457604
429489
476471
447384
449026
476164
476388
428181
438044
416848
456462
456178
477761
422039
438447
425561
419835
437796
471185
467428
414629
446337
416892
453854
454276
455466
419669
423636
428114
423155
417322
451587
419486
420008
459114
472550
427741
425143
443636
442973
419527
425992
448238
432180
426618
459295
444121
422045
441716
471096
424239
460044
431983
432386
437680
454526
422785
455266
414722
442611
468497
462558
414689
419261
474848
454774
421008
471883
458199
457174
433527
415483
448800
437700
417520
424191
434142
468399
422112
420278
427942
437323
442939
443331
446022
422880
465216
445632
451252
454853
416898
455216
467876
460797
455871
463062
451935
471607
431136
447744
458285
429476
461018
413078
442546
442775
432376
440338
470330
428189
473730
431594
434387
418535
474805
457793
435597
431528
429462
461092
468870
432705
445618
423215
468103
418613
417050
435667
419827
420945
435031
470480
442780
446048
425123
474426
441249
451475
454926
424141
429962
456052
434636
438549
434381
470636
446325
451901
455358
432922
435210
423139
471882
434254
434780
426703
464588
466876
468262
451917
477330
470829
449174
413779
476399
416423
435739
472141
426021
458018
434136
435183
465738
454844
457014
454851
416805
451887
425088
474145
437649
456090
413989
457359
471782
418564
450054
424812
470857
455322
433953
433533
465007
473823
417061
456536
422504
452578
470644
471680
449313
456522
445207
456135
476251
437348
425190
456986
429148
444647
453999
432391
455738
418587
424424
424417
416400
468226
426423
426588
429356
452562
449390
423881
448331
477301
449393
435353
448186
427977
454674
466112
420345
446043
420180
422690
459631
473743
455744
457806
449365
452840
415401
457701
419910
423017
423431
415459
473647
437849
472604
474428
470533
456134
476272
454923
413901
445636
452145
421582
449048
432726
413971
459072
420030
438528
465835
461628
452133
437778
451276
459741
453813
424512
477325
459992
446101
449299
438268
457924
470485
418734
425553
455058
469776
434831
368480
442588
442935
464843
459290
473648
472582
476304
476428
417442
476266
467867
460348
421346
472822
443414
420261
453531
425114
441812
470391
464875
462564
460114
424290
420034
430980
441734
432414
437397
467583
419358
452805
469747
449171
425218
475312
462566
427601
438324
470771
450988
451616
443387
463946
453556
418875
458994
476178
476423
433083
473669
449372
459999
453537
470950
473892
457782
419483
469513
471219
425046
465334
472507
431484
423214
435375
426803
459201
455486
428058
436344
428697
473528
441515
455505
452919
460991
476437
467243
455302
476431
429640
435344
466108
439656
477275
428248
418881
429486
438450
459231
476787
431890
463240
457454
435157
468661
451591
440824
434144
460083
465178
442028
459284
462875
476406
471255
440541
416369
451954
468344
415502
444289
450965
446307
456305
443738
457001
457421
413842
434828
456352
426863
427556
438576
433918
473791
422159
467842
421912
443400
470795
464828
452908
441208
464852
433614
470714
459979
444308
421556
476545
467596
454932
467512
435339
458111
441508
454540
435359
444599
423499
470413
417494
418562
438438
424774
457463
437327
467573
418898
420350
442032
462930
428184
471277
445751
435274
467275
474535
444059
418538
425736
447212
443362
474321
467339
472010
442555
434581
443451
421524
462864
453817
475649
461111
414687
472028
433161
472282
451330
424657
438945
473796
454346
416748
454205
430764
446347
449337
468022
465535
449375
443357
435275
471998
476764
454256
471212
422939
471431
472030
423037
448192
476210
463966
420196
437798
465196
455348
416141
428125
443406
414592
434689
420276
458908
441063
425313
442659
457721
457575
470904
459276
419484
470574
415878
440555
449348
429881
431020
419269
438431
451914
468819
416057
460519
450325
451877
470705
475047
444699
440375
431584
433134
455734
468333
425098
477439
474185
472132
430696
422840
444737
432735
438126
458878
460404
450443
465363
460493
465205
476598
473477
442490
474061
463382
462960
476822
476300
454215
473343
474079
421837
465920
441257
441582
412893
451831
472872
438535
414603
476028
368481
421963
468628
424446
420017
458480
433242
415408
471919
449398
459166
448322
459306
476489
467169
458496
464039
476461
476244
457930
446089
456958
416816
418495
440267
418309
453997
421766
465177
440963
437745
449110
471642
454368
436240
418589
442970
428113
435162
417230
422805
474941
454830
434584
438778
452153
438299
456965
446538
419073
458508
440447
452074
422137
472165
448869
444295
471382
413848
439783
460501
425577
470701
448203
464863
459993
468302
466935
435322
468455
465008
446962
415713
424850
443421
472138
476733
453785
438270
462912
437756
434280
449314
460602
454528
438252
464013
437997
476729
464387
419024
442020
475318
466077
466617
465209
471231
476311
416727
476796
438957
467336
418632
460405
466906
415445
447722
451951
450444
428127
448593
428124
476441
469744
473925
422954
449381
460520
418551
449317
469337
423015
419857
462536
423191
440869
458494
440124
428652
464576
425994
466630
462966
472102
435579
413861
470389
441579
420041
453880
455291
420029
453767
431579
444155
447192
472228
457647
430871
455736
464945
468244
435333
449351
451632
465082
472542
437311
456974
419330
443167
476387
453779
414730
462919
420105
451210
434669
453937
424008
455199
459924
423781
427472
433800
476662
415147
439429
452750
456445
476452
418534
440355
466632
464798
476354
444069
428158
455523
476340
461119
440323
469294
419661
465391
477691
440528
448190
476332
454314
449335
464076
466919
473407
435358
421864
417786
470328
440286
438196
472874
476217
450003
476373
465239
469796
476925
433001
467693
416370
472081
464541
476211
467859
429454
422869
413445
469732
422138
429137
453665
472893
436318
462799
465343
476262
476162
423553
434574
449134
454269
448282
451893
433967
471207
450570
446060
442222
458038
457010
440766
418584
431597
471763
470848
449099
455079
444409
468476
414683
453001
432235
464403
449343
442268
419615
430333
472184
468815
448290
452102
462557
419637
451333
420249
434379
450819
425052
467586
452042
457879
458219
474218
415657
443734
417242
431596
429263
447972
454507
416906
418525
414638
468821
472129
416813
457320
416352
443401
444071
438544
435365
424453
419676
457009
438445
452149
440324
466173
471089
440332
470466
429532
466479
470999
435797
476397
466073
451253
457726
422133
471225
445965
472086
460712
459234
424503
474501
432202
459249
429464
441304
466347
447759
471227
423379
434707
420073
458232
448323
451472
446010
471712
425033
464333
428279
464414
462993
420326
437351
428654
436260
420966
449569
474060
433078
451824
470677
425315
421519
444515
449124
433308
471912
422222
477425
453975
423186
443419
444844
457608
462836
463916
425575
450661
468867
477358
457578
474171
470339
422220
433997
413859
477270
476265
419985
476411
440457
476166
476656
476444
470399
464597
452000
419563
420298
455330
460082
429536
454534
462986
417223
456142
449341
419439
449081
468309
476412
452308
419516
420248
419243
446058
451925
416766
448482
455527
452175
446104
448585
473957
449111
469306
438479
441726
414562
435265
428650
471069
432371
466491
446057
476610
426681
476361
449005
468868
442664
471224
454029
437802
448006
453516
416845
434949
461024
460002
419259
438493
451959
435026
461112
472875
466886
435657
432182
423420
423046
438587
462921
462003
452581
473699
447822
454977
415475
413819
424831
442213
463082
471376
465289
416722
460715
429155
473482
438790
418445
435155
414435
447967
446365
436985
453776
420081
471369
419525
461006
413438
419983
457443
437090
469757
441175
447996
438296
435612
460107
432234
460465
469966
436246
422609
444092
424384
433827
465349
457953
425013
425106
430217
446195
437025
443675
465096
444812
470642
473212
446124
433939
468294
422581
474137
447095
442207
451106
457830
424892
446075
414230
448294
454747
440273
425580
433146
476425
473402
451908
423542
419262
458273
471065
431474
460043
460799
413817
432291
458098
460372
437654
455105
439438
470490
476273
440276
474346
464790
465224
431180
463934
451870
419711
472011
455285
421019
429141
449618
454681
459020
425339
434573
415514
461278
468261
457134
474069
449997
422141
415490
471999
419539
455309
430353
447252
467308
428216
437024
438793
469264
473909
451479
458202
433985
473389
418480
443924
434476
428134
467860
422337
424908
422677
420097
419510
419987
437134
435093
456038
472827
436212
461178
459247
449577
416408
459281
466899
443336
465379
467310
448201
429955
424249
413952
418520
472034
428054
441562
444669
451048
457000
440107
455511
465201
440778
429953
460505
470826
476806
467657
443145
469248
422076
435868
464805
446041
473106
439437
432390
424759
416607
423963
424443
420362
472536
472833
441649
468674
462535
474638
458266
473410
468418
454823
433885
452019
442155
418550
447746
448965
471003
442345
470180
460563
442737
464970
416853
462744
432201
466079
467687
437739
446324
450779
419255
433433
424993
474934
438525
466110
444195
476405
465070
466518
456681
449485
466484
470593
468387
420363
422380
441255
426132
476744
414597
416804
465385
472145
457917
463883
446049
459121
445926
435305
457513
427943
463098
448982
433879
421736
471168
426290
423371
452567
426623
473612
428148
429468
430344
469114
436340
475639
468233
421928
448433
447361
422288
446556
416721
425394
447736
464899
422707
456951
462759
425725
458283
440451
462859
455982
425129
413983
423769
440883
446595
452091
419033
415461
416735
475759
421883
465729
469249
473316
470004
466371
464604
420356
470843
446323
451262
413977
418554
463294
476383
468334
464267
421014
416759
472569
429027
428205
456947
427042
459283
426505
416366
471916
417053
467088
414713
447960
459757
476757
462969
440660
462362
449859
472459
443310
451179
420111
413851
440715
470715
472791
454429
462967
471194
443417
465353
469542
450479
438320
441412
462917
464786
474716
423134
424928
432089
420070
433750
457464
432121
414565
462914
440315
477300
476308
441000
416797
424436
476299
437941
429943
447500
437346
432422
425035
450216
456921
449420
446341
463008
473403
444490
453904
422136
453787
416888
464738
449466
451343
459248
435666
431600
460038
442699
440557
427865
446083
422931
460798
426642
420304
416764
413967
424997
456950
451164
422428
416089
472825
469737
421896
425040
447486
466993
441774
413946
453013
450562
433135
448986
445164
422407
422386
464977
440311
435044
419681
429957
456185
419896
466885
467559
413981
465100
477357
434589
463404
419980
431826
466116
459746
443445
427400
431588
459218
442037
473531
457131
471261
419265
454532
437046
451002
456827
471874
416309
449016
434407
453777
439521
459195
464472
425451
416550
455106
476147
432198
471068
426624
413443
462794
456961
415441
432361
457652
473302
444362
431662
449325
453234
461132
416877
437754
428149
477411
464601
416265
471373
428067
454856
448222
446020
421330
446464
460323
432321
448122
419972
471076
432754
422248
472172
416393
429543
462954
460014
418647
448891
451082
432010
427935
460092
438228
452151
435181
438796
422885
435665
430204
425479
422877
420101
426817
424775
436008
471366
474291
459164
430358
471930
472790
420024
414410
450475
427551
472839
443418
432332
449353
452965
449435
418493
428063
414390
426036
420066
453018
466128
416066
449344
471365
430752
438186
437746
468515
437727
421288
434023
470997
471881
438599
454458
423709
433520
468430
463009
420179
472906
453866
455236
416096
468522
462977
472052
422900
477416
455740
472879
419597
459997
419133
432320
449862
446077
430952
460862
472135
419627
422631
437014
424953
435391
443549
437809
466872
423035
454859
446378
418524
437446
472813
476281
431984
442217
456000
417563
444813
459198
418435
420141
454824
414691
440257
473706
472616
449400
427903
413940
472023
437159
431849
438800
462900
471889
473523
475035
420352
436887
476800
472051
422853
460796
463973
419180
442679
454805
425981
420224
476418
437903
459150
463996
476264
441462
463986
417383
443339
464867
468474
419518
466613
435430
439023
441300
457370
459197
422549
465677
447763
446381
472038
438442
431852
449321
421299
454435
476448
468410
433712
469651
435922
449331
464776
474954
423862
419496
436381
425009
461049
451144
472880
425550
476468
423040
443473
415860
453941
424809
455101
416137
440254
470401
421002
449338
433819
432360
449346
419531
416806
468486
448149
454872
436355
413795
422903
440400
462371
419021
438247
417929
465263
434459
456570
449384
477354
447755
416803
461620
441238
423001
416199
422988
444658
471158
454655
422140
449354
436305
438457
467579
445125
458491
472053
444220
424513
442618
441701
459278
426654
452142
439809
476825
464608
435225
432298
453560
435233
420158
436628
435293
463900
422124
451464
468040
451362
467890
437354
470901
440397
428363
416274
440922
451779
422569
442041
444223
422994
420116
418444
419802
415979
456953
415875
426591
418218
446165
464573
432757
421555
438548
451128
435736
440438
444348
447285
459208
416052
420014
437326
453859
440306
416253
462240
476737
455169
457717
443404
421006
455525
435839
420317
455234
418579
435768
455140
416739
461606
437049
454818
453011
414670
422464
424752
457769
459192
416372
444814
424791
426770
424545
476484
442749
474792
476295
465515
462903
461180
459240
465510
416302
458233
468443
449011
427914
474843
460117
444439
451190
444532
472916
444241
448624
441225
472037
476172
438280
446119
432575
420822
469247
422181
462879
434570
432433
444219
451617
440363
459798
421714
432271
444318
414397
467489
432448
465180
432378
476277
472548
470883
427853
427791
415500
449732
470561
444651
468654
466582
448984
419834
468327
449707
434834
472104
437132
418617
434638
449145
464501
426862
460682
458037
448141
456503
438959
451291
474517
424220
476317
422937
452057
427715
420279
439944
431327
427388
472800
420479
448976
432314
451003
441543
438083
453716
428105
419656
466682
477791
429457
447024
446345
423147
422923
466907
468034
419138
448690
427898
473899
427915
455791
446149
435169
463985
428041
447253
451866
450438
442806
454524
442622
458209
459152
450676
420200
455524
433875
415517
455531
468310
470468
432013
425012
452593
434567
440366
425614
465242
422689
474717
426850
450993
473217
458108
423023
435197
416883
477408
465183
446173
468109
420243
435228
476802
429531
442732
435312
441748
418825
432424
423962
456845
468463
457814
424167
446133
460836
467455
467806
455325
428135
423227
435328
436249
432380
428339
424956
451130
419252
431586
460074
437660
424490
471917
455586
437651
473780
475782
467963
427405
418900
472109
455334
470938
437686
436055
433900
468347
449051
459125
432344
437389
444141
432701
449128
464563
456179
472136
440933
454667
444294
471189
476459
438454
477174
422075
452351
447002
440433
447698
476204
449123
424872
416325
457011
418608
471657
452080
452846
423907
457202
428089
420361
435402
469272
472101
443544
416391
460898
415838
445118
449373
437777
446000
467572
447004
438531
442681
459984
416215
466109
455255
462795
432573
443141
452949
449322
415481
452501
415882
466679
476758
474569
444601
420346
450007
449319
476121
472852
422816
447714
414506
429480
443446
449024
433250
424834
427681
414583
447974
429580
460411
453886
438963
442723
475651
455541
455160
474343
439474
448714
462364
446912
429573
448752
442786
476419
465967
416347
469259
460112
432407
420136
446031
475255
432429
476780
466605
473884
460495
422101
453958
442802
449073
468349
438491
435211
451882
457427
435425
461965
419524
448574
452161
429537
433836
424900
447346
425997
433833
442540
453000
442643
429626
472915
416749
416912
423038
419258
423174
467541
418759
473411
471217
443970
469258
450384
460801
441241
419580
451158
437801
455846
472547
471211
441707
472195
463510
420944
455039
476025
452135
459060
438348
429609
446433
429163
462228
453819
453784
440442
449360
453867
460832
431746
459113
465223
422195
455176
471970
437924
434559
432399
476350
432186
455282
460782
458200
432719
443969
443745
419553
448131
460338
469345
476205
468277
438886
444628
434722
414569
460030
441253
438584
467588
459695
477342
416711
422429
462220
455974
437949
474342
416798
470288
456920
456191
463052
424818
419654
431861
420321
438518
416773
416850
413936
469639
448333
457676
423211
476342
423121
419440
470706
476677
454525
431595
440410
449332
413774
442740
416312
454849
424944
450658
413943
427468
457007
447232
443872
441200
465266
413873
451049
445224
470462
477426
457720
460089
437353
417628
433859
454501
440394
448586
416282
431501
472078
451710
476434
421482
451950
416692
452316
467835
448602
449745
469278
474243
431743
465288
441250
465182
452291
476381
474387
473393
472615
439855
443143
472834
447686
449010
449358
460587
448813
422578
448421
448251
438486
437352
446390
460331
455026
466107
460678
414553
439379
467933
433478
415612
472359
462810
414016
467544
438504
454519
468682
467471
474155
456915
425168
452823
476435
450811
449329
474667
429455
448953
415919
416190
441765
449038
462525
426814
418217
440425
471011
460091
455496
459202
435389
450008
477347
476462
440291
471368
457707
428006
443317
446023
467575
450672
455226
457003
427975
444682
416276
428070
442036
438349
425532
442993
432354
454541
413444
413454
462925
455207
463422
414137
441243
447136
476426
433494
444240
439741
420191
428208
450818
436199
430770
448499
413990
463898
467857
465187
422036
418876
475254
420306
458275
439850
433954
471902
442635
468393
430899
467954
435237
453341
414354
419583
414019
457104
457622
463978
430149
474328
460855
465198
439363
458284
477884
466615
447241
463576
420145
460106
439473
457805
465181
425225
419082
476846
420048
469296
426963
416152
433156
469804
458506
476384
466088
449183
473492
465388
456939
417047
415476
473298
425128
451350
437328
440622
472555
465540
428147
438087
459122
457980
444265
426917
420241
443018
438347
476781
447538
423960
449009
472600
437835
427988
418565
466513
425193
467453
443435
449318
413948
422660
456026
435384
469758
460015
419747
464603
423000
472848
447015
452075
462861
473789
415701
468114
434133
434024
428049
435212
452088
462004
459985
465782
440356
449160
441212
477850
432304
445163
457161
431403
419111
454328
435164
455233
457385
418567
431587
470428
436841
414314
418498
465382
473888
420933
443318
471375
425061
414467
437007
444499
441251
442805
416068
453824
422837
443367
432447
414498
416896
431899
422135
419361
422366
470710
468412
477240
416339
468120
426606
429565
472571
423180
458656
464166
414534
457811
477733
467419
420011
463164
463152
437806
458487
470638
447771
446898
435955
472348
430793
423847
464960
439456
437731
458738
461032
438393
442270
426866
429428
456543
431044
445504
465193
443385
416778
454619
424422
441598
429145
423242
428076
464673
426881
421933
446338
438751
462684
458488
435290
419726
425715
443601
464619
438749
458500
415262
428168
424215
431896
413518
463215
438446
439466
424419
429540
423853
467090
436972
458535
470700
422864
465947
473665
468671
463323
418236
463913
470887
419628
431777
465816
459535
427951
460048
446072
438733
454904
443361
434779
427487
454878
453900
434149
469989
460488
459002
470183
428214
427349
458697
422215
456683
448907
415899
444243
467181
412818
456934
444483
442404
417007
445924
447764
477795
440393
420265
434908
442642
455133
454582
449704
419464
456567
419504
443399
422505
430317
420710
423641
470067
434796
418590
467975
449621
435390
452957
428055
468462
435772
462866
416233
422491
422789
422381
467162
453836
416921
429631
444327
471056
423679
473436
428030
440300
429301
418539
425258
426646
420013
441585
438155
435287
424188
461041
464965
421729
438303
474348
440515
427740
455010
454864
415106
449008
420790
419696
413835
473263
468482
423354
431762
450358
429465
464115
428087
467014
444406
440280
438160
444655
427710
426944
456088
427946
421448
437803
472854
437749
442022
438236
442612
464085
471213
439324
441512
449666
416120
429029
418497
418024
448636
437043
420023
462756
443171
438069
431542
450896
462620
415458
428221
456908
434215
414297
442502
450914
456979
476761
443337
438006
414237
446030
435400
442628
430986
459080
444228
448138
442769
446367
477773
455543
468376
459065
448861
468281
424351
422353
463988
441998
426712
462901
455070
470119
465512
467961
450127
416243
431131
463251
427799
464012
473576
455900
414239
477794
463915
455465
444537
427880
463073
412993
415085
416743
470191
418586
419482
474850
449691
476541
423449
428107
421035
467373
460444
416819
426927
430123
451398
438564
431575
445968
471585
414148
414442
427752
455138
422434
465399
420220
462072
418557
427944
466001
414396
422125
416373
473297
476035
455571
418903
422958
472007
472427
474637
428083
456633
435387
470573
457627
464665
432855
446675
453670
419050
472059
441586
417312
444205
431075
453057
428310
414463
471043
431406
434855
417462
436373
456509
442501
472222
471001
426780
431759
463217
460498
452788
433759
476112
434749
465799
457885
476440
452035
417448
439451
455513
469800
415165
446633
466720
435323
413858
467844
464809
439447
460721
434515
428161
477747
459128
468683
452310
461187
463637
425972
415823
438390
415752
441602
416326
442609
458463
471422
468268
432423
456160
446594
413767
433244
439711
431068
431832
473567
450554
416621
451714
419004
475697
453513
422848
463933
438428
472603
423489
432293
443319
446640
446099
423176
426639
457210
449784
445735
451634
444368
470331
454948
423545
467048
444547
441776
458863
463740
440261
422211
431741
452335
419132
437068
421185
423223
433232
439120
431742
416448
442676
449506
428123
467922
468909
460046
460147
429586
428159
465529
420124
453650
466117
433453
415980
429654
475765
465950
453985
431914
460903
441621
420133
451413
440358
466949
414728
421502
438302
448108
459086
474904
422537
448682
442455
422927
470539
443453
452509
444524
464735
414685
434759
428274
415847
437294
476826
475717
450769
474827
468176
426973
476094
468392
460594
432302
471007
416696
453266
464941
426897
441536
419575
445663
444570
472060
424072
474807
465651
415841
462164
468169
448528
467556
455904
416646
457067
423357
436215
456013
417309
433323
413849
421144
422863
472352
435285
416395
437716
452848
459116
454870
422169
444221
417017
444272
453553
452687
454731
434297
437217
417691
441505
433644
446647
422698
460209
448817
429146
428103
432384
426946
462216
433821
472226
458473
450434
464617
428200
414507
477548
457724
457713
469102
473657
436914
476095
465514
425142
413836
446073
416763
417719
427285
476026
425405
476786
418938
427480
416365
434717
464896
419543
423126
468404
471020
432210
462833
451608
468386
424331
415876
463861
415019
477749
473408
416077
436716
443303
461149
446353
412952
452334
474575
474956
467111
436860
473623
468494
416570
413656
459178
423520
434394
468915
465394
462891
466858
472805
425146
414558
439454
443048
452085
444341
468311
447784
435584
463424
457680
472821
466921
472219
424568
447598
425277
457168
432175
447624
473001
447364
469099
428074
439142
475777
421643
454661
452715
459233
435432
448478
439270
419014
423235
434922
455200
443858
470086
422856
422461
430153
438288
467648
442159
463329
450766
425324
474955
457485
469955
440427
456782
440574
421677
470327
453915
465800
473537
462531
453561
473445
437901
463904
419123
465271
453841
418571
444723
460764
477296
456850
466578
462837
432131
473918
468640
437750
470102
476615
467051
440265
450922
469029
427863
476379
431936
413953
430895
413959
420240
449055
425228
447458
427850
431549
443366
464095
415846
472025
473923
474914
468188
462663
429490
470785
476195
427277
429014
433138
429595
450513
473907
437675
472905
456321
462370
429509
413648
442488
436468
418032
420036
463698
461729
432161
462803
453051
444726
450451
414690
450331
443394
468115
475039
448567
465730
471923
472493
418239
447918
472907
460003
466495
471648
469814
465930
438803
419329
450428
418523
458839
441704
414006
427234
477376
420181
455013
468072
432219
458326
439614
435230
475710
451022
437792
440290
463003
454057
463735
452469
476730
441152
465509
458516
465281
451031
428247
462958
454601
450197
426857
452504
421224
425304
469123
470521
453583
427074
449167
451173
473513
421238
464419
434403
447916
452833
418804
472803
432323
474312
437321
466642
447482
434586
448061
425707
453633
466869
455808
447770
419248
438883
419598
430621
464350
460791
429635
432412
438878
423207
326916
450583
423104
432084
436968
471037
414244
456959
439818
415051
439993
441023
414622
433037
467918
468973
450328
475602
438917
425989
464044
470937
455212
467503
468823
460035
437126
460155
467943
465486
427566
446972
419651
451688
453346
467637
472927
447729
443831
427729
442744
419789
453491
443264
470557
472171
454965
459670
465543
467561
464295
455313
450261
414923
460292
429645
458966
418779
467899
462888
428626
437644
472098
467554
476963
464438
464048
454950
459027
450234
461057
443260
474429
446853
443424
443130
414343
428739
465103
476432
460769
450374
418133
451165
444680
454938
433909
433858
449054
476803
424937
461792
434312
453455
449063
454348
466188
413885
448380
440412
420441
444775
470479
424533
470368
422562
427458
429165
434005
453862
425564
467481
444839
452691
468336
453243
472901
450850
468943
447481
453294
452030
466936
416061
460277
463116
422907
413323
446948
419287
457368
460547
464280
440908
428017
470681
426744
414787
462694
466656
446800
447943
461235
443360
430882
425364
427932
432061
444718
442556
440331
458982
463690
429556
460058
417046
452601
428265
470975
423996
450584
441211
455030
421387
476022
470775
420747
466920
421625
438338
439141
453538
425603
460620
468433
432012
438602
413653
455827
434972
450310
459037
467539
428109
420559
460473
472566
434847
457506
461808
417369
468148
452300
426523
421588
416273
466166
431279
474315
456497
465087
450553
468866
430996
454389
453372
424943
416405
470336
440383
464285
434274
447103
444856
451032
430878
453533
430965
470063
415152
428562
451984
432352
472587
464409
436509
477670
461614
442541
425111
450257
443931
453857
466900
455293
438125
472936
432825
462298
427342
425516
473271
428073
414729
467328
471098
470621
468450
432082
429653
457167
450861
466997
456849
413800
424488
421914
450500
447436
460062
424847
420566
463230
451113
460611
466894
437219
476725
473234
462988
474735
431645
476654
438995
464449
449021
423967
446187
431030
432308
467423
454573
461740
438925
477826
447358
474423
468686
452523
455326
462349
466955
422897
432266
440931
438538
436404
477328
425473
432262
438429
448156
450237
461140
435036
461262
447172
462549
472238
433289
447687
438771
426508
414349
454250
467398
454500
450675
418040
414832
426595
446034
460483
421323
420678
454180
472126
416546
450317
415801
447891
472064
439896
477011
450329
456063
425056
453332
448508
457163
453808
433314
418918
476850
423953
451014
457319
415130
456628
429593
426484
464413
473330
424275
450200
428558
438524
428249
418269
413815
457770
415501
415048
419299
450494
470423
413777
463776
463324
465358
462832
457054
467661
448202
427446
452167
457595
470668
433012
460212
467358
420562
467915
453479
445967
416772
432574
418087
436419
415770
418602
433990
415092
472013
471092
464284
435911
449530
471250
419979
474664
455048
440618
475037
452067
467315
459653
440486
418301
445320
459650
452980
448993
435551
442146
450467
449195
429546
470716
422792
438154
447768
418061
417295
431475
426306
459737
444139
414346
434974
447289
462965
473527
467520
435346
451832
429329
424964
465089
450551
437958
464113
422705
420208
418563
420068
465584
465639
463743
441331
465104
418045
417255
425774
425134
473895
434252
457500
453032
456091
429587
434804
448834
464365
423759
449093
454879
469147
449477
414316
450267
464528
451050
419325
421213
470670
422895
421932
459210
447711
430562
447760
467602
423208
457333
432274
438470
435232
447688
450552
470553
438985
428559
452991
450892
448987
462841
393160
470548
468184
441302
422114
473473
472032
474427
467465
447718
418782
422943
451256
473003
416551
414820
434996
443140
428635
432177
431425
433797
418784
450616
415667
446098
421961
476194
435037
456216
465074
424792
455732
425967
465545
436168
468781
465032
431445
446047
434244
454142
434579
431057
428228
474632
462526
476079
435048
473341
427447
477299
436764
435264
451085
453382
427254
465468
443467
414844
441108
442966
453183
450781
413331
473896
476033
454894
472342
418731
423010
439708
420176
447506
448864
440771
445933
439846
433229
448002
433678
443085
451383
472454
431004
454170
444543
464392
430995
430594
429612
455100
465708
469071
470278
454336
464913
449721
458967
456244
453729
461748
434555
424865
431072
462227
427774
437881
426216
443682
441242
433785
462631
476494
451171
477700
432810
476421
464114
453577
464953
469424
473354
426522
441475
459168
473919
442629
450999
414402
462766
447518
446200
445149
459230
467385
451667
474754
467485
421264
456097
448668
449625
433498
468411
442776
454283
433695
443320
467569
465067
452113
449428
448095
459214
462830
452155
415087
459751
441081
450529
420358
417196
425047
464444
458260
425993
463058
453998
466148
430381
413634
467432
435318
471465
447824
444626
433070
468185
419407
447994
446178
418907
434002
457331
455804
472185
474658
423530
457367
470564
415070
435268
434329
446946
414015
416786
435397
427302
452147
433340
429648
419705
422106
455587
465495
460099
454367
460145
457017
419012
432365
440491
443894
441271
459651
435271
474403
422878
433411
465347
439346
414675
456020
448839
458632
441223
455354
447757
432176
461586
434603
422948
452186
422221
434171
457786
456101
453142
419245
418886
446746
446155
439229
466731
439772
456046
472143
439829
422951
448559
472111
416700
429547
427610
463708
451295
461494
414881
468465
434405
426442
419374
426485
455008
419333
441192
438076
465197
434720
459734
468157
454543
468224
418028
446184
413486
477562
470798
447435
429143
470690
427967
465532
460513
431592
412909
445943
453195
435314
467599
473260
456459
442773
465227
421249
472517
472765
415952
415889
448446
442607
446488
468301
451595
444836
469825
441163
468480
431491
434666
443849
463866
452795
421036
438589
454721
430049
434223
416143
432869
414473
470476
417679
459288
473516
447790
432299
450906
426238
447214
477311
465048
449693
466457
451391
451965
455829
455270
418627
475416
415536
426215
448896
436897
467098
459062
442584
469956
421982
459221
414842
451930
462659
463899
417147
448789
465153
434397
445593
470117
429121
448011
433260
435637
467431
441091
452028
441727
441769
473435
456593
437399
461714
454456
451078
422016
462750
466394
434470
467347
439140
474641
450579
463417
470684
461489
433214
463414
464306
474436
447608
441652
438127
424193
460756
475007
446132
451903
431035
455844
448187
449883
463756
462923
468187
437996
438760
464539
465000
419234
431672
471938
421586
439650
469468
432392
463193
448161
432910
427605
443637
413928
416429
416668
414219
469988
432406
474681
476684
474692
450130
446593
416003
463851
429446
464522
424656
464112
463686
440577
438739
470111
426487
462769
465367
422908
446754
462628
416123
448803
437612
461791
452125
430745
433616
454495
417536
456984
452347
438078
464453
428617
464520
423193
429600
436875
451061
449572
476407
431209
443255
447096
470497
443005
463651
450606
451727
415406
413680
450323
448236
415767
424470
459767
413966
456924
414411
448860
461009
441382
435668
461491
450020
431308
461738
468190
415169
431146
471836
442496
446092
460100
438272
465071
470437
415646
476666
476691
472462
474536
465085
450037
422819
470185
461490
454220
448119
468986
439238
430412
470579
413343
452079
442968
437307
416437
446118
440918
438179
452148
461482
469355
451947
459084
445286
424228
468732
429592
434858
468366
462913
446789
419091
418082
437821
457605
423014
441086
464335
472435
421612
452798
455617
460759
458046
474324
423365
435366
454621
474737
439800
430994
476229
435621
436813
464032
472157
477028
419594
422385
424204
466546
438595
436868
472229
443139
421173
431630
427515
427354
450591
467518
422487
473485
435295
459688
432356
429360
464022
418663
466473
448301
423343
459110
466947
474657
416354
433377
440271
424411
464442
414684
468319
427341
472353
428735
451873
420829
471398
424658
454452
470554
447475
429633
415726
450027
432217
416923
444530
421040
471046
463589
427306
456692
426499
421160
473276
446008
462826
468229
447030
419610
443030
454173
433601
437463
423003
434260
421892
452038
464609
446019
465123
418166
467340
467288
428034
465537
460554
412926
455327
427878
476480
463970
406197
420090
435018
452160
423066
465219
442582
446013
436605
440809
454185
463923
462842
468507
454303
419976
441266
421875
472728
470698
472472
447672
464104
461979
462796
414816
466490
417705
429618
464406
445938
416467
471410
444725
462151
434146
469076
412890
449655
464190
449146
470762
464583
434921
453365
421707
440474
424755
471134
445611
416549
438080
429632
467628
466561
457643
429453
437668
439725
447695
430209
429521
430550
427343
472928
464427
458518
476765
452346
474643
451077
442539
471725
418623
440000
452146
442641
435002
415013
461311
462765
449684
436544
418451
458184
447492
442820
430678
468427
465329
449071
470707
464595
464559
423206
461484
452288
471402
427676
474631
423897
442644
441564
430894
451028
477283
457170
424715
450568
426118
423076
465194
429485
464336
439459
433992
435368
472223
460149
454104
460354
446082
429154
440925
462683
465400
457939
462740
460472
442297
459807
441463
462815
449513
454488
432377
475719
461219
420004
440494
450632
434629
452184
447781
446568
428567
429958
439609
467649
464614
453514
466971
429152
470582
460154
460094
455296
423105
436134
425999
441456
438222
455986
465991
413067
454115
467483
419142
431581
467057
451809
475806
427233
446091
431127
432263
414895
427720
428278
465760
436710
463137
464373
455585
420913
467330
414900
454992
414611
417020
441290
414344
471560
451699
433203
438552
422915
446899
472973
468186
470342
455835
419824
468601
461271
440398
419289
435288
427324
460011
472588
463762
472601
453452
466466
476690
441265
427441
453789
430592
425057
425939
452880
422791
463375
433957
427253
443070
448092
416249
464253
462529
434878
427974
430892
472767
423868
421966
467454
473577
430731
451068
468255
449766
455104
477469
423498
450189
453820
462770
432071
429614
437427
440695
464531
422809
447797
442739
429500
464448
442797
440992
459054
432342
433708
443058
393161
466868
423891
471242
456848
433816
467224
424515
436959
418103
413888
450440
467797
456308
455225
468988
466435
464487
467414
422654
447983
446174
446071
440554
430231
430640
415820
470884
433085
467762
448526
453161
414002
426327
420835
434991
469859
421419
467265
444199
465021
466136
423738
448637
474961
466516
425411
455647
418399
422188
474960
434751
468952
451250
424927
456804
424659
418423
458998
437541
437666
456194
415529
436320
439167
434585
424240
429275
464249
475472
423728
467769
476041
454267
444325
415395
430355
431931
469255
420931
443010
443312
469783
433088
466174
452582
438322
466145
423940
415153
425682
414525
467977
415828
448964
454692
438604
439632
438104
425360
469763
473697
443880
473394
435586
467357
415933
429193
453081
437039
435060
427146
419532
467764
440849
438099
431982
453518
424954
417179
474951
457407
476424
474140
466395
431493
449931
417688
437021
431926
467804
446543
415053
449408
468610
474925
440951
451778
464369
428360
449565
450791
440636
446765
430988
434754
425244
469721
433916
443373
459947
476576
448209
462269
438546
445913
431080
464343
469094
424969
473891
449416
471268
434294
467949
447319
428104
443960
457083
436041
416908
459787
444671
442485
457442
429938
434988
454351
452321
417582
475066
420905
463224
458840
427643
427634
476768
418966
423777
456098
430197
419371
431423
414596
436530
451037
427678
460423
428115
470578
474179
460422
430042
413129
417498
439799
426175
454413
417495
433962
432559
427393
414000
453823
454263
453831
455509
457761
464167
456450
432934
472201
438561
436547
413418
431309
462374
456699
447441
449843
422586
457855
446369
455703
447444
436269
454121
418988
468936
447456
412954
471592
468049
444675
435254
470606
457576
439715
460425
453828
417958
436277
432044
430101
449388
446158
454352
475009
444673
433130
475715
452332
470266
439848
443746
468093
426371
460910
458293
457524
454131
459511
437008
441763
456858
432817
436331
473462
430077
422476
439796
427613
444606
454412
455498
426246
429773
451099
455857
414591
444595
439873
470773
436218
456695
475893
437491
415813
434942
477392
416869
438036
437211
414602
451848
436119
420114
420087
442862
453978
434088
422426
463095
422876
476529
414321
436865
455339
436278
457662
470675
475207
454549
439168
456696
473930
438767
432952
434506
465254
453914
428071
474206
427625
473938
467519
431507
443668
435575
454375
415216
451923
455009
457548
433290
432820
462329
412883
429079
448687
467361
429761
422330
477178
473870
443794
415857
463119
449130
456876
440310
432276
439801
424529
460896
461165
419308
464779
416802
441156
434597
414625
454004
466911
441146
452751
419377
467884
418555
419367
471215
454364
476551
418727
455110
415735
443313
445622
438469
450854
477637
432826
434600
471244
471202
454490
436644
430529
473116
456511
450692
417441
467136
457252
433378
474319
426675
436494
436470
450350
436623
436805
420287
414812
453112
433264
446951
469993
469462
453143
439158
421751
413956
473138
433327
439575
443611
456285
447102
455818
455976
476874
456456
442858
447123
453397
456492
464241
425729
453106
421755
436685
451040
444050
468428
428050
453374
439551
450425
424614
477402
454065
424825
462869
469864
454026
436793
439771
467447
433355
442856
431228
476901
426658
442855
470233
424649
436464
457308
433380
466223
466569
460286
420092
436456
436497
434380
439572
465984
473136
467212
443642
466547
453429
450419
456254
453417
436622
466374
468123
433624
443588
449440
474184
418157
477461
439868
454124
436807
434388
439313
450481
476898
450378
456274
427994
440472
439571
466250
459675
418838
429802
452592
466573
415002
468935
450128
460349
450447
440688
436832
436825
458718
459355
471583
474791
473139
457360
415078
460274
473148
430495
457315
447182
421248
467211
439892
443660
477127
433374
453039
477412
443687
436783
437366
434345
469417
417827
424621
418138
450413
447117
469538
466245
450673
446949
459155
437866
460279
467384
418996
459396
427435
448371
452570
430635
431259
450394
459366
447328
420622
427570
443868
466476
417759
434309
450420
457287
457274
440701
446332
453107
440746
472469
450070
456554
437412
454087
467140
449678
430422
469694
418870
436275
429655
418850
462195
464218
447160
450891
436655
466251
436583
439228
468073
420904
472453
473154
450436
419005
453356
474447
466227
472441
476883
419675
477450
463574
470324
416049
469406
450417
463573
463480
439583
450368
465857
415093
440779
457285
450463
447104
466407
443584
436762
442507
436483
457258
470296
439897
455799
463636
433577
440516
418882
439881
439779
459183
432881
471379
470282
427157
450295
450079
468991
447283
447121
419881
472305
457092
421749
451524
453178
457259
457290
457351
418112
455998
439514
459395
468459
435838
451829
414617
473150
418161
432890
437409
450080
427427
441209
439569
457334
462545
440536
476673
415737
434323
443578
468818
433575
456264
453103
418715
440175
469392
418866
436022
436489
415047
470216
453208
459382
430504
435845
430421
414899
463586
457302
477016
447092
456269
472266
470302
470231
435089
472477
421491
476885
418316
460285
450401
437509
476890
473216
415755
439565
414802
459389
437494
452722
448199
450229
470260
469647
426289
433358
472276
460280
441198
453315
464910
432844
436598
417837
439590
473146
469612
460186
433333
467133
433637
453118
463481
459387
468397
448229
472277
466512
421780
467213
453096
418010
433121
439531
456262
450424
467187
476905
443572
447266
460287
454066
467185
440699
469635
436619
442323
426288
439557
439152
427031
456242
414829
433971
457272
473182
443585
473155
450102
430212
466228
453088
414928
418877
417838
466366
427433
456255
424040
414827
477071
453331
450468
460375
463482
466481
413079
447116
457337
466574
453414
428263
451093
433352
418144
473128
464169
421771
467199
418096
459664
447922
434385
442829
440776
473141
436466
432620
417984
443644
416267
437507
473120
434347
453122
470414
421609
457286
454222
436490
457282
433664
477499
450123
451981
463661
420661
422657
454082
450339
422691
459402
450457
456252
453117
464159
473130
415022
440682
426799
450855
473818
436659
466239
426258
457262
463818
430415
419825
459611
447796
419369
428271
440369
459340
469405
433382
427430
442824
450461
463128
460283
463457
458862
456392
453092
433345
472599
454051
436657
441235
417834
468945
447263
434324
476892
468361
434354
470234
476603
466255
453130
418862
459388
442851
456508
472449
470242
450106
467214
460330
448142
453136
438389
434325
444780
420138
456271
450876
450081
433137
413616
469616
447113
469401
452889
474385
453181
436473
447397
464937
465784
472261
459600
466549
436938
458726
435660
447207
433656
442894
433353
426991
450342
460262
449992
473109
458786
477449
474229
470210
418147
433594
466558
415935
459369
436809
457268
454060
473143
476994
467147
433335
436744
464211
469923
413845
450099
434147
439536
475775
440601
466202
456245
449747
421246
418105
470261
460272
436648
457261
437515
432908
456251
417003
447303
439803
436746
448833
440666
440698
463472
465808
474261
436705
436826
422438
436465
426993
447342
417842
442835
467721
420344
421159
472257
428072
436626
469593
476651
453317
460291
435017
439577
450296
421748
415756
456276
414867
450136
417806
424611
459391
469116
471681
447097
470246
450097
476863
437570
418391
457269
469393
473126
463467
469397
459393
427372
451010
447256
439735
458465
453125
473115
440669
471775
472496
421779
437982
472215
419025
432651
450139
434920
437127
433332
459373
445177
430610
436730
470243
421230
414801
450059
433349
450098
467144
424615
477444
464207
456341
454070
456538
470236
451542
414797
414971
452672
469700
450093
453320
435893
418852
436634
435222
466778
465507
427585
456279
423675
473125
470229
419679
467161
470317
476861
458731
469585
450297
459375
419495
421152
447118
435771
417726
427429
447305
414972
436721
442843
439589
436777
431227
456246
449333
437498
434393
417841
460741
433598
446944
463134
426771
433325
466515
477486
439301
472351
443569
456263
433653
423353
459527
436712
439678
466230
433505
467263
436108
425964
442861
459353
418140
443587
436479
477126
429210
431226
474768
417600
421754
464655
450078
462254
457271
462720
433103
447395
418865
466254
436491
437571
448837
436696
449582
466560
439549
430557
439773
423485
459337
453099
447119
469740
464208
433367
447332
433149
445909
431464
421157
459591
421776
457329
433823
420045
477448
421244
457270
441106
430619
442838
415739
433579
418167
436681
466531
421233
433371
464256
453165
456249
442857
470215
414576
460264
477452
443016
459112
439148
424616
470876
456498
433357
439574
455833
450315
469398
454129
433028
423762
431218
415031
433667
472492
419686
451288
463660
426994
431273
442850
459368
417810
430576
418846
469631
434344
466256
453104
424259
433375
454603
463248
430436
452657
469630
466528
436588
451114
426659
418843
437209
476555
424613
457288
458945
467137
456243
442397
450072
454072
451328
417397
420957
461209
447105
436467
436752
455480
459400
422459
469008
423106
463216
474915
414478
419134
448638
475696
423712
432319
439119
424970
470534
435302
457099
449827
434221
432370
432831
474773
443532
432324
474907
461062
443671
429533
417368
474696
425539
441559
451217
443571
421989
470310
465956
450741
463097
452661
436084
424845
421988
424883
442348
451898
441497
421991
421985
463212
448874
446892
443937
436349
469146
448640
464370
442308
470886
443368
449737
431571
475051
443935
437721
458197
441473
437972
467073
418450
433423
439272
469304
450780
460875
431685
465877
415126
474826
413802
427641
474589
458969
466029
419847
433062
461752
442491
464566
442128
464432
429075
442177
469089
446890
434455
447587
477205
450206
459766
416364
431165
442303
414838
440630
416214
428335
413547
476586
455723
415556
452496
442761
430244
430038
451437
420881
435594
463342
434440
426582
424891
464470
459850
434116
428688
435025
476575
477212
427688
445600
441406
418056
440661
417559
452829
417394
422358
462375
448525
461103
473450
475693
470942
459332
416098
476836
415903
463678
447026
471815
464168
467526
476829
455512
459323
466101
473272
425154
471931
456769
423882
434794
476812
424084
439931
413546
425438
460631
423987
425343
476680
421438
419372
413081
412800
452881
415305
418428
476625
422517
471516
416130
433029
446642
416581
469133
414671
425197
418135
413491
434295
413557
456383
424071
442691
458964
418381
431716
457897
421703
433097
456297
427842
454299
423975
460895
460738
449915
433923
463572
448958
436183
468910
463532
427154
419548
437467
462280
438028
431514
471937
455897
449917
471753
413739
417902
434122
439501
470470
458110
471201
458733
437859
475914
413076
450904
449847
442722
474810
432095
465035
427544
428321
422663
426206
474193
417765
470155
462267
444212
430083
453652
412906
456801
432228
470150
417670
420828
436031
419342
430849
446824
447453
457224
429262
466007
469522
474819
469007
413614
463300
436188
458106
473094
451009
469005
465933
476835
464192
476563
415358
430356
431714
414679
467718
448697
473100
421805
456652
474441
458314
473703
465689
471179
439336
439467
447680
452331
473098
450760
468817
475673
415904
441781
474734
450613
413020
457516
425623
474280
464310
443040
469292
467887
436053
437456
427391
415140
436276
455915
477211
432821
428826
475931
466008
448723
446828
421354
443074
471864
427155
472607
426914
463279
471549
460401
472689
450345
435977
470379
437361
453549
451931
464892
417406
449396
417595
424054
446931
428678
446603
423710
474198
419178
475688
474972
461577
421545
413512
451732
430390
436719
459620
415970
448667
433089
430761
450226
468614
430195
425651
446897
424297
440120
416147
430875
434768
465985
413544
452319
438922
441521
463431
456968
477191
421793
412946
456617
412899
477092
431191
467120
441802
416425
444809
454021
468962
464862
437884
477680
470916
453710
471646
474930
425622
461597
477144
430648
441539
444191
475480
429112
420791
448684
433999
466634
419379
461661
414568
476838
416146
445646
441616
458951
442236
465520
468101
451438
450574
441605
462165
457356
441426
477210
460347
433877
425063
469946
415389
454105
470914
469769
435609
472299
475902
444705
413875
458071
421653
466655
454359
418947
446364
432808
430052
463310
433831
470595
459673
426227
430186
474459
475770
453004
474932
459681
460502
413716
469132
471418
433254
406193
469299
473702
430001
451639
471545
434275
459606
433094
439886
463138
451137
471900
427094
447957
473363
447985
419411
426279
452391
448418
433581
464191
462709
429341
421161
449994
419467
474475
460329
471833
453489
425422
451172
454695
442592
428687
432714
475769
451682
441399
457689
468785
458464
465055
438345
474503
451541
416433
445684
419611
423471
437398
463171
466157
426250
470134
436274
424362
432085
418975
444157
464468
477699
415230
462309
415258
419771
472968
468089
427231
448240
437662
437671
434137
422049
425659
470475
437052
440851
424796
419859
453927
462384
436967
454410
454382
454212
453495
438788
444703
460441
448064
454431
436919
448250
438323
448244
434492
418994
456607
473897
448827
436915
436903
448873
418311
471236
454546
466505
436984
438339
428850
473937
424181
461239
475448
425679
424823
470514
415110
444639
443829
448058
454363
415158
424837
437075
464400
421563
450578
415208
424535
447514
448232
415145
461224
413086
434466
425676
464329
436936
429403
413718
456653
435664
441863
425599
415264
443862
418283
448160
421953
437056
437633
439940
433808
468048
430652
467581
421866
415877
425990
427533
446449
469973
468794
457790
427032
457507
464434
418704
427577
406208
453923
393166
439961
420590
437078
424281
451086
415802
454384
461763
430726
393139
430660
457504
415977
445935
464056
448086
439962
437635
418323
445947
454188
455611
454253
413678
433895
424177
472581
393153
430658
377580
418252
453364
449141
445944
434604
419136
443476
438248
456611
447462
462297
424959
436950
433824
427726
415946
421296
427684
447438
445842
444080
418249
467365
418335
458252
440964
425662
475435
433699
433760
422251
453499
433876
445302
477366
451098
440362
468084
415795
421370
415873
423479
440582
441116
417099
440896
415856
441042
421312
419193
464613
470536
428763
451212
326918
467456
470547
450587
424863
460445
447693
419018
450523
441102
421319
433812
448180
377571
456640
445287
433726
448166
419016
418284
415115
466494
424830
441148
436990
457431
418256
437155
437071
429347
437016
433789
437061
453251
431116
422063
413704
415928
436981
437059
441094
441690
431541
470076
467329
437296
419066
447681
421940
413326
473936
415619
453490
448272
457633
447437
422580
419046
443915
453425
435058
464058
440907
415972
468136
377591
427269
421901
439954
415964
413313
448105
431370
454415
460644
442613
433973
448194
425595
424274
427573
465003
461247
448233
443132
443153
440045
459803
451149
431523
419113
467223
452189
453431
424494
451235
436929
415874
427690
467020
440819
456669
454214
419056
433504
447682
433635
466666
432637
439906
458517
450576
443800
448085
453541
416081
421522
477304
436834
433979
428771
424932
447806
422149
468127
428787
470602
448081
460131
436831
418214
475431
463748
436879
448215
377570
447422
415596
434561
460632
425583
467320
428331
440959
467192
437123
418275
421316
426907
453442
451124
454397
469766
454419
453876
440043
415834
421260
429859
460124
453882
437347
461304
437069
440900
451064
446120
437035
415186
467023
428307
424219
448102
425661
419791
424794
448183
431516
451199
415965
425653
475864
430898
427572
470581
424807
443930
441071
415109
443936
441203
454334
448319
414172
467416
415890
418317
445855
466674
437023
419163
445508
462300
431066
416075
437076
440496
470415
464358
447455
464423
464511
447480
418227
467496
447502
475434
445849
422558
462281
424750
435568
445878
453528
437664
454432
434452
429882
448208
456637
425652
427638
436970
437586
457487
437306
421905
470386
428856
447474
424158
444667
424857
423783
440489
477763
423644
432017
436078
415120
446676
452328
443965
476628
451456
468934
420824
466442
434522
473650
450761
457615
420818
431879
469026
419051
438810
440544
467301
454641
465952
419904
458482
416382
413126
441079
442340
476816
470190
470976
436060
445643
453568
465630
433932
435978
414537
415704
434853
421279
430964
420873
461229
467903
451132
422552
444504
415298
441437
468416
431077
435143
434056
449893
456828
424396
421634
446717
457551
475766
434299
418419
455795
467100
418748
466590
460467
452819
464758
425288
438120
415361
471559
420813
421097
457557
448628
473377
438927
467744
434876
435783
433972
439285
452284
448089
423726
415311
458240
441813
458857
455728
418821
456834
421604
476759
436226
471765
470957
469858
438949
406202
426884
417785
416830
418506
413769
464391
471040
444721
458640
437257
458844
440188
460326
435019
465101
471600
437871
463769
454877
433996
457314
451846
439162
456673
464882
463111
416559
415815
469329
444172
462546
460709
468911
455920
422415
437781
416295
464927
421501
437891
417412
425956
419792
472614
473713
428833
442442
439448
463244
453810
426356
439199
455999
416376
443235
463225
466856
423521
424810
414454
463129
471778
468078
471108
426734
438144
444660
424553
477040
446778
446764
444769
444055
463727
476668
467675
448944
450957
437706
449855
475002
477146
471679
416194
443507
461771
430834
464108
468626
420440
451293
469145
442004
439492
466775
428835
465979
437892
413134
441472
437470
441699
436064
458610
448289
453778
440042
430053
460820
449192
473429
471073
448696
465864
430348
448184
477463
471173
463897
421032
422592
465828
416884
458195
425204
449136
473068
462210
434234
424961
441746
463210
437858
468074
471114
446872
433801
414518
438219
430572
464689
476320
450974
433841
421567
463088
466633
461806
477224
420059
430169
450955
448810
468088
463112
465633
436397
473867
443195
417355
438955
454064
471091
434184
417037
444752
415282
451648
445746
417443
448704
451863
423528
432912
454987
439188
452604
419718
418368
415318
469117
450713
477436
421034
415071
443840
453671
464366
459855
473415
464724
445963
459811
425073
435016
455889
419974
471588
440490
415796
421591
454956
477676
473364
430546
457585
449699
468107
455814
463278
437469
434932
452650
450706
446767
464156
474965
446135
441728
439155
427260
415242
433856
475040
465335
439017
456031
467989
455243
450759
444344
442468
433826
443266
447599
424771
437172
423583
423753
474739
430138
472829
472618
424770
420289
475060
442330
457940
442394
434897
438492
454906
426305
419823
444552
465002
437544
412987
469821
477246
422622
448084
442519
465521
459946
472650
470594
467973
441578
468383
438384
425156
439316
441124
415281
431433
469012
464186
471184
468965
422724
438166
444245
467665
424357
464906
447010
453551
436837
433060
441347
446904
417542
415374
460853
451730
443232
419530
451071
449777
455909
467378
438265
472084
424359
474084
455825
476100
451880
477592
448153
477617
465770
425286
442811
415685
426542
473476
454041
416386
416440
433052
470964
434931
471177
442441
434645
436822
433968
457198
451488
458732
423795
472648
420472
415228
442198
437472
470765
455025
456203
456662
430608
453770
473326
433045
468685
431624
466438
474234
430159
421974
446339
462340
451706
418388
466743
477601
443196
456737
470304
466628
452318
440549
438180
416580
430803
465341
415449
412889
422462
417399
436089
448533
453043
432818
436197
446370
463258
434915
456028
423540
464172
436350
448443
438758
426316
449706
463928
454689
441371
424844
420769
420806
438267
467960
414264
475464
443265
448109
415560
474963
437164
451700
465296
439186
444757
416542
470921
427749
438023
423779
471715
432935
463057
437333
463987
467873
466446
474804
475030
434982
469873
466740
414413
449132
414338
458121
438159
436056
465471
455699
434892
416164
422556
432389
466009
464338
446836
422271
447563
440659
436054
470585
415799
469629
461794
467992
423943
419682
471030
460178
432945
414475
447648
473615
424821
458767
434277
427732
459287
446317
464436
446795
448349
417416
472539
418294
470732
458764
431107
452863
477861
459797
426263
439093
466711
437015
469028
433090
433055
449399
477364
455892
434682
443980
476638
466819
453552
434086
469851
432047
451837
442403
430095
466977
466004
431922
436996
449778
449612
442476
454790
434802
477222
471362
454676
426429
432670
469078
421506
433778
424856
416255
452713
473828
442484
419104
449890
415194
467878
426537
430846
444691
439278
461232
438184
471758
471921
455464
421445
442335
473597
447717
456675
458083
423661
460814
453624
435784
429261
439517
434160
424870
445752
417357
452717
474083
466156
477391
465910
414322
441034
461065
426790
436966
473815
465304
434821
453924
471996
469875
467290
457491
451045
455069
444764
476306
465083
414122
415331
430375
440127
465982
418982
460148
460866
454748
450049
467086
425488
437344
419784
442387
414432
428119
439444
470774
432032
471181
448798
420946
448162
467305
460922
447246
464710
446677
456768
442151
463157
418742
437829
444176
465332
476789
476099
429796
451693
473065
464698
434752
451552
426860
443099
475038
468079
447817
460927
428658
438967
437418
416660
425231
466882
467978
418802
424588
468062
448155
467746
454632
430036
431199
424382
417522
448648
426314
433018
448720
427725
467680
442473
452693
428100
454034
450814
448700
414716
423676
418241
436140
428668
438226
457923
461252
425025
414721
467318
473906
438227
434021
416223
444704
430776
430075
414459
416383
420477
469285
436415
465533
452555
423524
427102
416775
431952
419570
417715
477810
468673
438123
414400
454726
439185
447093
447634
434232
453464
443208
417378
431775
469211
455591
447037
461211
421685
469884
424397
467396
471690
429264
431576
436175
452718
414422
419608
472923
477245
471109
463799
434272
459744
451473
468091
470928
438776
440179
459941
429598
474213
422596
419692
425548
456738
458904
462968
419813
450088
466928
414773
426635
424213
432570
458924
424846
466448
420949
467346
419795
417803
416532
469091
447515
449781
470411
464183
448626
441002
425370
463712
434058
452941
436407
444719
464352
433031
467400
437232
454441
438169
454246
435998
467091
442581
420798
415376
452579
465511
464144
441687
453166
457583
425474
444481
477793
437708
465879
471756
420848
430374
476104
458748
455890
473678
429803
458792
443878
470646
415280
443910
461159
477595
461257
425549
439100
443867
469695
448804
463054
465038
458228
436003
475500
415871
439504
418403
434541
414509
422322
439207
453883
434230
422452
436271
434970
440145
419431
464446
426209
477221
448417
437191
467426
426360
441634
439190
469820
418433
414550
424341
449702
435024
438178
432287
469925
438156
441179
467068
461656
444577
433071
422600
468159
470535
465834
434099
432347
445330
418708
439101
419497
476801
468002
444732
466006
456189
477589
437147
417038
470815
439256
471097
431398
473486
446696
435029
426196
417816
448771
447036
418836
473420
437241
432953
416355
441700
475326
468045
448841
473794
437229
431203
427709
464739
477287
435005
431959
441654
425426
444292
456677
440432
455012
431457
477596
415334
415443
444583
437216
473359
441601
429764
420250
461157
429237
462332
427238
449857
477614
433977
433075
438253
423055
430983
464723
439322
447652
428819
462538
419471
425530
463760
436181
467446
437259
474761
475481
393143
420843
419428
458604
437902
468613
467722
426495
442388
449722
442772
436931
465464
455152
425492
457220
425070
467528
431193
417433
436853
418628
477276
440126
473833
423059
470526
467083
444735
441017
418733
457750
423733
463264
417352
431435
441010
457600
427459
456466
450219
469893
439544
440758
459345
477472
470272
452306
416357
434018
472279
471835
473208
450227
419285
450115
473227
421847
452110
413014
463271
443115
417976
473614
419417
430154
440115
450161
466477
427984
445227
473186
454739
425183
465013
452836
474823
450758
437530
441476
458558
476543
447101
472291
453222
441449
469326
438111
463548
447257
472395
453631
444261
426272
442080
433627
447066
471153
448169
414949
469503
469672
444143
441422
415788
442591
448749
440533
466412
471257
453258
452935
472559
417481
476292
436160
463569
472241
413662
419453
442989
464648
473671
425185
456027
433537
463550
427120
456230
426706
464829
474376
439768
429798
443740
463632
457632
447390
463620
445900
447200
425687
476774
450405
463485
446435
477106
440759
417081
471467
448083
413911
439710
433429
473207
450857
416515
430505
431752
427479
457172
451543
476674
477471
470313
473195
454110
424636
457441
439075
432598
426836
456760
424645
451052
420587
436727
442067
422291
466744
460785
443765
433630
417133
469623
415012
429878
428743
433541
474377
472560
416398
418315
471491
450338
436143
456326
426409
436758
437896
429368
435697
459385
446537
456785
447392
425273
453658
466289
413104
419739
476964
450023
428828
426073
434659
466402
476938
455997
463517
439623
448182
417901
473932
453171
441488
415364
469671
451508
459028
464004
473573
434079
463529
430541
420928
454422
466330
418023
430473
437239
433369
471568
415369
457344
421470
460934
470751
446112
430854
464205
464206
460792
417941
425102
456331
430458
453220
469581
453343
459646
424748
457040
436706
444283
430155
436170
452543
461151
476990
426439
447377
464209
441458
463565
457361
467125
454218
455227
473189
451642
434106
414212
433690
414333
437550
449014
426648
414274
456339
467706
472932
433774
426651
443191
417184
459582
418683
443002
456812
477360
456371
473758
449900
433020
439762
443991
446775
414763
472647
425103
417109
465914
455574
456367
455534
458019
477778
427987
469551
450682
425252
463666
472411
466458
461129
415337
421617
476604
458939
434095
424155
466553
473201
438844
472123
459610
466951
414968
469516
458554
436859
430126
415340
474460
459492
473214
430403
417068
437553
456482
453230
425748
447858
436176
464003
439839
445914
438141
459442
463475
442815
413879
463650
426503
433363
431013
427103
414863
431345
447147
414431
464713
457078
427564
451422
447261
453091
470912
418409
447250
437932
469658
434013
453098
456505
441383
459655
444521
469060
455007
414186
416009
430905
472387
456345
419434
476966
473751
428240
417819
457322
477042
477681
436677
457925
442400
437937
429566
472692
433373
473685
457342
442313
418957
416695
456118
463833
426529
453083
472393
426660
453321
427223
469088
434694
448054
449462
472613
469689
424182
449924
419045
439065
430727
414796
463428
444309
459568
439804
477468
433682
425080
437883
447223
472810
454770
431055
414770
465524
450453
443576
420506
433508
452966
463541
432992
463519
436362
416189
424639
447851
450119
444336
448644
420643
463499
439638
476919
472298
432595
413900
434940
450704
465586
417780
456347
456334
442836
442948
430556
448435
469605
465603
440159
465046
430612
454730
458576
430162
467352
473328
473575
438870
435242
454622
433560
423914
456375
473683
437131
473206
418891
455577
477494
467724
439440
435827
476932
431254
436650
423439
419420
469996
456701
456547
453601
413608
451610
431563
443117
442495
442727
425230
417953
459526
447161
445001
430466
458242
459553
439289
437285
326920
439716
417509
421242
464203
441356
427693
443480
469835
430160
450164
476612
464902
469867
454098
416427
450173
430479
438516
447187
457742
471717
423421
456483
430441
466533
422485
436287
447234
447197
450283
455965
436518
435692
448150
442953
417844
462953
467624
419303
464348
460916
460443
450010
430303
466482
457291
459597
477000
430416
432628
436208
417110
444638
456051
439683
456807
433473
476961
435907
476906
447589
447184
468339
464916
421253
450681
415044
459343
419362
414655
444183
456472
445628
438132
426756
425389
430438
435801
464653
463307
460284
437226
416103
434879
431730
438820
438924
450410
470208
457335
436692
426870
440603
457117
455580
434037
434962
453625
429847
472422
440932
477496
457630
438134
433255
453348
431898
415030
466507
425224
432258
460165
477072
476705
451810
464799
465989
419601
423423
458076
458541
447293
458229
425421
474379
460901
466757
466698
442515
447525
436717
458188
477051
472318
471842
476627
414275
452864
416349
448090
464252
445309
437223
427038
425461
452377
455978
422389
440517
423448
439240
477792
472269
441731
417909
473226
427043
417633
441420
423386
463226
470274
442974
453108
463521
432603
442883
453943
474360
433516
430799
414779
415787
467177
469883
448457
475498
444171
422096
460140
464272
433462
464951
437170
450751
426064
421488
466418
473091
473174
437526
472121
431238
461104
457345
459569
420064
449052
469949
414204
450286
443050
422729
424646
453024
393154
429875
418761
440747
450075
454285
458578
416224
474359
434389
423876
439747
433672
414934
463538
453226
467717
436458
450166
433017
433402
463626
451567
457433
466342
463281
470844
467219
463624
470184
425329
424378
456048
476955
433507
476998
423388
417074
469130
457467
436647
470510
428557
441591
461059
465057
447156
453190
474842
421391
460248
463832
431725
457090
417915
459429
473668
473595
433570
440765
417073
415760
414932
457247
436788
425541
472610
475461
418371
429127
473321
423168
444352
469212
414163
420500
432127
462627
476923
422465
421762
415023
423432
458913
421207
463585
446474
458548
476649
430194
436645
463523
421468
440148
458974
468042
436565
442955
453303
462636
412923
429932
452105
436686
433670
476982
465252
457461
417877
418163
423580
447834
463345
421234
471824
441567
458910
472313
474467
429852
464669
417854
473679
463546
466766
472428
460036
454194
444198
443648
427727
434671
453218
470309
438015
472965
453212
448535
418889
442459
465327
449125
426525
427790
437839
432333
469482
424705
454895
469493
456548
437169
466701
432621
441706
464124
460882
452394
439765
441409
440853
450575
435698
470832
454608
414902
470010
431798
465987
450178
443536
461778
452973
450348
464425
450744
447110
457250
456774
456315
457339
439719
458049
413997
448284
465585
467342
434889
464313
474756
426437
440284
414775
469912
459176
453279
421848
442913
429909
459496
466286
453288
468722
450349
414717
442190
438208
447247
467780
427167
460888
422255
429849
452799
454672
464229
368476
471519
450252
467737
431224
469030
423154
433105
456755
462596
476621
425264
453221
462084
416445
469541
438093
459285
434368
476608
458986
422369
467285
439296
472612
453335
465291
469995
430474
423957
424642
427085
469460
421923
456552
454751
433101
463560
456713
463667
466359
417982
446423
432884
451418
431944
430392
450225
471475
434728
429133
424389
439701
427077
439109
444304
466414
448088
457336
466544
459379
438831
436816
445212
447991
457341
418020
469519
457598
430517
474314
443677
434081
458923
419003
436616
477722
438987
418392
455773
459403
422390
456404
434945
454888
477657
417082
464258
469544
464261
406205
424273
448523
461776
418093
421479
469644
465200
450445
453940
433617
418051
418959
442950
452790
449897
416814
454713
472340
477017
442129
417848
465960
450293
437385
470270
442965
477801
419306
427170
433468
466287
424238
473119
419219
430206
431555
463955
427931
416439
459570
432029
416184
453293
438157
472271
464893
473093
470211
447186
414532
477701
431396
429854
437769
476632
457136
443483
474767
427036
466464
459177
459645
434672
436364
430354
464273
463348
457402
414864
433529
451850
433469
440929
458912
473019
466103
465990
450163
466759
456150
436975
418950
473203
464244
469736
417845
460261
443017
443810
436580
443463
471477
451425
466426
436512
414183
462217
440141
460904
450415
439995
436684
453079
413775
442870
420576
447267
476233
431215
470894
456516
464654
467168
448053
454572
472457
427547
448955
444299
463211
474394
468779
472364
467773
424344
439607
433519
433974
473236
433806
427049
469746
430620
469856
450306
459507
471520
463528
417097
427417
435199
442921
472286
451430
431906
459378
433321
436495
457921
453935
441294
444192
416162
433326
470781
453909
472956
418895
432678
442940
460745
453280
453361
450369
442093
458570
430768
430518
439699
444231
469633
465926
421027
466276
477613
427436
442817
417932
459605
433311
418280
476937
469833
461803
449828
423689
458655
422823
459561
465221
442726
464656
436522
466486
459531
442976
439527
417195
437417
434740
462692
453643
467167
438533
452465
430559
415658
450240
456796
433777
439640
443190
456284
452844
417956
434334
464748
440708
418159
424370
469489
434378
464041
469560
460322
437939
430433
435867
440789
454678
414857
455963
444113
477216
468783
443037
439586
474451
454097
425008
464259
421150
472327
454658
464999
447393
452800
433102
417180
466369
473180
419310
446900
440184
469997
424076
432733
465574
424287
414982
435574
414882
416331
442463
465693
462616
424303
473248
431246
437867
436733
435693
433605
437956
447279
442943
454799
428805
458238
423413
456049
433489
476624
457098
460933
467006
430419
439832
463208
430146
436787
470768
415634
458008
446833
472309
433530
437478
447878
458189
416745
467689
476935
459477
446875
426074
445630
456471
451529
477031
472343
450448
435865
471821
470212
474917
430827
430267
460317
427098
443497
433620
464580
473121
432899
446444
453530
436795
466500
469683
477639
457338
459434
466784
452947
467964
476667
475019
463555
440509
421022
442978
459473
417971
414727
439744
414236
466527
457997
453964
450074
414177
443839
455712
463619
434017
453369
459817
464760
432255
440623
417913
448570
463511
469509
459023
431144
450201
450768
450298
472072
430627
439763
466699
472446
471435
456841
443528
455537
455575
476797
459255
456776
472950
433014
469552
463625
442879
464240
442203
436426
433422
414854
424688
451426
434390
464800
422302
414499
429827
393157
466420
460258
444633
455790
433470
476996
414941
469913
424178
433170
472093
441107
463235
414548
452023
453094
462639
438409
449597
476976
462590
431702
426615
472784
474630
437951
439853
448746
445147
425303
459521
442524
433515
463204
472361
455281
469548
419891
470963
436740
470305
443690
441088
477470
468747
463476
471513
462601
433552
433553
456815
474786
431322
436673
451802
469834
469606
450188
441202
416197
460327
447215
433633
453176
416079
432585
474598
446398
425484
476971
436400
465686
433518
467180
453548
453252
431956
450176
454059
471485
442983
470823
430015
423844
460315
472376
440041
425278
466335
458647
417843
469380
431634
423408
454686
466232
450379
476886
456434
417553
424253
468802
466253
431049
415332
414855
442089
449927
466285
418426
415279
424651
436769
477451
449930
442890
425529
473204
437489
414198
432597
422186
433013
426057
432018
466434
459879
433771
443591
469663
476782
439668
469620
473118
444380
454694
445749
425227
455590
467331
466038
450060
463831
422471
427656
433417
427451
459033
431916
467663
472438
447230
474366
474721
447245
463487
452495
457881
474801
443764
450899
417826
430836
468275
457741
474177
444142
464294
438910
429564
414880
430769
466443
456304
456192
466208
419639
425130
466390
476675
426510
472384
415008
467634
447391
420545
461206
474384
464938
450482
421126
453290
443326
452395
450248
453377
417066
442497
413463
421364
427035
455290
460786
437236
466514
421467
427122
471820
466386
455730
441635
432594
437391
435756
419283
433540
473210
413050
465597
414980
423871
416207
476947
446846
451470
417943
427652
