520533
534421
506303
510677
515808
536533
490595
516215
542190
528790
534285
531630
512124
551548
509454
516188
520267
543752
549443
512153
523584
545382
523689
500634
539840
514759
531847
523590
506491
520770
489774
479038
530858
520515
538724
515878
507343
515969
508459
485446
530998
515753
522236
531979
535775
534423
545829
519551
509292
550195
509509
524953
531043
508044
521242
545815
545682
513623
517134
546057
519862
551482
536798
494036
523571
536972
493391
534099
488485
515845
500710
521255
498408
495610
516235
530818
548770
549471
500713
546295
511912
535959
497522
534085
510719
512372
536144
539805
526896
548538
530587
521627
543779
507023
547971
518745
495771
501253
518468
542463
512227
497986
534498
539916
530453
530963
542440
495929
527958
534686
509180
529359
533523
514327
492920
540997
525935
514299
510945
551427
515893
515958
541660
517888
516353
501687
540008
510166
480461
534143
516253
479690
494548
530892
521172
530902
478197
507880
512225
521192
511091
483518
514334
551422
500587
526674
520251
512256
490685
528828
534005
530938
536863
500596
519099
536775
527029
531107
543411
547829
510627
519575
533525
534319
531111
534269
502352
516308
515981
527049
523788
536546
530968
539015
521110
516592
484702
530312
477998
477995
495582
485137
542757
525088
498827
533096
530609
532294
528348
479312
504285
550879
479916
521286
503478
543594
545755
542552
549262
536145
529332
536482
515783
530861
525522
485972
534115
547961
506425
538770
521123
525583
539923
485274
523632
530985
506396
514303
507724
536505
528937
508228
514419
515707
531984
493761
512389
528977
519340
531024
536611
528509
509533
498703
515519
516151
527755
523602
546891
501230
531013
516266
495914
493608
534380
525495
512393
534383
530506
513250
531048
545818
523574
512302
506570
529965
536777
528869
519854
547510
490400
525812
537334
539735
519134
551514
535876
545053
528986
527788
542511
530588
512866
485124
510250
528973
549217
545669
525558
547119
519623
541244
519441
536594
538058
536517
532157
530800
526854
509344
538063
515879
545640
530825
512115
523569
500109
534477
510285
506608
530379
545384
493786
498362
551496
521139
545392
509343
539797
539077
551371
525535
543575
532319
549250
504106
512129
545698
492887
510638
538039
545772
536275
530898
536678
526751
526429
483844
527961
542763
542631
536874
533406
528900
530623
548111
500742
539888
536737
484731
481671
516039
510712
551487
532027
539867
486726
491170
512199
478173
550242
539868
526919
526061
517772
521169
522106
528352
527101
520782
514337
526940
492878
517447
513454
542560
499757
536776
534151
494480
547896
535399
549244
512599
514279
535344
547760
490319
532280
544413
512174
514740
518426
516043
551424
519875
529638
519588
498892
545020
552363
547955
535388
522111
483407
479976
550798
509494
539788
536735
490223
536677
501013
535323
480554
545809
514185
550226
551542
548886
548551
532291
521118
527353
534316
530598
507341
523825
483563
545825
481756
519908
539744
551225
509468
542554
506483
526772
542570
513800
542781
536832
536493
535210
547936
505426
483598
493179
526363
506414
526848
482661
519880
541340
528566
530559
551139
513543
512416
516268
528992
547840
492504
530935
543453
521198
528866
539978
495371
534577
523538
530740
526775
523525
488852
516004
479379
490645
540710
531061
516292
528880
534278
535350
527014
511716
502725
550363
549326
530919
488349
528843
527157
528840
538946
547808
497577
544973
484955
544525
501020
509437
506490
480046
488360
492505
500725
492805
525595
529269
545079
533754
525598
530859
493387
520507
509379
536479
522126
539798
518348
528503
509274
497510
527827
516182
510306
531044
485368
530716
509288
525789
483650
506494
549063
498876
502691
516229
492288
530941
497516
515997
509313
516187
530501
483139
535550
501825
506397
521217
517726
513052
531267
485894
510651
507717
530346
485500
512263
504348
530833
515916
488736
488552
514328
499797
519611
515647
503419
534271
538040
532808
503411
519375
480681
552113
545718
519603
502738
510186
498905
528906
525579
528859
507362
512193
545856
536512
527637
523282
519673
529552
497606
539687
515329
514311
530343
547846
545668
495699
514292
545073
545764
539776
516305
537906
487924
519528
510544
495622
487047
547909
514188
536773
478232
533131
495628
536506
519554
542795
487844
516322
539796
550011
542596
478959
513611
542685
510630
523519
530125
535596
522273
530475
542623
517453
530984
539919
517844
520676
531047
479618
483634
516179
497570
523609
521182
478164
547102
521244
528289
507938
498747
528339
514610
533924
547789
547884
537608
539389
512358
542447
549436
514231
494702
551564
479996
536806
479892
516072
515469
483250
526797
523755
538247
536793
515494
516216
502703
514359
533447
537688
502497
534550
498370
546304
533587
509617
529255
492145
519833
488508
523567
544381
529249
551532
500401
536789
531108
534293
479529
515901
499713
549097
486857
507754
528988
534335
515890
521280
515794
531315
510289
509563
529948
486441
491583
502508
518559
536634
507750
516099
532096
535079
497884
515869
486871
511317
531745
509275
491726
518678
551002
545751
538898
519865
549425
539992
526802
527139
516138
549178
549094
527362
521241
515772
536829
547891
522867
478131
481687
500727
524651
507264
532751
499461
509277
486384
488977
536489
536850
536576
547910
552478
519938
551333
516088
543929
512146
526791
539257
535035
510752
500677
527052
543569
548006
500016
503422
545747
549207
486364
547668
515511
517843
528823
504256
519946
516570
516616
506504
540419
510552
531021
534305
526768
521197
530551
523781
498701
530873
510345
478969
539982
534194
515079
509329
479670
545749
506488
517773
507266
525564
521252
521613
510531
535696
509505
516269
510637
479721
494627
492875
534203
490357
505531
548364
530970
516155
538100
536625
507757
500623
515860
510536
485423
552385
536083
509499
538205
531254
520514
519669
499479
484929
536154
483087
547456
516191
500762
536449
536230
538426
525465
543402
534562
516833
548448
551266
514229
516026
506432
498912
522063
495906
536443
539900
515723
497588
483433
510545
547927
539030
507335
527069
512348
550525
545831
517782
514941
529950
519589
516257
530773
490796
499009
484040
539452
550002
524601
538093
530614
523596
526918
548399
536056
540005
497573
481029
515724
548882
485115
508265
524315
516154
511351
509392
492988
495613
526184
535543
500574
501298
515906
528955
536706
506362
480910
527306
518455
536304
538242
533199
551440
511096
500602
495351
480890
511628
517815
543511
515419
491113
539895
504804
528984
534356
511439
530802
489269
530736
478006
512305
545253
551413
527076
515710
478768
539551
520992
481520
527470
534175
523280
550794
539878
535973
536788
521786
533312
549232
539931
514307
534502
542505
532671
495574
539990
536849
523785
542778
515787
486080
532184
499228
499502
498693
529702
509387
527086
519321
526987
514613
551077
493540
548824
536787
516618
546077
542566
549330
533925
501128
528927
501085
510579
543243
536668
529687
492808
528874
530910
543811
539772
539784
519125
504223
509458
530823
516012
509353
537866
507032
499328
478054
501433
533619
516083
507446
526830
545203
500983
525119
535656
539031
515752
499593
536277
523259
512099
525553
539778
491444
515854
484042
517342
549311
517644
516293
529261
523655
511328
536516
538978
528922
485146
523527
548977
511146
533527
526887
515549
538625
488622
507337
537531
482649
543472
494629
533024
498853
508626
511029
529318
530479
536522
530134
536710
512081
500709
547294
490062
547391
531099
530880
498613
516044
550393
495878
543838
542525
529346
534771
547997
540172
515779
546081
527957
477958
487786
525798
515871
517282
523646
551140
552014
521560
534516
525548
527761
523482
507720
548717
509844
525775
528504
497802
478057
538010
493291
507651
499191
551380
531011
498773
487899
493353
515718
515553
536289
516298
515694
525496
536791
508504
517292
498843
506360
496271
493847
478397
506421
548078
526988
478355
531064
510632
543798
526904
548506
534343
547758
479864
549240
503488
482670
547875
548339
523500
542452
552285
545611
540388
536108
542792
530034
528612
500229
526893
529127
518546
522033
538892
549684
549469
549282
483135
512292
496916
549371
517450
536703
542743
516045
544483
532503
536824
540323
510123
512127
519897
542113
498848
531066
528825
529956
515849
528896
530934
539517
538703
477937
540961
549257
548706
512223
528124
536553
539901
539985
530883
536718
547892
516190
543657
523799
522030
509474
509268
497748
533724
530550
516065
538143
540326
551477
498302
528167
545849
521284
479376
507300
528701
514293
520714
534792
536715
512206
538122
539843
531014
497564
523709
523828
538229
529146
534261
534210
547965
543380
502264
507401
495637
549479
539865
488972
530686
509394
495709
495389
548927
514158
546548
537597
512328
478025
545708
544778
530025
492913
538765
518783
487114
533947
499648
530000
497323
551373
507170
521250
548206
516314
509534
481820
510597
498918
539995
522185
539794
503429
525569
530202
477979
507069
509781
516286
545793
515874
517333
516603
516209
549374
500620
534404
488064
510748
506484
514278
531096
533965
530692
542485
550927
521737
530458
541214
510663
488915
529317
549453
536607
479919
536684
516290
495447
524747
492796
526833
545602
536652
523623
525948
528897
551530
506505
522035
510669
545651
529036
545812
518082
512395
539838
518548
492229
532456
519844
516148
498756
539673
502712
550004
481517
525445
538068
530591
528975
518895
516351
533314
525804
544872
509410
519690
537235
517003
532320
530378
536520
534431
507973
549400
543528
516392
520759
521202
515641
552718
507324
523286
478222
478110
512415
483298
549343
530121
498566
549663
519395
551313
530920
547845
516077
536539
498729
520497
552612
502017
530584
525877
503733
536609
528838
526837
542636
526157
552193
528876
538716
510580
542742
502061
549243
546811
512335
543796
509446
521295
541124
529517
494566
550278
540427
510114
515730
518675
491748
516133
550075
511653
537416
519857
549200
526753
513795
548910
483817
505388
539740
519539
506525
539975
515747
547197
550795
543337
548861
477956
551526
523516
539938
516102
510602
486287
540023
531480
510721
542759
536841
539362
479715
528010
479911
532780
525864
516399
541935
493421
536672
511686
497728
517784
547898
505713
551774
519487
485280
518629
515825
528849
543819
542154
551550
495474
530118
522065
523810
512088
507801
545329
505676
492319
510647
531017
549044
514282
523483
549350
532455
495807
498590
509544
523577
543548
490393
513801
479904
530464
521214
536689
545848
480540
509287
549160
543655
519890
523522
521609
500790
545836
536858
530897
516232
481645
530641
514285
530714
478574
515859
540009
490507
532476
536647
536792
523701
499592
538153
529023
527004
516284
525493
521226
526969
551368
479646
478383
536616
541626
538734
525103
550886
547015
492744
513696
520499
514340
530854
536816
512386
487056
538035
547230
503081
537091
507708
543434
551081
530620
510694
524907
516085
508928
500664
527153
547763
479703
547709
550912
543166
479232
515945
503714
509517
548518
534468
547812
519488
545092
551442
484813
488963
492945
500625
516013
552067
542824
480493
479958
516070
486135
502634
479977
552574
514259
541615
517149
528890
478071
481854
503068
480213
538218
538882
512162
536637
501693
512141
535372
549354
521122
544201
543391
530369
530325
517217
549021
538012
494582
500514
539799
507633
531040
519253
545631
542674
479318
488796
512923
511841
532725
547863
530106
502520
481875
509398
527152
509828
521109
539899
493281
539671
501772
516265
545841
536712
515856
543042
550850
515836
547895
551503
530828
536649
542521
510241
529021
483807
512125
527131
541524
534424
503428
510583
551481
549301
510725
514972
478016
545885
512368
510699
537281
478235
509389
514169
512245
515839
538931
521225
523636
542495
534229
512163
539906
500644
530140
497504
512215
528535
525599
495831
530775
510676
481685
509412
543007
515304
515814
528934
509341
509293
551261
520275
522322
481751
534250
518050
509304
523485
528383
509489
528265
516194
542847
526906
521102
521120
510329
502028
516981
552186
516010
519486
536803
549310
506310
524274
515732
529567
551369
539877
528923
542779
509405
512171
539890
514331
510062
528845
522224
547962
530894
526658
510626
536822
510714
551735
545277
478917
523808
525828
536842
536865
537226
511076
531050
519893
492798
495342
524226
519895
518976
515975
534104
496094
538973
525545
520802
480434
543753
517991
519560
522826
506366
524814
541927
551509
544789
550753
501729
518536
536968
478067
478152
514393
542462
540016
551341
515245
533820
508645
479225
501766
544658
530835
543802
539907
534561
535954
523764
532902
511695
498504
528605
516321
538032
550021
537436
540974
552470
541160
533986
548097
534542
512252
528933
536899
510657
521125
535627
479983
512341
496943
534517
538933
496731
534460
548390
519221
527304
550034
498561
527366
523445
548867
534303
532306
511971
515599
477941
550194
510691
519882
545735
510257
541159
522045
504206
542670
529227
552525
521302
547730
549276
483515
515885
528041
531904
533076
515976
538796
534403
516069
516346
519902
547395
516325
551832
539959
529944
530267
516153
498904
477994
534464
530133
514202
505871
537308
506323
539041
543608
510639
514151
542741
521215
548186
533100
534267
494826
479692
525284
550524
508251
530526
534215
530507
551560
542851
536269
536742
539812
486381
490746
510505
500417
550042
509528
528875
490530
551361
544600
502053
501000
542588
539786
523832
501627
546061
483799
522191
528464
533966
514308
552337
530124
492866
528907
488408
512397
530024
506351
529589
499601
523481
526779
524221
489869
529565
540970
510598
518467
496804
520244
517396
529380
531971
485281
536511
531738
529025
510541
479737
548643
549154
551531
511687
552075
537607
525567
511056
525604
537414
534495
532353
527088
532198
534440
504439
527111
527155
535813
495158
530866
504127
543888
548797
530795
481827
526889
521162
534027
522053
509350
534308
524683
488947
509154
513742
517405
536757
507280
537114
526769
515556
512248
501599
495159
516103
478622
548520
478189
500180
527063
525494
536724
545369
530043
530734
510705
506522
534521
525533
503466
526208
508260
536722
511723
516334
538084
526952
508264
505912
515934
527119
546666
538207
485974
541664
532398
509391
529360
528417
481793
517672
487948
521548
529685
519646
539905
548983
481669
529342
490316
507929
543439
523634
510652
552274
509508
495149
534415
487111
538244
534291
509365
548079
500584
551295
523831
515568
478069
541582
549487
514215
507713
537424
545679
509436
514221
498861
536592
545052
519599
538935
548539
538173
532474
549019
515755
481777
512246
528393
478127
503471
544484
517747
530687
544669
539756
514190
542753
538008
507702
519632
528791
551392
534273
514284
516404
533098
539911
498839
549050
498092
492265
522125
507227
535674
515306
516170
520803
537282
481794
545712
512097
528940
531025
509368
529022
509450
526712
508356
528867
552581
538833
523560
516651
540037
543669
551468
545827
523998
530119
502232
506521
488434
546803
537419
551420
536615
525492
490325
493204
500245
523840
513769
526767
509393
485161
539952
492902
542805
506242
514112
549466
528485
478036
515929
486695
551544
548474
527067
530893
516052
544137
510679
509386
539894
479622
478367
521187
538178
545642
480510
514369
539813
542684
494734
485131
530539
536691
516186
544727
512136
523506
533738
541241
524617
545839
530487
521222
485438
517331
500155
537038
545268
534185
536690
512191
548355
534257
528775
538102
515831
551499
487827
545217
506498
503456
501518
510666
525843
531074
523274
538075
527002
539783
501781
519648
523826
525543
523678
534540
539841
495772
494305
549478
550697
533763
525518
498539
527083
512951
529759
519860
528430
513180
492952
481693
549226
516271
524499
539914
521237
494569
512200
491740
547805
552397
498826
532821
531006
515588
534155
548544
498755
528736
528353
534920
546595
486033
510177
530247
536802
502832
501829
530844
510574
512619
536115
523601
509620
500342
503493
547987
485304
512047
528624
525838
534556
505954
536835
530447
538889
509536
525528
481796
509659
542584
536600
509561
521106
547989
549279
484856
545170
541616
551439
536797
486891
514136
535533
510260
549334
515793
516090
550456
521245
508668
481711
540415
536628
519078
542442
531065
516294
551447
509396
535232
547740
512130
495820
514805
510686
497099
492144
487024
545347
515862
481898
528909
512399
509677
536419
506407
514268
538043
536707
478021
515925
489704
547988
547541
539874
527166
529321
519639
495004
497114
539738
531278
551102
534252
547592
513723
519912
520961
541004
543809
499304
542571
532528
481861
519118
527098
547836
523478
536796
482377
526950
548203
530727
536783
516166
526880
490394
509477
511754
551467
491739
551553
500506
549225
483261
538051
513064
507680
479688
502759
515004
549347
533705
515970
528898
516196
523545
545732
539973
552089
482244
551327
529363
516114
529480
526860
547859
516117
510684
516042
528800
514159
536487
505910
545632
542716
512278
548926
546659
551366
515842
530477
536765
536556
498786
545744
510282
508345
551038
507359
494587
527055
538180
486794
523786
510987
516420
509461
514275
544412
534366
512230
525656
539501
547800
521101
498782
546646
531888
509335
531475
521236
545689
542683
547796
530906
531075
492882
535234
514403
527108
479230
547966
538607
543775
526942
496720
519838
529875
519430
508339
530385
539229
538626
489427
515840
536727
492819
534237
530762
549409
534429
546623
527497
486962
509400
540526
491632
515940
536632
536286
512086
538219
494523
539789
494922
510603
528998
497515
478238
517777
551321
539033
541140
512255
547759
479235
542512
530640
536604
551535
547982
519829
515896
541247
531105
551964
540298
521168
492091
510673
541940
511469
549349
506416
500684
523534
528808
515410
510594
551521
534405
536771
542168
550168
491745
487877
479899
552071
534451
502582
534566
515573
523515
478106
538621
526778
514339
512968
528415
551309
538263
525272
483503
529683
528088
530899
530317
530990
511692
530885
524526
498754
539380
527168
551558
523510
516189
520537
479685
500500
536543
545739
479620
514266
549174
549175
519933
485967
524821
542746
498409
494590
519394
514312
509105
529184
548528
542786
504250
495164
482669
519923
542848
547792
495818
524180
530179
522468
490450
500460
549092
534411
533983
521306
516028
516337
534422
542827
548762
518556
497241
538620
524750
517800
545750
538763
528878
479991
497930
543782
537344
530949
519872
528114
534579
507235
479969
549439
523739
519629
519613
520229
508129
536582
538181
523603
520291
536827
536711
542045
534236
512196
486296
503438
485983
533264
533809
521243
534755
549454
549058
551730
523514
527165
527361
495674
534200
536720
490345
494903
509377
510660
542641
536028
481843
491789
520090
536184
478121
545636
536855
508462
526905
534378
551332
551501
536838
515706
552458
536885
515921
534501
538054
514035
537194
541030
530922
525537
523649
506402
530860
530891
536524
539996
506389
519847
486053
488130
514305
526986
498694
544703
537319
534533
543631
512123
477973
509987
526748
550952
491738
516301
532579
519259
525232
486517
543513
509737
534171
530959
536692
529007
530400
535541
534329
545886
544021
518125
528746
539853
547833
515786
521249
478059
478667
527081
514848
540441
511737
540559
496335
549082
519523
517710
511087
539544
539360
526870
516394
529312
529400
523820
488547
484016
516315
516125
515810
534436
536514
495685
545752
530493
530561
539845
491787
507293
516613
482352
494203
511902
530460
478234
536490
520517
549449
532289
488370
530452
546613
516007
526200
533128
516285
508033
551301
530672
507467
531744
518122
522042
519638
546768
515709
526803
512166
495886
534395
518140
544848
517534
551518
519883
534481
512318
541906
526581
479697
523549
521189
500706
500719
498732
534582
538224
479621
517732
530296
522070
502289
528386
531740
551064
543639
530600
527143
534385
542599
509988
512173
533371
539913
519913
533949
539886
482640
514346
501142
532636
512229
525618
494530
536530
536807
549384
526935
552088
528965
551457
549697
546784
545126
551491
516195
535717
505375
538237
542500
515780
477976
503916
502674
525551
498210
530900
536657
507299
490061
530553
519666
531476
533086
547101
522197
529116
546655
537237
545846
530546
528850
527169
515864
514126
542762
502774
514317
479975
506345
528161
507169
524458
500759
524749
512580
500702
516604
530393
511098
507366
506437
551326
477897
481672
538417
486159
538164
536542
509224
485159
539972
541939
533840
521212
510567
479679
513627
501584
502661
517794
549263
519700
498662
536981
500748
530748
507814
523735
547175
545797
483059
549925
499052
547839
519307
517400
536766
534112
552364
548101
539918
530575
546627
549153
500683
525503
487108
539965
550938
506523
541463
507277
528570
509478
539418
478122
528996
522016
530797
536870
501329
530905
513953
530517
536660
505207
514249
481739
527009
550482
542773
535852
529586
545791
536717
540011
514325
528990
514161
516430
549266
515719
547289
536621
507247
536891
512406
545840
485433
518463
522216
508218
549229
516205
521156
516354
518641
535107
527043
486409
538016
539548
543389
479994
529150
533978
512749
509310
504238
551360
537345
511978
514357
547882
536866
530682
513982
544351
542388
550797
494620
551300
530877
509516
526781
485378
529575
516228
525591
516227
546663
515353
539991
519915
485223
492832
549451
498855
515881
545889
509438
515305
534564
527105
534079
518355
523555
516255
548871
519485
526400
549372
534821
497148
485130
514748
549057
535816
483222
549470
528844
545785
550441
549241
516397
514322
485123
523501
480935
521158
525600
510659
536752
543509
531477
501576
516427
477982
533325
529019
517114
545007
516395
515867
534212
516320
528813
549356
525601
528329
526963
526235
536491
540000
485404
525744
531038
539902
509002
543532
547735
543820
529362
495168
510133
509764
530950
539759
505395
527035
536760
519483
484300
485487
488097
499998
552116
526427
521196
527089
502666
506445
530821
530820
540285
545383
521148
530681
491723
526198
530511
547881
528903
510239
551449
538033
537609
480484
483355
549442
512325
533526
547822
530613
515968
538890
530735
512385
519224
525527
549342
532800
516288
530741
506386
479642
485316
485141
514892
516172
526386
532368
549352
525266
487055
551488
545145
551337
509729
523627
536790
478950
505718
528699
526814
492791
527161
533244
547986
514338
544572
551520
491426
519828
480489
518511
484769
477950
497462
515872
522027
527084
511410
510563
547830
514769
531482
519571
479451
499322
478920
519612
502682
534108
551401
505684
490465
485435
519490
529584
523568
496802
516797
519507
550357
492365
510600
507728
528989
545051
507261
534559
545702
509466
510488
540386
492803
547104
538073
531258
551500
492807
547771
532334
529310
507368
533110
539775
510749
514723
550040
510605
514149
530062
524847
527335
536730
522435
536669
504493
511689
515272
515816
539724
515804
503381
511100
545850
513825
530166
482630
516073
519661
547786
510898
530953
509491
527127
519916
526895
530146
537736
519869
488362
551466
512165
523617
511712
542157
497507
550063
549338
534499
534575
482363
523780
517138
515044
534377
534213
535802
528404
519090
490505
534463
530618
551412
531897
501581
519596
506517
488078
536670
523505
549042
511101
525166
538001
509426
486470
481684
530211
525825
505672
520445
479663
502022
514291
525581
529587
552335
506306
485882
525499
519682
543522
512593
549087
516439
534263
512379
514329
521281
518766
514381
549195
513987
498355
547928
545309
536872
526374
523285
517816
478490
509309
547861
540342
539857
510625
478210
526993
527870
519678
523725
497530
539988
488361
537966
478945
501767
514123
517754
487068
546625
521300
538015
519519
508215
509174
527352
521862
500643
534168
523546
490318
500624
514672
485227
492213
537165
529120
547874
547907
536385
523594
523653
528814
538925
536263
529244
516360
502692
521593
524238
534536
551377
478029
549196
534240
530787
536011
482624
512185
501727
547628
506346
523284
478073
545363
516055
518657
536778
497505
498802
534111
542574
525607
545748
526784
543622
479698
528960
538631
509998
516075
529572
516248
526920
509261
511181
516376
542591
526883
501427
534548
505876
510569
524777
519561
519423
551508
529925
490936
525575
541151
523448
549467
539081
509362
536741
543546
545676
491449
515482
543261
510658
529640
530093
478965
542507
513961
498696
495830
538062
523529
531607
505678
498785
530848
549101
545454
485326
517388
540697
511175
479226
546881
485871
527141
544910
507488
509323
528644
502800
515700
530678
543745
493765
490351
541012
523707
545787
484711
525542
535977
489483
519643
540762
529315
551506
485273
547424
528826
485955
478136
523564
516799
530608
530946
531680
529427
512413
514269
523570
507350
478496
537950
534473
481838
515833
519842
512285
480911
510693
511352
492956
544380
516375
550557
493095
478925
513499
483006
515733
534249
541208
500641
509532
509443
502742
516370
522195
539824
528789
495651
506209
538156
523641
497520
503380
511530
493100
547841
489881
514192
544854
508421
531029
531940
480222
522022
551399
511667
530921
536561
494983
503712
510554
506604
510683
493856
519891
513815
538189
547964
548507
516207
516830
513169
551800
530455
523776
489908
548393
495680
530574
534314
549186
509283
511673
512293
528904
515673
514247
512087
538017
502761
545777
534530
537831
540411
542696
509322
550217
547832
515350
480122
529028
516834
529893
522037
544539
536626
538630
531479
500685
551458
544225
530529
512380
500606
516278
529947
525751
509600
536501
523784
515967
490458
538197
530504
521601
531483
498056
523731
513809
530622
545513
551847
528239
530490
539806
528905
478065
540430
501102
486961
515784
552402
501146
511932
530450
539070
491707
523676
503467
531067
478140
530943
536888
515909
485039
538723
535864
534531
517761
537916
514144
547867
545302
536599
502791
517805
525505
534187
550152
551507
510131
507315
516144
526812
492737
516300
506380
500681
512220
508661
526789
526808
478117
521278
514714
515830
534520
512135
538155
545823
512204
542877
504247
516104
512269
500507
519827
534360
479990
514118
532981
534432
510718
487485
512375
549328
529331
498587
518285
543430
506509
520887
532859
482980
526711
515996
546814
514168
478092
523606
521558
485371
509520
506290
497560
509523
511918
515851
518596
480506
519688
485486
549032
514787
497676
500357
548863
521287
542515
547215
542672
514141
537423
514174
530195
542586
509291
483112
480533
516545
512315
535685
551276
515528
502519
479450
515789
538104
534549
512168
517324
547790
521285
479637
491717
547739
548468
544553
515744
539969
537774
519887
511011
510754
485880
530926
534448
545645
548536
530580
545677
547549
526934
550032
537803
526898
507736
483869
481617
535169
503185
486526
498688
527120
492937
532297
491222
510770
482341
549423
502035
523566
488101
512279
514246
516175
551881
510920
526861
478045
509407
544202
515082
495643
490692
537420
541049
519907
541221
516330
537551
523528
535022
478097
516396
519920
521681
479647
536495
481572
530675
497593
536859
545693
528982
499384
545835
536704
480501
478147
552593
551451
528665
526420
549070
542461
528315
538118
545918
515702
535865
511192
483521
512376
511740
534820
545400
526888
492874
548919
513518
503409
508611
516080
526875
521235
521279
528208
537225
551511
533553
515843
535061
509337
549309
521621
513278
530960
547865
510617
526841
536731
534078
519319
521941
519604
536586
499225
509480
528244
523817
485760
479669
527051
530778
530392
529684
500343
507351
534392
545854
530280
495928
485129
527289
536900
484603
485929
526844
496647
551315
551358
551476
506481
529428
523795
530538
508094
522020
538198
519550
547393
528410
528931
536631
481688
515797
523633
549155
502767
530319
511160
502707
550856
530593
518726
532670
522175
523587
502743
527956
518911
514345
549426
506510
523642
535448
479217
551782
530703
538030
523639
509540
512217
507904
535574
516940
534361
514302
521785
543585
534427
551450
525574
536666
549051
519617
521290
526044
482405
534370
495781
536721
509399
537137
521273
490407
552132
479464
527050
525196
519850
507349
526454
529005
506699
521513
526422
480892
492948
539882
536617
542523
534551
515721
519652
515774
487271
526787
526134
507320
549418
525833
513828
539968
530752
540558
536799
510599
530811
498153
542838
500910
524955
509917
537415
516413
534435
524181
502590
535063
500752
516139
517967
545784
498883
544303
548523
507322
545428
551529
518464
549132
507361
499706
549344
530242
488929
480557
532510
547951
515246
479627
549464
519489
495659
525562
509514
539936
494556
525560
510757
526891
549346
529675
550771
516825
515092
534109
529464
501201
538747
541613
529770
512241
545576
530579
534557
522178
483472
536603
492316
516158
548550
483088
549148
512378
510535
536519
535056
534362
545159
530869
519122
519832
539730
538094
546661
530977
545906
547978
523685
492302
516358
510724
516219
534251
531259
521228
500601
512387
512306
514318
530141
479265
536595
486027
526817
551540
542536
545924
515736
528872
548427
478494
542533
517927
537486
485209
528979
489486
545446
509541
536552
519587
534304
491868
529462
485248
509296
538080
535671
516019
536804
514742
497846
515892
528912
539296
519614
481831
551395
538622
548425
526907
486958
500941
516101
536883
500718
530335
506388
528910
525500
492947
549095
532806
492998
545909
529967
542852
532233
526916
516165
514634
485219
545852
479974
544786
494927
550066
546759
546419
547810
478337
534282
506358
482704
552244
523512
526128
525556
542493
533721
509444
546524
479708
509006
478579
540897
515820
536815
516034
502668
537178
519619
550303
533605
523783
478085
519631
536782
534039
490958
547233
523599
516236
538669
530465
533987
498574
498888
526956
530923
547794
537885
547481
499442
545456
537580
542807
484780
550012
547815
523713
519494
528863
488472
515993
526914
511227
478141
516311
491763
514261
502630
523830
528953
533954
543012
516440
530688
537431
519939
520790
528821
536756
542855
516348
534189
512382
532557
538804
534554
536578
543835
530323
547866
551302
501602
504244
542504
528971
542541
513289
503427
518838
525938
502038
536398
492800
524934
514267
530469
536795
516804
510650
546530
551185
518708
510593
525610
542658
512210
485113
531003
528841
515781
523798
539831
516332
513119
494707
482154
549197
532555
530992
494836
528961
510635
478405
526873
548319
492591
534387
547781
484576
528523
512297
542644
516630
488774
546616
512323
521247
495792
515776
489480
539768
480608
494838
532980
498697
524910
550253
550327
532509
538014
539885
538013
517652
542657
527149
548934
520826
536598
528852
508667
543543
542389
516239
526933
509294
483074
545616
552182
484795
503431
530595
509463
509281
504370
537307
508097
505712
543531
508274
497550
505700
530132
543619
514164
484088
526771
519894
509933
486900
526828
538011
515421
492269
549001
492701
530573
515911
530924
506513
529828
524602
542871
539881
500246
545910
547975
485067
491708
516030
480482
523622
478100
542474
527420
486970
483473
512117
550802
523486
542648
519218
542642
530779
530715
548354
535810
551950
513387
521771
551324
483517
533071
542432
478027
515277
526800
510629
506518
498030
551749
498800
534727
530651
528994
516291
549681
532374
510642
523542
534159
519905
493453
542562
511252
544213
551887
480638
481231
547935
519105
533166
506478
546175
478138
478099
509428
521924
516289
547806
524005
478019
532893
521741
491731
500586
514165
538065
504371
531673
512748
518793
539564
513083
502714
543754
506507
507292
526874
510337
527056
515357
516283
527053
548454
510068
485300
508852
519855
523734
542680
549447
481855
546802
537157
551393
509557
538232
545132
520699
506399
547872
536728
551347
500701
545891
486397
510613
549271
543466
518501
515725
524227
520183
500517
512615
514086
532347
484165
526877
514352
498612
498317
485307
479510
517751
499016
530030
487274
510604
530976
519845
507721
511733
538707
484954
507316
528312
495650
543609
526990
506531
499184
528991
523530
550747
546770
481708
542860
495874
542467
478370
499379
523539
477992
507371
530853
511885
512111
528941
531991
542568
510586
510687
485193
502424
533083
491773
530462
478176
523729
549248
498156
543423
536811
519082
540489
486060
512172
506472
529424
523611
546297
534368
513386
520890
534297
535059
549179
497054
534462
492496
481839
510608
527134
536116
506326
510689
519608
538009
536844
538190
529985
546393
486316
494531
517734
536813
523772
533127
506294
522217
510231
547831
534574
492736
509375
492960
549216
532857
547963
550314
501125
509247
511365
530473
480942
551510
545720
523727
549128
515989
518483
539821
547785
517647
534184
490472
543613
539782
486905
521194
483644
528325
516428
521232
478088
512423
514277
546815
519135
535185
523738
538050
542849
537999
515857
528664
533736
550275
482203
498660
534505
551505
516178
486038
530563
536682
532283
498533
487858
500065
536747
523638
552047
508249
533034
524138
493769
551305
479452
528936
540475
525621
541094
514333
536671
539826
534363
512221
531068
534081
547319
527106
542873
519624
528133
514181
551167
514256
528392
539929
512250
529350
530874
481281
491664
531007
504270
542211
547912
537402
545844
535718
484338
502816
507303
530305
534317
530026
512126
543764
549441
523684
504693
512377
539898
547953
492312
552689
519858
495916
501676
518884
514154
523526
523745
516168
536843
530698
546664
523581
526457
523436
529672
536743
510685
528324
509278
500152
544916
532337
506464
529328
551993
530728
528887
500294
522028
478527
519901
550983
539507
534195
514342
546839
524630
521990
515096
547888
516015
523598
534172
481841
539134
551878
551348
477940
524256
526843
528773
509086
515767
509546
502594
495488
492236
547801
515717
551469
549090
539862
543614
539722
480431
519651
527054
503434
528560
523688
492876
544554
532217
543009
523838
536701
509802
516281
512398
549964
536761
503424
536818
514204
526376
548734
490475
531985
516016
529056
493101
539755
516385
477949
480508
533385
527963
537577
533252
523647
516177
493501
539955
530018
530582
547956
530839
550726
514435
514147
513280
509970
523619
530481
484153
503866
478741
508418
511745
539606
516945
537219
509299
523669
541551
535053
523076
534204
478186
535529
540001
528055
486744
503131
481726
534802
500938
531631
497737
485469
498723
535647
491962
522285
497833
513954
490204
509918
542310
508942
550147
517892
482986
530057
478988
533255
487815
504204
521959
531453
508047
535228
539866
506486
547453
478361
542373
492426
502046
522253
510555
545530
496719
490343
524387
537810
522249
483449
518526
502708
478884
480138
544922
531246
508268
542789
491733
543771
541251
529827
519236
511520
495457
496303
501381
521994
491501
484272
492867
544427
544198
517904
511215
525653
486724
530780
498705
516821
513310
536574
523303
481497
533625
488083
549857
542649
497850
521968
478665
520248
534799
478746
510648
505702
506176
478906
537766
478226
544320
505658
530793
479402
520032
505675
507832
499404
484146
484735
531277
489328
538365
499459
527677
550053
518443
512079
507132
491285
492835
537790
521884
499032
503728
533258
505722
505199
525154
510850
483326
502733
481183
516307
498315
478142
531954
538674
552199
523290
525153
508664
542538
494956
484678
502705
509538
521364
496511
499419
491440
519633
499443
491869
483842
549683
507100
522245
538159
515293
478537
479895
549272
506475
530056
488072
486733
494868
547340
506237
524010
536162
497546
550050
521436
520038
526293
535263
505952
488625
500595
497791
548772
522275
478070
513246
505649
477987
527736
516923
529152
481401
508465
478368
503727
493465
521711
513712
516979
550517
481903
516423
484443
548515
492042
536892
542287
525573
540464
527590
546099
526018
492494
509404
488999
544498
486959
552572
503844
545488
516218
503440
502579
523654
547920
549308
511182
532729
481716
547887
484048
521851
527132
479266
506985
545259
543238
523823
518661
547802
538388
479875
541184
550013
515337
528899
497686
514420
541337
528745
503600
532811
519695
547847
531588
532655
523703
504314
487267
543418
484066
484408
520966
542020
535166
494630
495433
508724
537786
551351
529915
492009
550058
524196
547623
499444
521991
506637
513320
490911
523740
532515
520254
547916
552641
508600
533846
488046
535043
495217
536869
499440
510295
524884
523811
487006
522445
549056
486377
519674
512614
504451
531567
482138
506031
552142
498420
536515
528072
542144
514394
511608
494366
526465
524618
495888
543906
488989
478572
483404
480186
515500
549746
536562
536097
487226
498897
529606
515084
529981
521164
530110
494445
482150
509472
479681
548315
550859
498606
533677
509452
497003
499056
482383
507039
494800
546086
505715
532978
499936
552074
530102
536143
504387
499008
545715
552163
507882
478698
506309
498470
492644
547396
519063
495437
491631
516634
497950
533693
545434
500778
550431
495438
481763
515097
526195
531818
548540
499708
480432
529735
548905
508333
488903
550257
550163
480159
517281
548197
519594
524225
515447
502663
518937
508625
546648
531617
500470
488873
522270
480711
533690
483027
524318
519511
513688
549708
519616
511302
483117
515423
481826
515377
516944
501646
521137
545344
543762
527977
492931
498585
509612
479568
546069
486939
482547
484378
515436
513035
511254
502045
516119
528564
544813
483235
527745
512877
496339
509030
536826
545141
506268
544033
493835
533678
535646
536554
531608
542278
500612
523580
527340
484080
537770
500814
545630
544500
514281
518004
488872
528462
496085
488767
492028
508371
492564
492379
486270
526120
545082
501181
506969
547742
552394
496600
521705
528732
538751
541111
530496
542180
486382
535067
487244
521339
525797
541932
538112
511348
527367
525521
548900
535223
505355
480516
516877
509495
484087
516436
509715
500774
536370
533296
526913
508844
504906
512544
488672
540674
515625
516584
533522
517354
478404
538610
527324
512715
496346
538758
492871
525633
490904
542850
528537
523432
544948
492951
479651
533793
495469
483812
543014
498760
483466
508491
508633
488077
479625
502273
507353
479575
486376
545176
521944
497880
520975
498634
518888
516051
486922
512254
512914
539343
485257
523787
516405
479880
514363
486166
523416
519943
486908
499306
540542
485984
478983
552200
482726
524325
534482
526045
510736
492693
546379
503658
477892
486713
540508
488866
535202
508663
485019
499721
496691
524281
507813
524009
490801
507682
517084
503151
522456
516567
480421
518297
521716
551272
480934
535534
479732
539836
501662
545779
494302
518837
544966
492898
534522
539226
524598
533361
530815
479014
481910
504374
506658
542030
503533
524319
481922
487066
506586
485675
528901
497814
548955
545429
541225
504197
529764
498205
518197
523949
548129
538031
488093
502014
551989
488874
485686
531268
505909
480882
506462
507859
504227
510610
478175
511173
522412
502751
549000
496652
533867
480242
491380
511503
486822
497198
529607
507943
506487
511505
539342
517553
481791
483418
485950
498591
509378
524416
493479
483161
478657
552243
485461
531388
481951
503110
550667
488520
484672
480231
483391
502432
502812
515132
494844
550941
506588
503200
509731
493984
490649
481970
512813
523234
481346
551230
535038
498232
534311
551334
546420
485855
483179
526669
503846
478441
478769
511535
516643
540625
508050
497459
532345
508107
505299
541603
535608
511241
488451
503882
480331
515438
510138
502729
539426
483299
482225
482155
496816
512344
488047
530768
507093
491439
524538
494930
536216
491465
535077
515145
510205
529463
492356
498581
511624
499787
483051
507238
486904
488050
540630
490471
508903
519970
486935
530229
524925
502421
526168
526201
492731
521605
542882
485604
501346
480544
483314
506317
527040
525033
510253
491214
520682
521793
483309
543681
504060
495226
534898
502940
482545
515505
551627
503036
532450
531527
544986
550529
537482
522822
483469
535078
535680
480284
515557
514300
549378
499438
497735
548391
547911
493588
543751
498867
540195
544055
515057
541311
485891
509512
507442
545049
549868
520117
503902
496633
509453
478108
480073
511406
486554
523508
492690
551974
478159
531358
550086
542053
517332
536876
508412
497840
547164
499041
488454
524824
539741
519607
537480
483127
502224
480047
551076
480662
503458
544997
515991
552237
551933
549965
508120
516724
543149
492900
482761
483078
503420
492863
538217
485189
502825
538131
507688
546073
529836
523533
550852
540684
497887
519476
523499
552479
509153
518967
507000
506455
501165
490288
486451
514156
507942
520951
497607
530463
526333
502773
481914
485337
482992
529779
534837
521916
507224
541629
496849
488217
526657
544279
478921
490035
537751
506933
549184
498557
537913
540035
495119
530532
491760
505873
521335
487058
501625
495329
486026
502487
492067
494724
482651
483248
509654
512743
482975
502752
535452
483597
503158
503898
539396
521908
503098
528162
502625
487002
534532
518604
498151
486359
495744
479010
545610
480530
534483
517543
501796
514560
487796
480026
512330
541926
492065
515407
540998
515339
500518
542662
523166
508859
551786
537425
518509
488374
546809
502614
502828
482994
497233
483679
512613
524053
539059
540045
520881
489439
482816
519057
514264
522474
486100
541240
520427
508059
490517
496702
509265
484880
490434
502665
502820
486921
532539
510700
479699
513014
543947
513176
545592
527949
508978
548714
505121
486500
480871
485139
521160
502431
494729
537309
490342
498185
494966
482423
488447
548686
506461
506863
502744
547403
485022
536280
487168
477969
490975
518118
511174
486997
499682
530955
480979
486035
523835
484584
550838
486167
510026
490502
527013
532007
492037
506926
515946
546685
498207
503773
483137
504431
538713
539018
495652
523439
544504
550728
487604
521673
516438
545432
487082
517953
550105
519240
515980
509493
544580
482991
537915
513601
499620
508081
495821
522366
530448
479285
540760
481261
539723
537164
540607
532567
542825
479319
550202
536124
496101
497979
526094
540325
538394
501176
497019
530404
493389
550731
496909
481473
489389
497561
486160
503924
521650
507977
531605
542597
507972
495199
520154
544388
479276
485467
526423
544615
526081
510184
548628
537025
505886
479016
486154
539932
500355
486107
529648
485605
519468
491502
483884
497672
500747
496929
485180
540501
535461
507537
492214
495027
483157
488548
542772
488115
514216
487072
519998
492349
547943
494011
537000
510589
503837
498710
497487
496913
489657
542711
502238
519602
504498
492508
521701
537784
512337
498619
542624
494271
494482
503953
484356
513749
506348
492052
482807
487264
513767
482342
540291
502804
496645
493749
488962
496468
498234
502510
530223
540556
517999
542793
498880
484605
504369
535664
482304
536228
499992
480290
532833
484575
485999
506786
478163
496908
480908
491643
548690
534025
550109
495841
496217
480039
495881
514157
517618
494323
534228
533979
479844
486247
546702
498715
508920
487037
534981
522306
547701
483284
504464
516540
516612
552092
506417
509955
552249
548803
530649
514177
538601
499783
510053
519622
537994
485311
526724
499236
533323
497539
522418
503926
509133
519671
486763
514070
535364
544122
521897
482874
545394
479709
491150
478008
508134
541895
479812
493687
521154
515095
499267
533256
481032
544715
535034
521755
537170
486934
507858
539264
542667
551541
544884
547056
515020
483003
538874
487386
497149
480266
551037
488382
525122
533179
534222
508310
542737
487847
509429
483594
499919
497572
515134
479897
520439
535144
507824
506211
527171
552692
487181
486244
507907
537043
537108
507411
501753
483100
508284
518041
495756
504486
548471
491060
539987
500211
549040
551651
534325
515604
550507
491290
516128
487320
517123
483290
481558
521403
483329
550698
520669
544629
525458
530348
549961
492839
542038
495667
488312
490424
532290
491391
498823
495116
534996
481891
483160
527942
516008
520716
537292
514426
509208
542423
494731
551977
498132
480283
500100
551352
549365
504128
542616
531944
530533
547046
498217
514347
519685
503868
480640
488694
510772
485789
485079
494936
549331
481384
512578
514220
541338
499216
519442
549412
529776
508822
526046
508457
489789
480587
512233
510932
489689
493145
478201
479723
515713
545387
520813
552603
528170
500867
516700
499584
506893
525665
503067
480404
542355
517960
480245
543446
528318
537103
488862
507685
534416
542244
495186
540479
534048
524810
512829
508405
545790
518123
479335
495144
514649
492944
495936
537074
535083
551612
551183
528446
502564
485424
530486
548317
551255
524201
503849
487493
487035
491977
531930
503019
541712
533572
480188
482578
486132
527395
479309
547677
542784
521359
485145
500749
512816
501840
506911
530638
504087
509547
548511
496249
511791
485822
502993
503819
508201
542559
507823
551609
549438
479109
532623
513336
540735
502830
546041
530084
486824
532437
546450
512780
538498
550291
480216
519171
547531
492992
548443
485956
478118
498196
483560
536190
485993
490372
520952
523711
537483
488166
537363
518969
526699
481720
521914
482059
517705
521816
503781
498227
490621
549406
501127
547915
551239
545596
543658
547422
514265
529064
544043
507232
480286
487926
502236
511596
518505
541883
501513
488122
526649
516637
486169
531481
527467
538895
490984
505773
492604
530936
550326
510766
534890
485237
511815
525069
545901
512902
487095
520941
479824
538814
514209
490707
486164
479677
480156
509357
479728
480160
480552
506238
545064
508332
477990
478879
485717
505307
479846
505492
488568
491757
488461
524090
525960
517617
540196
506408
485946
532052
481172
487236
521626
542257
482674
488954
531216
541534
488801
499381
504879
530344
535306
478011
484328
523563
503176
492237
523267
540404
530679
506208
505914
498528
515952
485155
489700
533941
514423
490041
534192
479959
501108
495152
488436
525724
528272
486206
543949
495061
503133
507705
504190
498813
488386
527140
510796
491009
525937
547527
485756
536034
480090
498218
515131
490527
527934
498177
534242
551222
485279
522278
501867
524536
510935
514730
483815
536810
491388
489749
479190
484680
498631
533602
551577
518624
483645
529614
544795
491080
530390
491736
496912
512300
508639
530706
503413
492626
498996
503583
532932
508106
512296
523833
551248
521783
544806
533817
490218
503483
524089
495025
496387
543544
540425
487836
502749
501105
524828
544334
498653
508407
480055
549822
529521
482559
550346
533217
548811
525889
501667
510071
503980
523640
490642
526166
484012
477984
519384
530697
488487
524638
550854
526953
484498
524326
526034
526678
532287
522007
540638
482555
502526
507244
501031
495201
512941
534830
545453
520037
537667
506340
523032
501313
506430
551004
491702
512586
526574
542755
494192
485170
490361
526056
510242
550744
533236
488945
501499
513707
548833
546199
492761
492308
509957
508118
519995
491764
545030
502757
481923
535444
519584
507767
530701
486137
483133
495939
477944
533912
523033
499359
487070
490436
490529
481709
509650
482963
490320
526117
541918
486073
518525
487049
509219
486119
524154
544915
488019
503879
508444
538753
484046
526234
506904
482036
515059
500716
490495
485483
542710
503513
534823
483118
510323
510891
514775
491767
486013
501372
480136
540295
501183
488007
543858
499726
542394
537544
508782
502235
485835
494297
534433
509827
495949
526030
544962
513823
488048
507941
501048
491750
483403
521566
498877
510982
499463
548039
495290
509929
529045
495263
498168
478461
523291
479295
542885
481885
518414
546636
544754
515907
496357
545769
494483
480253
547339
484818
493688
497415
525996
503196
547107
487653
521638
540310
524374
492946
491720
490026
479275
547480
500339
527386
484357
492821
515773
507673
525649
515972
527270
482676
511161
510825
542059
488642
547117
508039
526122
484398
516212
488399
505143
531997
481250
514796
500618
523673
549381
485815
492369
521636
480308
515539
533564
518666
502441
506536
492837
510623
521303
508454
480075
486155
499905
544671
503935
478107
542192
542529
487039
520563
489950
481829
540688
541893
551023
533973
520060
530763
537492
540907
508014
509558
539753
540732
479662
501361
502057
516992
485211
501394
544891
538624
484658
551372
503957
534179
508138
517809
499061
547088
483839
536247
482116
515602
498194
502943
542820
530358
507367
480327
509221
535442
518591
486056
507329
527407
490515
519660
501092
534960
503204
503395
497617
502069
510281
478162
490753
491645
502670
522095
497843
541217
512756
481893
477955
547439
492927
521720
502631
534287
514075
521781
480708
499693
502803
538158
510856
482347
485504
483671
526692
483487
552156
492658
488511
519529
479382
535080
498028
541187
524944
487693
534503
490050
549393
551554
478187
482680
527027
482488
481828
524608
486276
514134
512132
498067
498994
498739
538410
508662
481715
480164
484738
507816
503142
532987
510722
495868
544586
532601
486022
497226
481471
492917
532542
495288
496087
481846
482982
488839
502633
517298
508679
544852
523814
495712
507851
510357
540880
521735
542774
485263
541323
504124
512952
503734
481683
528820
499915
541152
519227
510499
532794
548609
488637
514080
523812
485204
509346
494563
513333
505136
526629
514729
493316
540502
514191
500056
479268
478410
535328
494469
532459
486522
492812
492140
515629
495165
488539
511354
527868
523750
480670
480207
546633
489706
551236
544648
547483
490347
527317
490286
537877
528403
494589
496873
530889
509660
534336
539950
521767
482261
526260
527436
521313
503402
505834
544392
530362
546377
510211
492103
503776
506831
530812
487080
540185
525858
504503
515870
513051
482331
535562
496173
486898
496964
480067
537321
492040
513986
527158
522404
514354
524709
495441
544620
504433
496286
483009
550294
480977
530739
486163
534339
509602
549280
516802
496739
481943
523339
491240
487112
491361
482703
545327
501814
521328
530368
501812
537870
510338
533449
525880
512082
516865
516402
500927
483464
522384
518637
494021
483083
508923
538203
516938
535829
516542
489401
504457
487572
490366
481283
550494
494683
511464
544917
484725
497625
482662
549805
516092
497844
525258
485941
517599
481680
506715
526203
495797
515939
517669
482955
549383
490833
549252
510147
508383
500705
495155
500352
491701
498919
494284
498522
533133
495552
506874
533351
506489
485114
539758
493195
491756
491719
507890
544979
501345
526644
513939
496485
523537
518816
530732
551574
505318
521973
515502
502156
507877
537324
479648
486205
541677
491939
539169
551237
545921
488626
488344
479615
517867
507031
503991
526635
513697
503735
481425
483301
517213
481887
527996
478240
488404
515147
493177
482497
527875
499891
525220
502276
488058
498200
506511
539742
520101
537355
529391
550666
527431
521561
493740
542198
511249
508890
480483
492117
486928
531576
485353
522267
480945
543405
529797
511854
480201
522088
481383
500340
523997
484319
545711
521762
492351
514321
493110
497589
511226
539400
478594
528576
490210
552336
543877
515309
545319
535588
547457
496327
492444
517304
505726
524216
483475
506785
527832
491806
534819
486715
507707
488009
494447
480001
520304
509007
491306
478987
488834
488791
550504
487497
545364
496242
500765
480455
537731
511400
542694
496682
497486
545420
539103
495077
493245
530761
493121
545403
545368
501798
497969
532513
492167
541044
544741
545395
542251
483522
525381
523422
517793
495096
486358
487498
539090
492350
545354
523491
482772
498440
480452
506849
545558
535379
513170
493627
535615
551132
543482
509606
496926
532629
495269
502555
518907
537272
540936
502957
512011
517715
537936
504189
486300
533603
485899
511136
514260
511276
550474
545359
500389
492155
507526
518224
499299
509451
482447
488859
493488
485511
513023
512884
498872
484189
507217
540153
518300
490755
510491
520522
546609
517101
510367
518669
486991
518853
520274
545088
503244
518282
491030
496287
488877
542640
492678
483809
492571
505156
487867
478839
496562
492843
510327
510179
517894
487408
546462
545087
526624
493669
533601
529435
525919
503520
508921
518291
511398
490741
532385
504526
543931
503147
503655
487036
499612
544182
529442
510962
491422
484864
541229
546336
535201
481110
502368
481288
518839
534770
542291
484259
498123
515785
485656
506245
498844
512032
550310
529437
536301
518938
489650
477986
521678
490175
518211
528751
549098
510366
517578
510989
504455
495016
480549
536532
502351
552175
545174
540221
495589
505524
533599
550116
486421
494376
492643
546443
533609
481387
548682
495499
503996
499034
502809
508999
493482
503551
489411
501180
499615
503396
511086
496640
511417
487399
498640
490736
495114
547210
528561
548890
494355
546528
551969
496517
533604
504469
485945
541687
482794
499728
492228
497908
485685
501731
526637
499320
542575
500573
551985
527930
505406
528573
511306
496343
543534
531510
515998
512019
495550
510089
488936
512881
503997
533548
493644
511891
541249
510966
537862
538960
507935
504353
499530
540215
510674
488918
490446
499248
541256
529588
502381
535237
547227
511958
488002
488991
478732
527345
533586
525947
495567
518215
486015
499357
516808
525917
533993
511996
486018
550316
488840
487540
550227
506241
484151
550249
541321
508681
492149
503416
511296
485224
529487
525912
518642
531509
544597
493519
481472
511395
551911
493359
506247
529476
545527
550279
500991
524015
529436
479020
490013
499600
483023
537891
501189
501610
537084
516856
483167
512000
533899
523156
520349
478130
494239
503994
535214
505739
481282
522133
545881
539434
503436
488965
494554
505740
542206
528748
484006
537721
495612
535177
509226
519354
518656
547744
511722
539127
529159
503443
547864
516636
485918
513008
501271
503437
479650
533489
503700
485600
482189
504465
495049
533430
532823
532827
552226
509225
527033
494146
534035
547000
482014
536057
550150
502504
532868
528137
528431
551810
529274
514612
479097
518432
485694
510118
487614
510171
528083
524480
501016
524705
532133
497294
524737
544248
538493
487623
481991
528426
510812
528498
550971
532365
532170
481977
482206
528190
525109
478385
480868
496877
491123
507609
487605
501157
540286
484789
502888
535760
507010
535743
541952
540302
494889
533694
536563
497394
482306
514701
513459
511027
484551
487597
532371
502867
487567
493096
482251
539439
479948
482432
540262
510106
514644
484812
532403
497167
512947
511012
497153
540261
540256
551537
539186
524807
521474
509803
525817
513183
514625
479088
544205
540250
535663
535762
509768
500974
491179
527786
501203
546072
489925
513787
484554
481988
524803
524802
517807
493960
500917
484519
493946
532841
489884
540260
494077
502877
523946
506022
479201
527680
550645
531677
513479
516116
503756
517826
550818
510116
535701
548303
508954
500945
525986
479252
514526
482958
518183
514632
482011
493927
544908
484491
513473
507611
507621
496843
508788
500426
490687
539399
494808
528479
536404
479931
540273
513789
520622
529625
528502
493936
520295
506736
521477
544608
525075
491332
518876
499888
500973
511072
482257
539178
544607
547144
547243
487618
501431
524300
531610
535764
545267
528135
494843
540248
544230
496179
499347
482174
481956
497767
479167
492572
520853
497076
479108
551818
497784
536447
536067
494866
528104
525076
532097
509769
548237
540268
484569
535758
527578
539203
529259
513417
508924
493950
521473
551816
529258
528395
514007
496882
485812
500955
507615
497057
535753
530557
535818
521617
510148
529365
547097
535731
507616
479981
542058
497163
479928
496876
513720
491338
497017
548220
494830
539196
550966
483606
535744
550564
535720
509815
484494
491383
546515
496836
535697
521469
509939
494858
484553
514624
532372
501051
535727
509759
487606
514619
550831
479934
529262
545362
509770
494952
500733
482001
484522
509767
533107
537733
487646
542128
482224
497150
491339
496867
490385
496440
497769
513667
548327
535170
528483
481948
481947
499821
482229
487609
478799
484513
493916
525081
535844
508756
488253
548218
507749
496847
532486
550916
510115
520153
484065
543964
497780
517555
513692
479106
479940
535582
493841
495846
534581
550888
482972
484558
548212
491048
479933
500934
482873
532165
517448
484760
533109
509747
540498
518863
515005
478795
528435
525015
497001
509034
513432
514702
481072
501019
507525
550626
533031
535262
529927
494793
533019
503099
544534
503686
488683
485695
543286
494804
550620
500971
548229
550647
548234
491100
517430
528209
499889
551802
517745
545842
541994
517412
550640
532350
524976
479306
529356
535750
500156
491119
546973
530053
513277
528428
487703
547327
543242
547222
533036
525809
482182
520623
496884
513470
550652
493374
537128
499688
499862
518375
512918
533022
482917
506975
518353
479349
517822
547106
546405
495615
500956
497805
514562
499887
527614
523319
497027
546936
499872
481968
535928
532135
510181
491364
539210
537050
502868
528126
535728
541535
503693
496872
493893
517574
518403
513704
484715
533028
517801
484552
511555
548239
482056
532162
517478
528508
524768
481118
530095
518373
529268
517484
499949
526352
491367
518368
511039
499868
489644
487601
508653
493941
525077
510997
528468
550723
494034
524418
547276
540243
547252
492152
532169
479101
533114
513687
506746
524822
499833
497813
532123
499815
509975
497834
521438
539349
479327
496992
491431
497830
521534
493930
527365
520281
479944
485692
481332
494099
532492
488262
531535
509795
500954
517466
513790
513430
528267
550617
518377
494105
541938
540474
507625
513719
520621
478587
484547
548302
491705
547228
497156
520876
517483
484516
506738
517928
495057
479090
500967
547274
502034
524771
517713
487608
487775
529815
494199
532442
479375
496855
535901
482949
514606
514694
544342
546922
510975
533025
507614
502881
488883
513487
520311
479087
525853
507638
517479
507643
544161
485703
550600
497038
535710
493953
500958
502884
507009
521485
550890
547671
494221
479365
535926
497059
517935
552041
524197
529265
482948
506747
532156
525805
540247
500123
478609
528458
479074
544533
518361
530328
514616
532500
489831
544277
494185
528499
493116
543068
479988
485746
533015
509806
540317
506802
514715
495041
521496
484150
494832
533044
497951
503703
507175
491094
484583
482255
513771
499873
533374
532144
503692
512936
479962
548216
500114
508959
538884
509728
532120
548305
548221
502885
482277
485719
520025
529361
510099
539197
494142
532126
496957
494104
551842
530099
503154
506721
524805
520628
481976
496829
511026
493852
484764
535178
517474
509763
523677
536446
550595
512570
547325
484824
550968
506027
548219
544264
496841
482869
529272
544719
511021
544535
493914
507052
532151
513580
484152
507660
494491
499297
548630
484761
525874
516884
550887
513759
511748
499521
532159
513465
521495
493887
479089
518845
519958
506752
491959
542618
499875
513486
510988
491215
507605
499426
484542
547093
479303
522090
517420
521525
525115
543971
513463
523702
517098
482196
538900
504686
479370
502659
529498
542364
481150
551817
507607
481275
529276
510110
513269
517480
510105
481962
481989
513553
513393
489474
532396
512291
496832
491278
541516
541694
484748
499890
481982
487600
529282
551594
550612
525010
511014
507027
482913
491120
500959
511273
506755
502291
518519
484528
518352
510075
550649
539168
493885
493952
533819
479351
493956
513428
546958
517419
528140
521491
502883
499859
480433
497079
479927
494162
509801
484544
529970
547299
551801
525079
528487
548243
506918
520592
544530
494823
503758
529347
524767
525418
513438
540259
532139
500050
546923
497772
497825
541537
533355
516621
494043
531563
548227
514615
525097
479929
494835
544211
503699
511002
546983
506745
502871
523309
510109
506744
484541
497818
507641
517691
494194
517712
482077
520625
527659
487208
514720
496446
540270
551809
491099
517435
507532
480915
546918
507629
546944
532410
499845
516978
533026
539205
519934
540276
539200
509765
524798
487754
496842
496840
543967
502891
537131
499778
539446
502616
546976
494812
484770
506962
532081
488258
549380
494197
497147
487470
484549
493955
511437
550719
506741
485750
506735
533068
533030
545102
538822
524991
513757
506726
546934
545373
520873
543792
509800
482012
539185
510158
542250
510844
548311
532447
487587
505798
509901
507038
502818
547297
499860
511271
493935
496833
510111
550615
544545
511353
551830
500122
488907
484223
496846
548241
494807
518384
484533
535741
502093
499871
531652
479053
484917
517482
485691
509948
548225
479328
516946
479103
541912
501001
531320
524882
547249
499827
484183
490949
529280
509807
527370
484536
479360
532129
491087
494679
509048
529358
551678
517817
499839
506976
493104
513736
487596
524762
497072
503698
514618
479930
482919
511005
551619
550638
547333
482249
524268
508327
479119
484540
479301
509741
521489
546947
500167
496845
528077
505951
545871
506749
482952
481949
532166
499849
479943
493591
518359
484563
483183
528473
532487
542243
500174
535745
478506
497809
550877
494198
509725
496864
482013
513812
510840
535732
514620
491093
550641
535925
521476
535902
550892
517442
550232
525105
517724
524367
484172
550565
550623
479110
480567
532415
480463
502893
548242
511507
499838
550610
506017
531232
546957
542357
515594
482238
504680
509080
552159
502892
506978
500972
533016
537127
524781
548309
535930
524951
504657
535721
513694
517432
544579
511000
502898
492696
544544
523521
496852
511907
520585
513711
520788
533027
532489
551927
492645
550964
513552
509804
513793
536069
499858
482004
479334
495563
515628
535698
528387
517685
493949
551704
497782
482003
491509
504720
504354
510097
520626
528129
517469
481918
509147
509604
484309
522008
511765
536071
522420
552053
479048
478403
498124
550210
535254
484112
514692
516970
486464
531759
501846
550090
548892
489842
551060
546060
494242
550222
523247
512908
483166
525940
485900
485963
492148
533201
485809
534013
498130
490680
502324
539325
486486
481938
496067
485958
527292
495358
479837
511967
502819
542302
490194
534760
541324
512003
527556
507693
514984
533308
514696
481421
516838
485962
493481
489493
495110
490854
520481
510033
547465
513780
548395
506395
501520
481821
526299
533687
496058
484261
548858
518767
491372
510263
488879
508195
497479
497177
522454
485014
495054
502469
519812
503056
505326
550972
551079
501527
494143
548674
488961
491472
516957
486124
485905
530341
529881
524701
552043
493238
499540
533971
527533
509789
516249
531927
504801
513843
536129
535225
549037
544239
504962
503934
542037
548657
490982
527928
488004
513359
550111
502853
518789
504424
520062
500429
532529
531755
510785
487929
498068
513256
515330
506913
532088
486141
517838
527776
489289
492842
544009
511010
491642
506953
528658
478742
478830
548557
504168
508086
539305
509157
541672
526379
479891
512996
479011
511607
531891
492386
524368
540424
521149
486214
513212
502341
549871
548783
503961
511257
536134
527336
500108
508909
506698
522716
514705
535076
530064
517811
536486
481422
493581
512618
493614
527917
537496
478826
546782
548347
487238
519400
547193
546371
510223
489322
484238
513266
487492
539302
538111
484289
483796
513930
520228
502145
528719
536105
527632
543740
487243
484714
545031
512617
487096
520545
494164
537578
513618
482496
534688
478970
541601
520923
509496
506153
495902
500270
490676
500267
512757
546093
528063
508849
493863
485369
518742
527534
551787
487549
508098
524606
551042
548410
487849
490964
513860
536008
546525
491355
506368
526453
495365
547265
549431
494072
549119
525629
506920
490917
544370
536937
527648
508492
546836
537082
517017
539083
493385
513850
479116
518345
487923
494893
505257
531786
499277
546385
525761
482166
516803
537513
547768
512942
501721
484967
550767
505256
484327
503894
481597
527891
511549
503490
520846
506626
497366
524424
479876
544573
545883
527681
502453
502163
510830
487880
524712
530013
545272
542077
546553
492811
487466
531890
496597
527123
542900
486285
535021
503146
496715
488798
488787
545136
544144
508084
494232
534733
487452
519600
487632
527586
508907
506230
516985
507078
541349
552275
502970
528470
499488
495679
509135
535885
519364
481434
486265
517236
504514
493790
541088
523141
532040
525202
531746
518440
532408
482894
550434
541316
478943
493613
511586
495439
489804
489823
510010
499696
523722
515140
540884
524490
502660
552272
525772
523189
513700
526733
513275
516988
501659
521947
518962
489854
541992
550827
513040
484298
508309
488803
503179
498387
522705
550480
509574
479718
481438
534758
525017
489425
505298
522815
538359
510439
491957
503887
523417
520373
513612
529330
497432
548159
519305
550358
552374
503981
518765
519158
503820
483397
513149
481410
533570
490664
512758
527588
508932
481644
513122
511344
532064
505238
540488
530359
502989
516390
483423
519160
529142
484420
539011
524199
507898
520899
526534
486275
481845
501817
530197
551058
481610
529445
538809
531914
516571
489793
509175
517616
519876
500242
528355
525206
480381
484138
504828
482557
540422
512873
499025
548787
500302
515260
489920
518983
542351
481858
550114
519187
515617
517858
489278
520925
481944
484413
504743
509921
478493
493771
550009
493582
481459
533727
480454
508843
500919
551781
524688
526104
484206
520231
493634
501225
528363
507566
488738
506179
499366
519281
503497
508831
535304
548864
513148
542607
481147
525630
496378
551031
487748
519877
512792
478779
493319
498392
552125
490046
486557
515619
528735
523377
550333
493753
498237
484375
517582
541644
517072
520224
509471
545335
551155
529212
527129
486903
519274
520956
552726
490047
523176
527893
503946
552218
518128
488729
519372
485681
486017
518264
547397
503465
546634
537085
516810
523078
542194
541521
549129
549312
538209
522710
552222
538785
546806
543632
510279
536978
551053
534069
527797
535605
548255
511198
496917
544810
489965
513908
503505
513878
486170
550917
489813
535506
522728
484459
506601
484270
491448
482569
509131
527570
505368
526237
513581
511259
482902
530042
547058
531651
519248
527894
524656
508595
527943
517741
484469
542267
513957
479776
480241
514857
521849
537938
527432
533313
486023
523354
492223
527377
523038
487860
533311
545586
483660
530203
542232
532656
492728
523418
540689
528579
518584
501899
516704
483029
529597
511275
552054
486087
501130
536212
542686
547764
515592
551229
515547
514837
485846
511219
511924
499117
540102
518619
540527
511884
514976
508452
529527
486468
500235
551958
547394
497885
497970
494282
494274
496159
497944
533303
541879
511991
501218
479816
521632
488425
514831
552704
525446
489442
500293
498563
494632
482394
479793
548009
487835
494375
523350
537351
501785
529598
501294
488165
543266
525210
521788
489405
501113
511950
529468
525681
540513
504434
498096
545538
508680
510353
518585
534071
525968
517891
534929
525180
483134
547715
516950
544729
485785
503920
491421
504485
489408
552660
532652
529658
515100
540543
518648
503130
492163
510243
515532
522387
482366
491771
501269
507082
540505
517954
525451
533938
480249
513976
498119
525979
544649
505509
548568
526626
551234
492074
501220
497184
493860
518308
498076
494988
508737
514783
521844
514940
479727
536185
489659
529474
507155
542280
545801
532536
480250
500569
492220
521798
528628
543188
483072
513877
545546
544869
552131
525732
547202
521847
494340
552679
492705
497967
503864
500258
549768
533946
540493
544679
500234
507892
517897
503839
528544
525261
482586
507125
544923
485897
530257
518600
552083
523415
536240
479782
542363
515596
516813
511425
503964
526070
551676
513933
518811
511390
533416
501117
503881
486019
492306
513928
503843
485592
525158
507064
492224
529673
529599
521809
494287
510324
514932
532622
536913
532531
533405
536093
488949
497280
529910
536192
537268
508458
491659
540530
510267
507062
514818
533444
529501
540537
503569
525468
521736
497905
530834
495645
529058
552057
495006
519370
552000
510238
498059
540609
521685
489421
521667
534856
545557
529518
536181
545545
489152
480200
513935
492677
498570
514991
540618
493792
525169
489418
504453
514884
523034
510885
537850
497285
486521
536171
520906
492245
529966
534068
511339
526214
480062
533412
542270
491870
522439
497289
525450
501250
492249
507382
482375
495101
537852
533279
480243
536195
522818
511914
489150
494313
544713
491776
533284
503942
525161
492248
521691
526029
510837
489398
544740
492726
540699
526133
533187
504869
544367
515037
526099
523375
536148
551066
513979
480272
492722
551252
514825
492291
515073
529473
523336
523410
539484
532647
533320
536091
507410
540700
534001
494914
517893
536967
501164
520939
532552
534885
547415
521708
511202
487856
537285
552002
501196
525900
526175
485890
500257
521817
501145
521774
532648
501174
497250
492642
492130
518759
504501
508709
509636
536964
519342
533352
510280
529046
536217
511217
540602
510341
530207
501073
482562
536222
518831
525959
511372
551051
511989
501263
497292
500213
533424
542283
511251
495102
500344
492256
540624
514902
540633
547441
507803
552680
522835
526213
529535
492172
533422
488008
501870
537868
482326
497608
533933
503919
533301
536132
518250
537300
511990
533194
495642
511143
534897
519352
518228
501799
541546
536156
532600
533962
507994
518009
495557
547028
507477
540611
510217
526065
532584
539504
544816
551010
536237
525187
533220
521680
551013
536209
498077
504442
489924
500515
533974
518278
492092
513990
497966
536085
482759
500259
501070
515013
517996
548296
517961
483865
536256
523374
540443
532596
547411
544797
533956
524849
536215
494947
545555
528618
540095
503201
528619
507833
482346
484873
547478
544390
531653
528692
542732
546656
496390
550258
525383
517008
535358
483622
515054
510463
481381
535253
512913
544497
552078
485587
544828
494790
485199
547617
507578
541183
483611
520126
509456
527953
484995
518024
479231
511783
511983
548565
483556
514923
483998
496072
537869
543516
543612
535221
552161
511948
544017
529621
517029
483427
511609
506042
547645
508975
525773
485674
478650
501150
495043
522417
497422
483554
505808
524383
527326
548746
535332
512583
536422
532003
496475
508507
511314
483601
520504
504449
531875
532989
482918
510794
511799
543823
478788
530147
550118
498816
547649
491515
548359
549020
481599
504121
533686
499329
533951
547502
510779
509033
518752
517308
515218
526575
543550
551209
486447
539117
507867
524721
536965
523427
502162
492646
504436
551099
533362
498466
492179
521866
534779
536379
529852
551737
529160
527948
482922
532073
485036
533402
501611
534123
549682
510456
487358
496450
480240
547652
514852
544402
504318
552626
532588
507905
536992
506040
550154
481270
517032
515433
509098
538773
526016
509028
521888
507900
512982
499716
535241
493079
490686
495536
493629
502379
522304
504810
539810
486138
511931
517174
529865
535245
550145
499583
499212
531758
490884
511261
520425
519206
499172
514821
535131
492688
516629
511318
498310
532724
531395
498275
538693
497440
489478
532750
545499
546216
486503
536219
528718
488473
480261
515540
551197
483613
487281
550108
516912
518076
524386
484191
498589
490546
490992
527354
527792
521936
545543
500434
532668
530277
531242
486498
549319
544488
499616
536372
548990
478781
529241
531865
499412
502546
478683
486456
510446
524270
541154
529238
522393
538754
509159
531689
506147
518088
526343
551170
508087
495238
493417
544414
486440
503518
498540
484221
536433
543384
520181
501317
536335
479623
506161
514040
519335
483956
512547
485666
525366
487397
548007
500942
535183
532661
548498
491591
545349
498215
517100
518160
508906
502490
528030
478946
531798
496397
540123
479198
487302
511852
536373
484019
513741
486488
515119
484993
479792
497430
491077
484815
533812
511557
488919
551319
524646
528661
525778
487300
537449
504026
498253
484162
525780
539646
527339
487553
515652
534036
537720
535015
484312
483483
525359
548195
494982
486457
515223
531263
537841
500261
481260
519001
492127
496419
502220
517640
501696
530327
516823
527815
481266
480129
511268
552547
514931
498442
529073
544418
500408
539528
550072
491531
531279
508608
497747
483527
519273
500841
480658
483938
496665
478378
534800
511898
552519
521942
506001
520141
487444
483603
550329
491006
513917
546774
529112
544542
513104
508651
519051
525417
507587
495279
552070
498118
531671
527907
482628
503270
480632
508440
522873
492763
520937
536320
493601
551198
516971
538414
546418
483526
478372
529232
490856
504215
541742
482264
549054
548188
524496
508010
537859
542096
527672
480313
518094
517152
504134
512729
516762
540610
519237
478597
530871
478916
547631
510429
520124
512967
544959
524348
517988
519896
541182
493851
551124
501792
525326
539669
519348
495137
506117
483529
549024
518634
541465
510330
492339
496290
534032
496741
526325
488015
511871
506142
542650
550264
492638
524742
483804
484819
511927
533628
520259
484486
552676
504385
521763
482384
489461
538698
537581
491822
543449
532074
480635
518237
526223
478595
528687
513032
492432
493480
532689
517007
549061
515248
510333
527302
492514
504276
539654
527767
508338
515347
484810
496449
526173
503323
526021
499733
540651
481276
480921
520578
525342
497992
521344
508766
482730
537497
485933
508622
520256
487506
485652
541250
548764
544793
496369
501773
508275
548080
496301
507674
518904
515554
529760
550284
479538
479579
484268
511576
516657
499689
493118
541300
485550
527581
487931
545553
526298
521145
481193
531648
517992
492655
492283
520370
535377
490880
494327
498995
485829
534292
532749
549048
503595
517044
509132
511910
495258
513989
550140
484807
524748
508302
504467
533990
516852
528721
501212
492102
501118
491620
531639
511416
496472
525466
507896
550481
525320
527619
494290
492521
487258
537821
522091
497383
529823
522376
517039
505889
552319
526623
548678
521682
479540
510965
478761
547459
509069
484193
520552
535614
548178
549052
515029
487312
494337
503333
526522
535260
540288
495405
543851
522391
495343
484914
526496
504440
509122
499452
550079
503349
497751
533926
509130
480059
508157
490901
490480
485849
481254
505948
485133
510363
545015
552523
493564
533898
491603
491969
494770
547438
541259
534975
531584
519162
531784
511930
516628
549661
525395
508409
499018
493938
513158
544774
544457
516916
522377
508168
552109
485912
509018
492687
508624
535250
487987
502344
480172
488863
529788
543583
536445
527456
499649
496788
540183
522879
548382
492099
548727
478423
518336
531794
551190
509553
484219
524663
551264
527264
488189
480645
504923
531210
497424
503904
548472
508139
515229
529732
500349
505766
478985
496445
508415
499367
532763
482318
519339
546829
481614
487914
487794
516980
517398
527711
496352
493449
495558
501514
481293
528575
497648
482805
510346
505733
496571
547611
548566
535652
537276
527730
518740
529449
503695
550044
508382
540841
533968
521983
513937
481449
493642
493098
496205
479805
505969
508497
515637
539656
552567
543499
552018
502472
545310
510469
495394
549088
495592
498041
539678
514847
537296
534788
515198
487908
487989
538424
520232
528722
511207
546574
524467
530139
491753
517340
533634
530235
492461
517015
507575
495034
535551
538864
484515
501999
495695
506152
541756
490611
486496
483335
535348
551089
519034
480673
493573
507865
552609
505655
537275
542378
479569
493518
478733
527638
552707
483813
529229
546901
506775
499227
537252
478669
486212
517127
514058
515255
544518
505801
479479
493593
501809
519357
523976
481600
532818
511760
490910
517654
513300
491783
502436
536126
514950
500582
546767
495617
539614
511564
478386
513094
534296
552035
502549
501154
486491
478150
534971
551784
551063
501504
508317
506984
525708
535072
551152
536081
527544
483816
528831
524472
527537
505898
517012
551765
516539
506199
526318
480473
521379
538403
520495
524469
481269
490784
496781
533544
494772
483219
484366
527653
552365
484141
524462
496628
521054
504473
509087
533235
504921
532997
544513
488657
508951
483510
525020
545390
552209
515440
495183
526123
516641
536438
493462
540307
483971
495935
501481
498564
511822
521819
518593
539073
514906
552206
542327
532021
485915
508775
480418
516619
509128
478804
485422
536243
498460
514592
480177
487484
483837
479862
502632
534777
507840
497291
496935
511845
524672
526307
511979
535607
498586
503280
504183
485964
509716
512608
531632
511639
533344
509124
480633
478762
501081
518015
506590
535382
480558
494045
504926
500285
508322
484032
480328
518347
539121
548660
538798
490729
513125
488062
514228
546819
484409
483824
524332
536399
482550
543060
514893
516977
548034
551274
538934
526300
527507
507812
491602
544491
487239
491951
521337
518095
502229
549005
538404
531595
514476
492180
530292
524125
536426
522001
502440
548986
487958
532028
488377
485167
502193
505124
487935
478993
484501
510319
549938
501222
552699
490785
529899
552293
481051
497398
531591
496582
498121
509150
508996
491565
484817
533040
509123
480571
533994
543895
538815
544776
546440
517636
491965
487332
502026
538516
502325
490550
514027
528713
520405
478569
496585
511225
495112
532767
514425
543010
539631
508585
535249
508161
480478
502481
518053
499339
538524
512590
520250
533445
551374
487933
496576
490986
494406
518578
479467
491721
519586
484176
480341
548837
511577
537521
510483
483339
499439
527664
482883
506571
504146
499545
524843
531266
531674
494906
518687
535269
484890
537248
527812
533089
532674
497322
492199
550302
481586
545024
546024
480687
533992
480517
516620
534124
543832
502547
508336
549041
486459
508378
544479
483153
480629
525302
531609
477993
506073
518201
496476
516990
502350
504427
481431
543734
531805
496470
529541
548739
547634
531616
481279
487310
491544
515363
527819
487888
529513
484265
513105
500772
481100
493514
521025
490015
541307
529547
526666
500482
482871
517166
548785
536430
545437
525279
512983
503392
530083
525927
540141
503840
501620
487940
525428
486320
504316
481380
514006
485913
506019
528717
515190
481212
552584
487225
481190
511903
506223
492480
496398
498053
519903
487395
482463
513394
486403
546425
492270
526585
510451
551996
520513
503830
496041
537270
483071
531237
480504
508169
521452
519926
502283
526057
537972
503922
510407
504030
538520
486098
518979
526625
504069
516968
488203
480666
486188
496713
486061
491860
548286
514766
484292
517500
501026
482942
491223
484996
510045
512734
531383
511037
533067
496960
534985
506771
539105
481430
544462
513453
525360
544950
537204
535518
491394
497340
484020
482517
551838
534895
536059
482278
492033
492348
550335
487411
491194
481007
500027
509792
500291
529930
482748
507590
500002
486844
484739
526328
491236
543535
528342
528008
502963
494116
516691
494074
529190
524377
490723
491252
520614
524776
543175
491134
495301
510059
479206
540504
529348
536349
524510
529309
493793
479240
532227
532441
508787
518169
521714
534347
503742
543621
520778
482046
522112
479259
484286
494676
520006
539441
481776
508133
482927
536694
502861
525840
518446
506821
546132
517776
530263
507649
484239
514873
479132
487659
507774
518434
547070
539335
526372
484266
483317
532413
524978
550642
484910
513088
491560
479447
484847
543818
535940
510418
545056
491379
520922
528287
548258
550847
501364
535981
517865
517698
539460
485708
498316
517763
497980
526140
531478
492377
532167
517451
540324
490236
527000
520749
550782
482321
520207
535308
490287
539419
527406
535987
521625
491157
533669
487752
533659
547250
513123
515466
506039
539445
500275
484699
518316
479257
551851
540828
493567
483211
511634
551636
530191
485631
528317
478471
506980
533090
519421
518514
510052
518710
543663
532667
551885
517707
486217
498104
485793
532697
534728
507001
478457
526022
546902
529316
513705
497143
544059
537545
521870
500952
497634
499343
499742
508708
491311
545768
483152
519050
537863
489488
494869
496578
520422
514662
521108
508025
521531
495071
491976
517539
531840
552515
547305
508283
535552
532864
478675
520017
506774
517370
478759
518812
527843
525050
482293
478838
528304
489450
527471
482002
479042
534937
508207
513138
517169
516703
518230
536098
488925
486333
513808
516673
525837
510023
509686
479127
522830
514047
539157
509779
514015
484415
528678
494216
551710
499724
535992
531723
491594
493140
484003
546577
546160
508149
522363
516920
484363
528362
532356
509959
513476
538127
517550
514973
517558
484679
518216
509884
496149
497689
491886
530192
520695
532054
546984
485031
495035
520836
513807
529712
528449
532401
536046
517116
506708
486036
528302
532192
519049
518691
539436
479333
551669
487680
507699
548038
496560
492428
526159
533891
515279
544451
496606
498309
511583
502603
539251
479177
548284
479256
546966
533270
481188
528241
500993
479216
513783
510002
485582
528672
547460
521538
492015
542109
491097
490735
499931
536052
508823
539626
529492
548828
498553
539019
493985
515126
500120
480306
528035
487685
488910
547293
520446
505790
506251
538536
478725
478412
521518
545038
527542
546165
496147
552420
527427
538466
523120
543128
550497
528414
509913
500009
531734
506188
525024
517680
495260
537484
482897
494230
545803
490271
529458
493697
552262
520647
534113
531999
514049
516898
492436
529585
532253
527762
487648
509981
497011
517537
504112
507950
494068
503599
529308
484949
483345
497113
517870
521734
547145
507670
509898
550381
505830
521545
531913
524504
491036
500404
510430
539634
536177
513482
500040
535699
496128
526337
493921
510952
501186
507738
502094
536064
509142
546600
540730
549865
487418
509993
511163
514464
517755
491270
547185
505736
539369
496170
484974
506794
507909
532132
519205
496145
525661
492176
483334
550908
507424
497041
511542
513143
482944
512745
550635
487708
547585
543785
537552
492886
487662
487577
551834
517343
528014
498545
544559
521523
480295
540314
537370
512687
550630
546234
481609
524893
532427
548266
513998
520536
502986
535945
536169
544054
490907
548297
494244
525491
516735
484696
479250
544036
537487
518425
509927
489991
528217
513449
506189
480968
538949
491083
550567
518213
494795
536049
529292
546545
487728
503766
532844
485742
547583
481323
517622
546183
510672
525116
513413
546953
545164
497341
484766
522318
528332
548072
520589
484671
548087
511805
546209
520753
509067
508771
525845
500864
485730
497374
520765
505806
550736
544564
484607
507659
525111
528506
479142
529336
542460
521532
532514
528297
481373
487446
492457
528952
520752
550962
514531
543781
536025
543093
488671
507427
517662
537030
485687
506798
527723
524069
527748
520061
517886
506714
513880
550843
514121
551803
546804
552076
517661
494069
520859
489781
535950
534832
493988
487702
510197
523294
538492
502960
492113
509893
548879
520854
550655
514255
487578
539180
520671
544590
535709
506824
512993
481550
492282
552480
506907
521519
538479
540837
502974
531333
548377
485567
500004
524967
545112
494100
484632
491218
533155
543867
497042
548495
494755
527839
532423
508731
481319
538948
485927
522117
537151
479179
486267
526672
540447
512689
505796
539370
493968
491221
491575
491014
540303
509236
525875
528288
546937
534922
539285
530259
525905
544581
550727
525323
496811
502427
535770
525896
480317
544765
478915
548951
484669
508685
485889
492138
499119
546986
496819
500799
547328
510007
539331
533094
513296
544918
539387
513997
509793
520775
481559
529303
511547
539593
552330
491999
490261
498043
521539
478831
480411
513416
520613
487945
501314
483098
524987
508011
544157
485720
547006
513947
548268
535683
544570
503300
525045
549735
543996
550790
543187
529134
479245
539837
533102
531785
536050
510890
481999
481354
546585
518217
496931
528169
513661
492079
525034
512703
483974
536048
494181
478504
502976
516650
481355
524755
520934
539299
520962
519570
507236
525707
486298
499947
539013
527999
502115
551872
482140
546126
491271
535362
537362
532185
528201
526755
490846
512287
514947
548259
545080
513450
536015
515698
540567
493973
479068
492649
530086
514490
508964
484673
491206
496612
485580
492453
552317
511042
484822
493184
524466
543732
483381
520012
518734
535326
528493
484675
496813
543115
500031
539381
479164
538139
482371
522239
543825
550185
546990
548789
544585
479148
491337
479165
499627
485794
524506
480376
509733
503189
518411
520747
544126
544556
525053
548328
522362
532854
523251
533078
539062
546942
537515
510149
534851
510061
520610
515362
506857
507056
550624
520712
520479
549337
527821
484210
499561
513060
507933
509735
500469
539276
484610
504343
504017
547155
546868
535978
551711
520777
543092
532276
532188
489451
479203
503748
479380
535708
524963
509440
491174
485218
485192
508100
479129
539318
521554
507730
552469
488633
520858
497381
552352
509872
548807
497914
526358
531586
486799
482171
490923
491588
544650
495300
491220
493552
504081
482945
540311
513477
532328
528668
513318
494083
517590
531342
492078
533801
503587
491801
545806
550880
517319
528243
523674
549812
529882
533158
493972
525568
490596
532916
525830
517146
549796
498269
496573
479239
535716
482070
548475
535286
544941
543129
551096
499121
535071
550614
482501
532332
547604
521480
519997
503268
504129
530975
524700
528856
484992
498236
503009
515393
514788
500451
477963
502873
521522
550943
497005
513639
539537
523815
486268
542057
524896
522296
486192
544265
494345
498014
479448
546135
517656
518174
494136
481062
498049
526327
506902
502495
548027
507617
506822
491160
529324
487743
524876
525066
499953
539067
519130
479136
509977
498010
499188
511434
484230
509141
494317
523114
513656
519447
550884
521510
479483
496167
544536
539087
546825
511043
493253
539329
521184
507167
525839
539161
527725
548011
511766
517214
497937
514543
493550
514253
539279
501487
505737
490924
528950
493102
487694
549707
479199
491148
523271
481939
499747
527845
513681
490887
509838
513708
547598
497146
514633
488730
499698
502111
493971
518179
493891
518293
501740
533653
517606
487429
535447
506897
551840
492087
543827
517144
503304
529101
519019
509116
481002
491354
520760
547158
524873
505758
517670
506454
496667
524983
508099
499133
501382
501197
488635
502186
513444
532448
544792
550229
550833
479196
497096
549823
492364
520784
547318
527303
493970
486890
485957
502074
493905
532694
527651
524909
510665
502990
486130
528292
495711
492361
482743
513511
479241
524852
516071
508351
517742
484926
525851
530402
532359
548816
507102
517829
495046
494697
494012
485800
498523
550342
513778
528196
532414
538527
481795
504093
511728
552144
478971
516716
492031
510015
546967
497010
488654
486843
491617
519304
525841
488776
539271
500918
482137
511035
478473
490198
506779
479293
492064
535910
528390
513670
544092
547147
488614
520399
501097
536041
493638
535007
491158
527311
519306
491012
530665
547231
529933
487966
524328
502429
520689
507136
491078
484207
514444
514504
506819
517456
499844
509985
543630
487519
551596
549181
512964
529895
489452
482006
537007
479207
528266
547173
547762
545161
517668
500453
544796
513658
540309
509994
495038
518704
538887
529299
482817
478090
487656
525022
484431
543421
524787
477962
518267
495808
524916
525570
522099
512795
493659
482940
537611
508319
503011
491154
540313
481365
533084
511222
493166
520063
523117
535859
550646
532364
528371
496592
524093
550750
485711
537943
503225
484435
526346
479219
528023
499587
539001
488670
533829
481584
508433
547196
549807
517117
543629
513512
539159
533459
520379
532520
526261
497733
528234
494065
513775
529339
509581
502204
550808
494195
492449
488679
503008
504115
516714
503745
496314
520924
514052
497709
494325
532370
481015
518270
524877
491275
506853
535969
518283
543993
528177
544107
520609
547084
482460
499179
482486
538979
524753
532701
513820
544593
488823
496552
509784
491181
538057
528107
533162
478875
535714
479186
525078
520867
531645
547157
532194
520645
502447
538483
513215
485802
547099
513124
497679
493255
504414
525344
484618
547262
538858
486801
513671
540357
520700
514764
538986
502451
540426
520016
545034
539378
537498
497026
509243
491308
549786
550959
537174
507166
500798
535815
548012
519988
499744
521663
540246
496922
529922
536696
514877
539726
532231
522109
524103
478842
540565
506807
544228
497621
537379
497091
548369
507743
494640
544083
514645
550336
499264
481020
512746
499929
545202
504018
479973
496547
509896
517850
483362
525087
501193
552233
512535
506960
543155
479188
544636
480353
535974
520793
524869
500143
484619
494799
551792
535994
524437
535299
486176
525090
519615
503069
550341
502939
532298
505769
514573
518045
507197
481436
500420
550149
524652
517841
503710
547057
492008
536051
492044
481061
490308
511078
550625
485727
526268
515937
484667
536062
497032
510799
537144
527021
520842
483099
520764
487690
547885
514428
547292
545216
486793
533590
517532
490897
517716
494352
502949
537009
518720
491242
517216
544155
481103
544467
518836
520612
484602
481995
550288
539328
487683
530896
540623
484502
482201
501459
492766
524478
494096
496975
509889
496818
484225
545072
482899
546182
528185
500049
532232
540306
508780
526777
500926
497375
525655
540329
506201
527724
517157
479171
537146
496661
532190
546638
498438
517548
551843
483937
519038
504950
520369
507719
517395
492372
543729
491131
485358
499942
516706
493797
513515
524879
539639
524503
482231
520403
483899
500785
495322
535047
513309
506923
535706
481077
491625
552048
494151
538436
513480
496920
542114
526475
528273
534986
508400
487895
524690
530403
479443
551672
486765
520599
504411
519084
539344
485597
521794
544942
528268
545413
483881
506438
517830
510005
484720
524912
533401
513999
517246
490881
491793
502116
492221
506143
494165
547140
481143
526319
520646
503034
537472
499574
506116
526559
513400
516675
507465
513678
524071
496986
507108
515295
498822
524919
526341
528306
481489
551869
505734
536004
544165
507790
524931
511054
545162
488909
544073
536331
535301
535768
518664
544119
540331
500951
548029
551768
499927
533043
527820
488606
489485
511509
493576
510431
491136
505858
521031
496999
479989
493198
504330
509868
479264
502456
499553
509240
537257
532822
478785
486846
509419
547190
546171
525572
543856
498381
492903
527532
495424
543598
540274
507198
517037
504179
495348
520668
525855
488715
527530
501605
550709
497106
551645
491382
491610
520001
517657
542768
508789
540333
549743
532851
513730
482007
532267
528015
489777
507116
482459
531382
520575
539248
518418
543539
513774
544052
506546
528637
535823
507417
517744
504180
509878
528300
514572
491117
487941
503603
484848
487011
484685
551867
529132
542207
517827
497257
547290
508375
495327
543142
546988
537824
521346
478424
518057
548402
495854
491317
478415
531419
493202
544661
482806
487682
484359
539727
540315
540120
527028
524795
497390
521021
532346
541185
489441
547894
535017
500008
478760
519524
539234
498322
506773
550815
517869
520653
490443
518481
492533
501628
548066
547198
544069
536986
528006
550796
483463
509579
502704
500953
506888
511084
497089
499511
478414
504130
536382
514691
545295
496219
533160
509870
513102
507206
524906
543130
514708
487711
506917
513481
552333
496568
491025
488198
529341
502997
524662
507887
506905
507819
500090
503000
505785
535361
544290
484653
497062
501519
544057
483011
478833
539260
519012
537147
511248
491587
529608
521972
546191
502961
499578
499939
485799
513206
491176
538731
520868
507097
516262
499581
515035
539110
549785
513297
509204
502240
495211
549827
547338
520637
521423
548213
513070
550631
487422
517080
493565
493969
539295
507480
494027
550955
551126
497022
526485
540947
507727
503760
518430
484676
480996
524979
519006
544042
482092
488402
497623
502874
479150
520002
491551
524917
535778
499484
520870
487445
512790
518743
508231
511622
512707
508024
509788
548135
511229
536852
547346
491821
485562
520757
534853
506866
544773
488817
547074
484611
520378
499158
543160
499812
528943
494304
546649
482781
543990
500232
539603
499127
517743
495192
541743
496127
482858
548278
516157
532519
524309
514568
509871
498181
529709
532411
528319
505732
535803
528303
552536
490300
492402
485583
505681
496382
537371
496835
518834
484594
513071
488161
511221
494019
497414
544246
486973
543891
524935
551954
519310
540319
517987
550722
518420
484013
524915
493248
496141
516644
537149
506922
501300
506100
507759
521177
540110
506173
480519
508826
506843
515475
542346
517334
534348
484601
533790
482227
509794
527798
525048
484646
540823
507597
493707
480621
543567
518478
491279
529161
497612
538486
552221
496934
532211
527535
537861
522075
541062
517708
479107
502329
549975
486714
537028
516589
484633
550502
548264
521722
544808
518408
