567124
561897
553438
583321
568303
555636
614740
576676
591008
618999
598164
570660
577271
623867
605512
581418
588290
561347
568383
606210
585189
584987
607529
589141
603723
587268
611737
554247
590795
556622
611099
578068
588700
600704
615639
568558
572099
596474
615714
576711
602373
611053
577696
561953
603134
589219
571950
591633
619267
583332
593834
570025
581554
586028
608468
589434
606857
594134
611503
627966
603874
615725
614704
592309
601068
588425
597378
614784
571698
568447
607088
612046
562021
618723
599666
589049
611473
603622
571404
597994
599772
621120
596629
589145
589078
609825
583406
555826
627980
571223
584163
561523
625680
562726
581603
603762
592100
608277
562617
583269
606722
606601
590819
559419
615059
588420
585902
598780
624811
592124
577162
592412
561838
606964
622156
590999
583453
614624
575055
579997
579926
574966
599769
622731
584198
593798
593312
581531
591871
618580
596126
565056
611555
607406
598685
568525
598714
554123
583871
608852
611622
587221
624092
585203
564357
579333
567697
588325
614703
586001
564292
604389
568472
604329
592433
607545
568368
584984
606896
554260
584184
591625
561696
625498
577282
554206
587242
621986
610817
568630
561879
615283
580057
588354
583484
588519
562200
601566
559714
576518
611270
615839
607102
618559
579971
559269
595929
615694
586971
582782
580461
593889
567041
609856
622001
594159
570215
587824
591575
602907
611327
561887
574968
590828
560377
599977
579976
609135
615085
592134
560579
600001
606753
587286
611144
592694
587163
600191
615425
596104
611850
552853
591872
618621
603342
593801
606865
589206
607436
614746
553093
561652
585177
606106
581590
583449
609896
561096
590097
622031
611535
591006
615032
611764
573284
587332
599587
587700
596412
589057
589445
596826
588293
581177
558858
564867
615175
596463
556627
589091
611369
583879
554029
608511
596568
583326
603786
559999
557655
573362
611121
606839
574969
576745
583466
591980
618806
561088
589046
589176
611864
583432
552845
585276
555770
564950
615003
566027
603431
595857
583091
608522
599927
623847
571005
569346
579931
581093
592479
611611
618515
589138
572752
624081
554015
581448
611334
592073
556673
579966
616662
600154
604311
582920
554699
600062
614868
585811
618557
611026
590942
577815
615210
611266
578770
584745
602609
588284
555623
622022
624526
588615
611362
610774
588432
596496
597041
622495
611777
614744
592127
588004
594103
623477
590901
552925
616774
589053
618201
607053
580583
555696
624327
620912
606637
585395
575131
564873
609823
620820
605296
578170
560544
580554
615260
583266
580036
599803
600601
561682
552826
624072
573457
610671
609816
561725
559277
592149
552794
622247
615113
589070
590043
615465
592085
590909
622085
594116
585407
600971
581444
585546
585104
576755
570396
580017
610916
599755
619097
567058
592833
572600
603474
583154
628109
583291
619908
620832
584313
590931
628599
588234
581320
608308
564945
592451
606185
578251
583309
627992
574508
619231
593311
572786
590886
594100
582917
581749
607317
619110
611451
612098
581340
615066
610594
552966
611288
572450
599622
589853
588739
610784
611557
593689
606988
554216
625472
625064
611275
555629
588260
589161
580457
599583
610559
612750
567046
618783
610617
589036
614891
606691
578983
622000
591544
606760
575121
584966
591841
584051
562719
590049
580046
598669
615096
560260
560028
586035
564852
623114
572737
580038
588679
600023
573215
592131
583441
627880
600231
552778
627977
552928
628074
625022
596875
577323
603376
594118
593544
599788
585601
555642
604424
593791
595425
624871
614826
554444
593287
581366
602622
611483
596195
560584
603481
581609
615781
560227
560595
585176
592395
611893
610625
590841
590881
615137
619469
559287
623483
607055
577710
570209
614727
578289
615841
624668
596223
569409
552811
622591
584617
552902
588217
624987
589071
626000
572640
617505
614554
561806
622633
594138
599670
594254
582981
564320
583478
606463
606920
587287
584334
580718
581582
579941
587181
587200
604341
561957
603686
583397
618569
608242
588392
611205
558803
585392
568369
619129
560659
606072
582129
599795
568952
611165
612965
590837
588374
589401
599023
619090
607225
586890
567083
622002
596452
612956
560690
592138
622494
571035
596364
584127
580733
596436
556951
590800
611862
591339
603621
576783
593435
611498
574952
594078
625138
570985
561758
565076
572741
613861
565440
600139
598772
610963
587704
561754
602571
554262
555719
576750
621571
611103
614287
596150
565291
565051
615238
622116
564229
588262
580063
605363
568580
591933
592338
559198
571416
606833
572808
610972
581987
564913
572775
624584
585545
622585
588792
581445
593296
591853
611056
615305
606103
560573
623301
554182
561654
575146
566043
564674
587207
622665
562019
621123
618392
570169
628123
591866
579383
601342
611244
607172
584829
568415
556670
599607
611194
618818
572812
615009
599913
589742
604667
559259
566752
559663
564068
615397
580029
606201
620685
602589
615438
598808
555926
622009
618620
585922
556576
590960
585171
598174
572813
588170
619163
606939
592296
604419
622160
557602
585587
589120
565011
622772
554291
602856
596389
565069
579430
626275
581429
565984
572026
622061
587504
588174
606594
588369
565040
561559
618504
598090
587675
583149
606465
607358
619087
608243
597019
552838
621798
624028
561668
587762
611310
555637
585180
600211
553184
574521
567108
561856
578164
581222
581029
611254
585562
603717
574729
590363
556338
578268
613821
604885
565819
583946
575027
561489
599024
577399
596420
606776
571084
612085
618655
607290
588772
554234
603913
580758
623936
564848
568964
556598
564481
602592
552975
604607
573941
581095
592093
590791
606741
622065
606148
570048
588482
572757
591002
568401
583458
614905
627318
575164
559832
583372
555251
611687
611804
599961
588247
585262
604081
593303
590953
611178
573839
615236
594418
560545
556601
581500
565286
571998
593557
622045
606996
614861
596917
583483
571651
554065
570213
556610
591981
590848
584696
554089
574364
597274
567494
583439
583471
581460
625032
594092
588828
568427
606081
592096
610255
594099
575128
588326
604236
555726
568305
584538
610796
587278
603352
611040
572153
600019
588585
567107
584940
599975
589170
611398
596432
565022
618312
553061
614882
578220
584601
572160
595070
615308
603735
585780
565021
610905
596882
560668
619655
596470
580595
560631
563089
567746
603651
553881
607081
588347
614782
595445
600169
625494
606701
567284
577253
625008
593763
613563
596911
604482
599745
605569
583376
561764
603375
596831
584833
593811
559062
577688
611128
611315
560434
604408
561631
592505
593862
585267
556654
610397
607797
582872
561936
586677
589026
596846
584693
600188
555433
571996
622041
600040
606165
581234
571448
592327
595926
570147
615727
599645
598500
606167
590814
568619
622652
590081
554228
591888
606900
615229
575643
574509
561712
553090
607533
570201
579968
566281
625558
570199
558741
592001
554127
560415
595421
590983
603882
622096
588404
599546
564599
619263
603511
587782
590905
606156
582366
611070
615807
592112
592150
556883
596644
583433
571635
578302
607874
588261
610995
622044
584824
585775
607511
591010
618502
621515
559063
578308
607705
564608
601977
593751
587149
561710
588732
588530
568349
611343
606750
606745
568246
566476
571032
596136
604074
570967
595990
619103
561715
614461
609171
571942
576373
560340
568476
618734
572167
585218
584721
589228
603659
611425
563632
553037
624742
627378
555489
614800
598809
554196
583404
611232
564619
594131
553035
606889
561932
619133
614970
625013
581364
618651
575452
552882
625919
600055
615214
611256
600907
580379
607154
611318
555810
599912
599756
575034
560930
578409
583838
555656
602805
603550
567102
607157
623525
615218
604213
628031
615290
574516
600800
625969
565111
585578
573833
581414
561955
611609
614966
596652
560679
619191
606798
596157
592182
575171
599885
600395
578300
579945
608317
554205
610637
618735
582243
619588
618676
600938
589047
628172
568395
621173
606700
597265
590887
618805
562876
554170
597260
595259
625035
628216
622532
568344
587258
570486
589127
616686
587280
596922
592059
588341
617502
565068
592361
565013
607158
618566
618439
556675
581026
628114
580931
608236
598616
564981
552883
622765
556427
570353
607434
560445
627960
628063
573696
566500
577678
562004
613587
606186
580165
584041
592384
560395
610691
566167
603738
560670
624315
568554
560092
584968
611086
586892
552918
615351
603605
601437
621144
561495
590897
584803
561638
562024
585136
577707
610364
599578
614865
624238
608219
579424
615012
611582
560615
585299
555853
560111
628121
610349
552947
619162
571055
590366
592355
592160
619261
574507
627677
567063
585386
611688
621479
584684
606147
618189
589077
576294
568422
554058
579441
621926
567731
564949
592164
552849
606152
618985
615151
581570
596114
611456
592081
555613
603737
588278
619115
628157
626276
606853
601276
587281
585411
622229
565959
596221
556666
570724
603841
578160
554087
596366
558921
586298
593719
627513
565635
583364
580658
565485
628057
607447
610672
596839
599744
585420
604190
624995
627974
600836
623188
568765
598237
607101
624730
578434
604647
589283
606650
627532
618361
601188
563965
599628
604468
615046
604348
606812
600061
628357
565199
599802
578131
585996
600862
585195
618525
552870
596575
583464
590896
588271
617304
588552
587238
627751
585343
570274
582912
603314
615180
599222
588940
583428
578447
590207
596945
592002
583472
611015
561621
595767
581470
596563
623798
595707
582991
586395
552868
622137
582100
599306
617868
583412
567604
600674
604246
582494
568282
552991
590882
612097
578239
590868
561435
599758
577682
621102
564219
606661
608821
558666
615291
606207
597857
583440
601664
580761
615143
560303
577725
614852
592317
618808
625442
628691
621982
599747
589008
583875
577618
610687
596210
574994
584695
611203
578047
588633
585207
600097
555804
555708
590310
553096
596606
565822
618286
560666
583184
565219
600162
587265
627945
581484
593703
611667
561817
575051
603433
611849
592409
590792
625580
570059
615061
559431
615222
624985
578171
590947
607370
556433
614901
585405
557221
599928
596511
578259
615849
603834
620587
594076
578817
560366
561566
581592
562873
628134
614720
624988
588337
615261
557912
583425
572155
619836
568379
603938
577729
568562
592111
622093
583221
622433
572066
615554
573835
571893
596453
597914
602113
567048
624669
611260
592961
568468
554060
554181
560371
561662
620103
599793
616172
608231
624115
596915
619123
584989
603349
581790
614726
603128
584826
593754
568536
592014
562644
576684
607320
616012
603739
614897
611855
584570
574503
588544
561973
602570
580612
565227
596812
598792
607764
552812
570225
611148
572104
561738
578113
590816
581486
598719
621118
573758
618722
623329
610720
552832
583745
579933
579923
560594
563888
561061
553030
618165
590982
572181
606517
622010
567076
606962
574523
625004
572079
607195
592050
608694
604082
576419
607495
607212
564795
584256
628093
615063
572782
589085
603597
583408
607473
574984
624221
594110
614944
562424
552837
553884
569367
590632
615239
565188
607478
592399
624215
577300
611892
610730
583330
567730
615079
611253
624045
602303
582963
556412
628033
585142
604097
584199
614702
627806
595360
607209
628035
624456
586682
599597
606655
614637
599658
602566
554215
608702
568464
565831
607226
615120
570219
580022
560183
610660
602562
568408
606736
571414
616178
622058
561629
593816
599881
565209
604477
610711
555488
611517
552803
596805
611594
590902
599847
591282
588460
588352
584804
591931
560272
611797
599914
628808
596502
601057
611415
561944
554185
617488
588577
614900
626041
589274
568576
625562
618391
593836
610925
582134
590364
606552
563634
614947
627265
588281
594332
577838
596960
627368
619577
602480
576933
610609
592459
554098
589205
584687
624020
584639
596539
596518
584395
578109
561892
556531
554201
605720
557530
584683
602258
587248
603590
623487
603476
561814
626279
596501
572027
554017
584608
581471
596835
559074
613463
619885
607188
583418
578398
600086
562511
603953
599884
561976
587246
618693
560941
618541
570559
564048
560626
606133
613403
586372
562189
559718
554187
596852
578613
590975
572076
611672
608210
607994
607221
584288
605232
562595
572785
581566
598638
581420
607109
614890
561416
555680
565098
584033
574366
554162
557750
581367
620702
584747
621008
599581
609812
607132
600598
628062
574517
563059
568582
575112
552824
603623
554259
572156
622099
596378
553712
571906
606794
593690
611469
565121
614892
597130
587299
610930
567105
611906
578631
591280
608006
624117
610692
615307
557497
581373
624090
621639
592090
596152
564614
627384
600687
592416
592555
603927
594151
588693
605359
575523
611258
604351
575096
567017
587243
554270
571824
574975
600404
615146
624610
564270
571992
570886
618377
606599
600531
618460
588719
587104
556604
563483
583853
579431
615853
595761
611509
566182
622526
585111
581607
588505
611655
614888
563296
621493
556594
567616
581555
618498
603652
625417
556651
610612
586104
596909
578144
569983
603332
606816
617419
623564
555751
565097
602581
581263
576794
581591
554105
588330
620990
604436
601449
599302
600008
599424
600077
618711
604686
577013
590030
561870
561765
611171
587004
607530
575077
607141
587721
611272
604449
597803
567971
626256
588655
578204
570223
621993
624627
552829
568560
621109
559104
560209
617188
592031
596587
581630
555811
560623
619630
622005
567975
577703
576984
584157
607010
621971
581511
603519
610739
557100
553095
588298
615091
615001
557907
613863
586898
588285
552933
557161
625435
607310
612059
608209
614824
568457
567022
580924
611282
610596
603449
592437
628004
606994
570054
606763
570673
555503
583318
567406
603749
609661
579517
585372
599692
583967
590825
594701
611295
603327
564479
559283
553024
554124
578099
618688
558071
580955
618610
603407
588446
606580
560214
589090
572793
578863
560575
560744
628726
619184
581748
607521
624673
598760
621007
568439
593809
557015
624968
553057
603156
589171
618747
569598
583514
557745
596254
606751
581269
577925
607116
611765
588609
589163
592082
593902
619092
584572
596169
569947
562193
571956
559290
624047
565271
557908
607254
614766
586202
606079
581482
611328
604125
588620
561681
611870
571265
566522
615080
604470
603800
610685
570221
589082
594795
625488
560024
590996
585914
614858
580259
554054
567024
552774
597245
579798
561848
606206
618395
594521
622963
603413
589069
565499
588422
591667
611081
578218
589009
592442
599925
590965
622582
561438
561998
613456
554027
557677
611815
619130
585251
625943
568774
588520
579340
600584
583268
554078
580037
554594
577427
600003
601929
566229
625217
607145
618049
589030
572142
596271
607505
552804
590991
590885
596851
592485
584458
562961
611734
598775
591012
590973
588639
554928
564187
560280
571062
591946
556371
556473
564809
560492
603468
618743
572126
557519
582803
587249
554248
590967
611092
598223
587159
611115
562015
573587
615039
609829
596451
606285
603183
622769
590912
576100
552926
615851
575152
621126
554171
560951
584809
602511
592676
581276
614835
582760
604124
592364
607289
606696
554828
580007
588800
570655
577879
560334
603395
604339
609818
580014
593746
570498
601243
625201
570490
617412
571655
581023
588569
571694
561757
587244
601063
593733
589024
552891
579965
615705
584082
591953
606492
585244
594130
596448
584030
554057
604383
584623
622701
627969
607520
595920
555622
578855
554561
593950
584079
567038
568000
561809
592514
614621
598767
587285
599448
622617
555676
580468
588462
564227
605943
579818
570771
602588
603642
604418
588514
596833
614954
584620
562040
594104
595313
578214
605550
604057
593123
617939
616315
560984
597254
585769
620802
588642
554138
560603
619139
594840
612282
566743
562905
561707
614809
603761
592275
589444
611113
583481
624050
555643
615415
564621
554082
589022
575049
588755
608011
587216
561545
595386
607258
577755
577939
628737
589443
624043
575526
567625
563533
619185
588447
594325
566029
612825
615445
606116
600942
587260
596109
553081
600203
621137
553234
573801
566204
611691
596523
567036
588587
624927
588200
601244
552907
585144
555565
583399
582721
604386
607061
585212
556597
618970
592038
582823
625348
561678
578080
556671
592055
610847
575100
621987
614272
624670
573677
621622
568495
572163
599463
605642
603600
560324
625020
581501
563266
611600
618528
628045
566985
606008
607027
607922
565303
572124
608189
565096
624616
585998
585385
624393
583456
592663
555654
585282
599843
590491
559281
606777
564055
580050
599676
587146
613319
622602
560382
584571
587275
576461
624951
585245
559781
596437
594161
622153
580006
567013
628078
589099
603939
580720
569314
611627
622064
618709
601005
587205
584660
576700
579881
566606
601233
581408
567009
567109
607286
622144
580027
562598
618371
554255
583340
578211
570028
611371
607048
607513
565275
566026
564603
570207
583801
614841
618544
611595
572436
618686
604442
618164
570442
607342
561808
588553
592261
611444
560215
588529
621127
610728
568342
607094
581024
580879
583402
585225
575053
570853
552860
599733
621874
575011
615251
603682
583368
596512
575907
627787
606902
581412
607216
553051
581491
580974
616610
619173
586406
578217
563134
606183
628290
552830
575133
561558
611280
585201
611348
570240
592315
584636
607298
618211
569719
575136
614911
615422
596290
602551
569610
603724
582124
572100
568586
589209
607421
614158
607469
623697
565017
575057
556583
625476
565173
578718
599089
561881
570903
615011
602601
567396
599038
556650
559071
592495
627986
573620
611782
590952
610656
605344
579784
561704
628016
553987
605294
554550
567711
555712
570905
607465
560620
621665
615070
596385
596337
618510
559206
568433
600719
628072
574804
561939
575701
599254
599775
603506
578172
598781
623973
585397
560220
599892
603317
611738
599994
573162
604327
596361
585184
592102
610813
625231
611637
586679
603797
611494
596656
584312
605687
611645
583980
608476
561818
557871
611197
618445
552885
579183
580462
562601
597905
584948
611087
611186
570139
588632
611459
583281
585239
599423
589271
606145
613565
603546
600586
622121
572747
589081
622649
571630
622359
618477
565019
592430
560800
614163
613896
565128
593861
600101
565235
608191
622073
615022
577498
561968
611380
554070
585233
611302
598311
614622
578091
565045
594597
608014
599381
562669
624098
589263
587250
575071
569097
578967
611433
617425
603357
591869
585389
599983
589823
611185
588215
579919
591963
599712
571652
611823
566803
625279
628100
625303
612968
615193
628265
575159
618794
554995
554192
552823
628117
581507
615144
596896
575863
601430
587108
555639
611240
610922
595412
607134
603903
581427
593969
599895
580295
618662
583300
614939
625552
619180
628300
575445
572763
592269
585318
603573
576096
590806
571195
608220
552874
598697
553513
584401
588891
572762
624062
618687
600296
591011
571631
557298
611041
611568
568378
592454
555658
597047
606174
627445
574735
581728
589153
604489
603346
552818
589275
568242
626226
575073
557560
581951
595454
612015
552988
600091
578655
584517
603768
606192
571806
567156
585599
614625
609730
557555
596203
561628
624472
600038
595481
607041
561656
601007
601013
607472
560630
570162
553018
615277
585258
555633
565183
619136
563181
554622
591398
592126
596177
610849
585383
561761
560660
615055
560345
610943
614795
579744
568033
618623
603060
583430
617479
607420
567545
628018
599949
569624
588881
603451
568394
591993
618381
589058
619734
560745
622520
569860
623395
553748
603335
609162
584744
589150
557719
593803
565165
560465
599615
617252
577176
555709
600244
592158
586157
576788
606725
561731
615174
569414
586203
591009
565880
615435
602506
614866
567025
610680
560440
561967
607810
576795
619120
579272
584102
616734
590368
552905
567515
600670
595414
614112
583401
610869
603331
554217
571696
579821
611035
610792
553052
596509
610747
590810
603518
579943
604182
566051
566021
587054
567047
623185
614887
567087
602470
599783
584089
615768
599944
556653
573711
618452
625577
620999
560275
604579
590959
606662
592462
568293
566708
554734
565280
614639
607222
567079
608035
595498
608226
607280
628060
559262
603745
587247
585174
625501
561983
555909
560035
607056
595348
615297
603943
621115
606196
607236
584701
610887
611508
604090
565055
596215
591912
613536
588463
611646
622509
606813
554100
584835
585191
583480
588474
574963
554250
614850
609811
572073
627755
595065
556609
584997
596424
560761
556614
583825
608295
564166
561978
583518
596165
557886
625204
598675
591619
581623
596940
555733
596308
611335
581472
628166
590927
615243
592051
589920
560616
604455
588619
607518
583392
618606
606179
552807
590805
603759
621884
565665
599642
606933
610724
589162
610605
594141
619182
555099
603778
609093
584649
603417
576770
627930
618634
554191
625572
611512
610599
624041
571865
593908
617367
610515
588779
574535
576075
603816
587177
588408
587176
607214
609182
607130
554091
614423
628071
601973
603319
607539
596153
554458
593308
554209
596570
568492
625005
622255
628021
568416
598744
583490
582409
584865
600025
619517
618641
606408
562039
607024
606182
554199
571952
594079
589175
625097
608172
607798
599729
607311
580040
588430
554655
614933
626010
603567
619035
560234
611466
581377
601454
625030
570222
555744
556978
587601
601041
599664
624998
607507
572005
595456
565281
590359
577063
620196
611836
584754
561714
554177
561561
560550
567114
615227
598997
609817
566760
623931
598800
603648
607032
567228
591970
611712
588212
554225
614220
596830
617904
592222
594836
607726
565909
553764
625589
584700
604149
611706
588398
575069
559937
619852
580556
599088
577957
626954
604613
604255
621012
555535
607058
592406
589168
622511
596578
584728
618668
572093
581457
589426
567184
615689
607335
622614
571936
621433
599797
554140
611392
566984
621660
611291
582088
568381
557725
611028
573951
570237
618422
554081
592307
596158
589113
611640
581314
608142
589015
607294
602030
572014
552847
594900
575088
582123
608175
581632
581226
580161
599252
599606
607078
606127
610342
603666
584634
588165
560333
574955
608695
565683
590962
581782
584725
573703
564843
610910
577780
570234
599697
611358
622352
580147
611803
618478
567077
565037
580654
597491
567933
622055
622573
588664
575343
562017
606894
626272
583436
625492
622014
589143
584990
606838
600979
614493
575619
580727
553075
596294
561677
611591
590948
615147
556401
616275
622203
566732
580945
624093
578640
592340
571403
566176
595691
577720
615132
554202
557013
622226
590874
552992
618671
578059
614722
603378
625219
586021
624056
611010
599860
623190
581162
628017
615176
590809
606051
556648
609995
576758
588717
627996
584648
581231
583444
564239
618415
591303
626274
618642
614937
611050
612400
615555
581463
561632
560566
611184
554236
586135
580597
553774
618663
561859
622615
571428
581031
563287
570137
568438
616342
560644
580980
560535
603950
590924
565702
563607
617490
601974
562594
595461
582989
596417
610628
611122
600809
594567
607881
614848
610828
621105
604391
611642
627323
587160
583333
599864
590992
622033
576775
610886
567388
580488
592472
598825
575897
618400
593854
611401
611923
590944
619156
579110
572253
556430
584653
605885
568204
583823
628140
610862
596603
606746
592363
618593
577950
561832
576736
561844
576706
606963
600088
610764
585900
596479
618464
568372
568487
622017
585425
620865
587211
554147
603899
578104
588013
589432
607067
611364
568770
581490
613321
589183
589018
598786
598802
578083
615015
607350
561746
602568
578778
583391
557004
620920
568410
575834
606959
560121
555742
596400
611169
555497
588241
592205
609810
592021
556662
589235
596837
615040
616228
565480
612715
589232
586927
623270
590847
555791
576797
609822
580302
554173
603962
575158
566265
591898
584592
588790
587111
562136
599242
564633
572117
596212
585208
611060
624546
570188
589011
608146
587273
585200
606216
592652
609783
566081
615306
599980
611507
590407
606846
580458
608238
567598
561492
624691
600064
577330
597767
600217
588643
561866
559208
622450
603340
603356
557748
615557
620906
606987
615349
580476
588168
590904
622175
615337
580950
588506
625236
554398
600237
607497
611703
603463
583448
603487
602172
598181
611493
617920
600420
616601
610748
602542
584635
567123
575852
580951
561650
627984
603711
591505
603617
606949
611396
582068
611805
590029
552881
589132
589105
576403
589245
610650
603952
554947
587222
576823
561695
588206
567092
552817
598752
568306
574515
584524
590208
564951
606524
584668
617204
602620
588068
618790
618554
606916
565210
580021
581997
588332
610776
562519
618360
557563
598790
588746
580792
588407
603674
599785
610455
552800
619471
606903
621854
587142
592418
577999
588187
608147
610845
570203
607123
597042
615049
611236
598866
554172
600393
603388
555586
565258
590918
609974
604265
596331
618777
600953
610816
560123
625529
581514
556679
586940
560589
603371
574661
625048
622070
562198
624288
562203
592166
611462
572039
556306
603697
607084
592271
626999
603640
570683
626527
615776
611816
588714
566179
610751
620053
571658
561890
561708
568505
578053
622016
565084
603781
553007
600046
567976
553079
620993
553099
614839
619161
561706
583395
585181
602522
581480
606073
615114
604989
615159
610888
615020
606755
624084
610765
611249
600034
596334
590895
575180
589255
588202
592084
564484
624079
618499
608481
563414
615443
588898
614980
615053
566945
588923
611848
603831
591411
567104
553497
592466
586427
565661
588724
602167
592113
591957
555717
609871
592518
568244
589472
591004
576425
611597
578111
583809
591881
608108
599766
628304
610589
598891
599862
583500
590830
611579
608264
609089
583294
587201
610975
590066
610587
608212
615723
560194
573754
592000
620119
600700
572783
609125
591925
625439
604012
614828
553017
605076
589678
565724
602198
621637
604451
603925
565041
562425
596134
594121
623935
628067
584868
622448
627839
588535
609170
602009
553815
607490
559057
571199
603705
611080
578070
611844
560935
554918
599889
614934
599923
587155
574505
615416
610704
607431
603535
595503
579981
596406
590855
570644
611003
621723
578291
555682
624240
611480
603566
611218
580723
610832
565039
611189
596326
591921
599474
596894
606749
568466
577416
556010
592474
618801
590914
603641
618437
566080
610604
560326
614986
578066
603135
618429
571943
579716
592238
616787
581124
590053
614107
572814
621682
596605
577757
580195
590365
560637
606189
596843
596317
588518
606823
590938
555703
592543
611097
607199
583414
568231
560221
555616
560608
618438
554402
563643
606639
578045
586338
561727
590782
582533
610693
604285
581397
588469
590941
623995
600665
575647
608072
562012
581403
589020
582777
615336
615788
607167
622179
607235
570015
610957
602590
585349
625364
589041
575154
622142
561661
571126
606422
607467
575985
590958
581353
614056
571049
586693
593924
596404
552968
560417
590790
621839
591891
570109
611775
599721
615194
585368
614811
615213
584175
575015
622110
565722
592502
575157
570164
606728
589218
622253
625946
554146
590675
586361
603843
618408
583454
562399
628279
602587
614797
611109
621804
615472
616589
609809
606901
604367
586555
606622
596282
585284
580292
580028
615013
592333
596283
582242
628240
585581
579624
589285
565242
614879
619142
588221
572821
560478
552848
624143
580485
606714
581488
608192
570670
553986
593709
583293
556588
580923
581461
554219
570941
611824
580073
571194
589023
592499
615364
563991
592480
600069
618807
619224
619178
573500
561996
596900
590818
557222
599784
594148
615191
617407
609724
621175
560304
570069
568497
588607
610901
577572
583345
617340
601338
559474
552858
610673
615163
561779
596339
603533
587277
568452
592256
560750
621388
590514
582271
569338
606604
594445
589257
625343
554511
588208
593290
560627
575105
584419
622793
572021
614885
610984
592301
596309
564501
585026
564478
622428
590831
603297
561904
621727
596522
576311
601049
606711
560295
588695
611577
595428
608486
628560
611793
592450
589268
567103
577321
598798
568499
585874
587183
592184
592691
590920
581344
557010
603459
624378
599644
572083
589006
597768
615160
570976
608767
588670
606995
592173
615774
599905
611662
600014
627351
558737
564253
615127
586714
610818
581616
615161
561283
572016
578188
554232
602041
621154
600051
555735
562016
625460
583423
588938
591938
554279
572706
624012
620984
554188
588512
615329
603627
621799
574637
606078
618403
589094
566784
555907
562201
613354
605831
601253
563994
565113
608045
603390
599690
600679
589016
578645
561910
607309
618493
554178
563704
599915
585103
564486
573013
592058
584707
614090
561736
589134
599467
608237
557873
602202
594679
596564
560647
589414
622365
580019
610613
555834
624312
614286
618571
588773
593693
622514
628088
618588
615224
567600
599812
628048
572097
610668
603601
611352
600325
605897
560547
553045
600181
567560
578222
617469
559324
575305
556592
555803
576756
595989
561760
552808
567682
565208
611037
621004
581589
615124
588384
562650
581413
588690
556563
560648
565300
565167
596341
568338
583749
565231
580997
561701
620934
554077
617714
614767
592553
592554
607121
628098
585083
596948
588275
590951
621631
555675
560332
569334
564607
564986
556652
580197
590084
616696
592140
605699
581608
590223
582201
610631
597434
603544
576539
565230
585060
583324
593843
555771
554218
592117
603842
610831
607224
574956
603374
584263
555598
616705
584262
596381
581585
584632
600099
583442
575075
561732
607241
589052
576764
568354
624447
592217
610909
607008
584595
558622
598759
626752
570198
598684
572106
624935
570808
572559
611505
615034
572033
561713
560454
587270
587635
607851
602561
596232
576730
596247
608214
625039
588853
594272
578078
560979
618072
574533
618480
555031
611243
618666
627935
597739
578781
560559
603664
560306
575629
603688
598769
612292
606178
618363
618724
597231
553104
614982
574945
607287
589157
574998
603504
568337
610735
576696
585302
570963
607319
580039
603982
603702
578165
611569
568175
589258
606195
585337
604375
588299
591896
590974
614754
599932
584047
556383
603185
628047
570718
626259
622523
574660
622101
571908
610574
564089
573715
615317
607491
618733
590862
622052
587503
571953
581409
552831
561875
606946
557003
628015
578297
622008
573963
599548
589202
559261
559260
618518
602796
565047
556621
578162
584155
599657
595145
624097
596624
614987
575895
599678
610786
615177
623565
611526
595957
607093
581033
621792
608229
604123
585377
602699
611308
583311
615818
603942
605399
589294
580203
618675
611713
615737
621655
567086
596291
621857
614996
594183
609828
560269
625663
607054
585005
567793
610990
625088
607043
579927
559263
595493
575110
619093
584573
604272
609814
610619
599919
609953
611073
624793
591975
560476
567422
568493
594143
568363
583474
565896
625871
554227
580024
618831
581523
584936
588852
610460
618131
591606
599953
581465
591686
611899
560305
561896
561686
560554
565082
610598
608073
619582
561820
581319
606910
603498
557308
591940
574988
589447
591340
585762
581411
614281
596305
600159
606643
561666
611895
583849
613852
583944
614972
604930
616124
599938
607182
623293
561711
568297
611912
599866
555818
587269
590880
607011
596435
572800
599347
588315
597252
588651
598188
608275
571409
625090
588600
596897
589448
555944
619671
611098
575106
618471
588178
614958
567132
593711
606414
588703
622775
603976
587164
628306
604281
604323
571044
572148
597264
625202
621669
611106
581443
623468
587144
560747
605606
625542
624080
585169
605397
617525
624479
559279
614695
597018
606815
611045
602208
607457
614789
611431
553730
583437
607892
596838
611296
600908
558796
560398
592153
593749
606772
564928
588521
556593
627356
588236
602920
618617
595774
600058
615118
590857
606193
611072
572003
611612
589155
577820
552889
607205
598819
603965
583438
625516
618579
606972
610767
595589
623541
622736
596926
600070
593927
606657
597014
552777
578432
602862
602520
606882
588250
610893
577692
570060
613922
580043
614633
570653
580652
559347
610840
592541
599966
574974
588322
599848
584075
618581
607355
564336
578627
554099
568480
581613
593891
586097
559574
590878
604110
555783
572004
588199
598735
627374
603488
596352
621865
603787
556590
603503
562188
583334
611690
611119
601044
611872
553484
570580
592210
568336
628091
589012
581588
561548
616765
612073
589128
553489
596238
603714
567544
555241
581063
615258
561653
594082
597184
553073
610688
561644
588545
603603
611017
611559
592213
592329
561913
607166
599683
599624
588273
584662
572068
567668
561898
565062
560756
619230
552964
589465
622103
610923
588008
560643
588671
596335
591926
617477
567504
578966
571050
572119
603424
564589
601189
563338
552957
615188
600160
571841
580052
560838
611021
618536
558565
611783
586891
568026
611651
618353
618397
589064
604301
569987
610971
588010
589156
585132
621055
611242
570181
611697
588551
600672
593737
611624
623745
565057
589019
621033
576492
590956
560388
606779
568275
604289
614638
562698
611820
618383
580001
614913
614129
573811
614514
552924
567475
614165
592856
627998
573332
602572
554753
604028
576759
585046
613604
565060
611054
583185
622539
596956
568406
607028
618488
561625
599629
592294
597226
556603
578777
584391
600697
615373
618772
585293
581615
601040
594354
568563
592242
583476
589010
585417
614968
581581
554132
578090
602958
617439
593870
589428
572130
571048
563507
578623
614756
588442
577911
574995
579413
574967
611137
578985
606632
581561
622524
607142
628173
606676
561657
565023
585905
582075
568377
603639
553845
603619
560297
574993
604415
611858
584353
564880
625080
575103
609586
611678
587121
588169
599588
611657
592292
603188
609303
592304
593822
603514
572175
604378
606184
578393
594459
620672
568065
609735
572060
565012
592342
611759
610965
565471
610560
607535
591972
601022
606843
617497
575143
594097
588723
605306
596983
603645
615095
584543
604988
564034
615148
602847
568176
609073
603886
578092
626333
621097
606720
592155
588749
581537
566677
589101
603672
625504
592146
570772
587232
588878
555929
571134
576792
565715
571792
599421
609185
611064
561972
609830
598681
600260
611333
601241
556619
570697
595979
608256
590966
610679
562924
621932
618345
604410
585183
624947
572136
603655
611654
596859
593823
576476
628110
574513
598804
607237
619121
554024
560249
565157
588366
600074
619222
582223
569523
560376
564131
599993
552813
611011
592183
595530
599867
570216
600202
627549
577308
565050
607171
615094
602148
579944
571988
628210
571021
603594
559441
595772
560542
560125
558932
611235
578685
581458
595450
568245
618653
621675
556550
622613
567134
568366
625443
571521
622574
610749
610814
570684
570187
589431
573962
611095
580619
606983
578060
603847
626632
554363
618519
581751
589136
600952
600011
625234
559083
614946
618514
601274
625447
568399
578105
587297
622037
615300
623947
566022
610858
584426
565257
596916
614807
583469
586400
583794
559810
613531
622577
571979
572878
620474
584840
578456
583198
560642
614035
617862
576028
562562
590286
561922
579684
619462
604305
581568
577639
560185
560546
576822
573785
621232
600354
621196
565793
561265
564707
572500
602510
568104
606230
586550
555695
593947
568086
620454
625137
616962
578457
604712
584896
580417
560885
593353
579856
583231
571141
603798
627543
583535
562018
597233
579867
616211
596836
605554
597756
561260
564801
578153
608137
581368
625687
584003
562175
604843
590812
595888
564510
599395
624442
581155
605851
555800
575347
616003
557856
599459
608759
567069
560404
626549
586323
596865
584191
617769
568109
589130
574979
554692
565455
584067
563766
597253
610552
592506
564751
593462
615388
560597
604283
577930
568600
613479
573783
600164
571136
624174
588239
580586
623696
563422
590877
605376
590400
608830
609785
619782
575978
622753
610212
556663
555782
620907
570124
552994
595384
625668
628632
622120
584035
607952
590036
609959
582582
606569
579188
593265
582219
592562
554097
563605
625664
611324
573454
612477
599477
627889
617892
577784
579955
582165
610454
594518
564569
613299
561024
574171
560169
596538
619458
605140
572149
627836
603353
603030
566853
614513
557820
604936
571152
588645
624813
614708
603175
616000
573180
566767
615520
581148
585864
586303
609500
608301
607880
612770
557101
560503
620866
595639
617461
622918
589733
622544
621779
560239
599404
615301
581505
621077
569248
610419
570878
624708
567780
617138
595567
593074
598727
618972
586457
579948
594156
597829
592425
575342
577458
596368
564595
621141
619503
613816
627464
612903
565247
590815
619933
617948
609865
587178
573020
573262
600999
587995
605927
619950
579126
593408
572877
557752
624666
606172
628734
597333
593616
587850
625186
569366
609132
601971
612785
570799
573787
607401
584755
602402
586000
598667
579021
559296
588831
621197
621214
559641
626653
617891
570241
600588
605268
604676
566601
608316
590884
552954
621775
603862
622516
591321
579170
607356
597833
596329
597881
584641
613848
622487
626720
591315
596870
585600
584071
565866
579964
581229
625402
578767
571411
561303
595295
628234
554303
600480
561193
624540
581350
627336
595261
619557
555614
606630
569393
609072
594778
587175
556246
602962
611340
583489
614785
609911
583188
619835
621306
584664
623502
584778
601184
625875
591324
588457
623533
597770
614595
625974
567169
555395
571999
559076
598764
554792
627647
608692
574526
590786
619078
581097
609569
583382
567848
608735
570882
575709
625051
557593
621780
601202
573723
620106
619177
575332
596650
568041
615400
579163
621413
594832
620756
596560
610495
627369
592414
612362
606234
627314
622497
598750
571633
622738
596242
568442
619427
583388
618138
589260
625396
604291
600118
619564
616020
562684
625720
582050
594651
621683
562781
575089
578433
609780
564591
584380
570848
613530
574530
607786
618271
628719
596703
622956
592649
592630
556525
625690
625698
564474
601361
563618
625250
574257
594802
587935
591043
572118
605416
627319
570160
572140
588072
586330
602399
613156
596342
608967
575580
598529
623227
586507
575697
585764
580803
594516
596599
613352
576286
601509
627399
616688
565265
601000
598485
571547
620136
575352
561781
607405
565925
626744
564412
628220
619436
565457
624232
560245
587130
621227
564306
604330
610226
586015
592557
575345
613591
570805
562148
625213
571143
604268
619396
601836
605912
553498
594136
575768
556281
597248
570432
602599
593307
626338
626435
625880
586311
600559
622931
593953
585585
600696
624058
625404
598000
584382
581605
577218
604333
561270
552866
601826
570027
623435
565474
555059
585597
571978
593013
603863
570050
621489
603575
573716
558462
585379
553715
577793
591425
555814
568567
589746
591336
609964
582300
584371
572164
572570
616417
616426
621551
575308
613348
604919
587026
593555
577586
569115
628350
590335
624205
604158
587215
624276
625406
583680
584136
604397
623065
598709
569777
608827
604287
598369
573549
616658
604609
597188
596121
590733
589277
587860
583580
628571
595187
583457
590732
588953
560601
573632
579940
620790
583182
603035
561720
618346
611847
574118
583158
561272
565875
570880
564240
571603
607659
621289
579428
596625
615860
560613
584783
614686
554366
587940
556487
616855
616629
606553
601637
597924
574677
599761
554806
573370
625711
620929
605141
590482
572177
558777
585869
625670
570179
622551
577535
626393
564760
609074
585380
555972
578025
559414
605584
604181
604675
563731
591755
595438
561673
584178
568990
597787
622964
581219
576393
625058
600347
614337
577995
615226
582481
560187
579079
562476
623461
575002
558760
584510
561768
571738
587235
622771
625890
562194
569289
561236
559069
588596
580512
575318
597180
578252
602949
625211
595208
582141
578245
573903
616519
627530
555838
565776
583494
578198
570816
611997
561253
616867
617059
621470
621879
581606
576886
593856
576278
587876
616666
560655
621789
565803
606382
618275
628796
587068
621236
621573
554866
583477
579337
569226
580811
557517
624230
624051
572038
595822
601009
553087
616609
620147
610332
588386
614705
557224
595812
556623
595998
593399
607727
576959
627032
561633
628363
625477
623396
600514
585421
557421
583888
579433
569832
568517
623618
571086
625469
598779
595195
616229
590742
620387
576952
584247
605952
587789
577873
587818
622974
622456
553456
595488
627447
578453
577782
622672
578292
554401
604141
598810
572424
565719
627529
607695
600983
605791
560606
570595
620588
624777
598729
595991
552768
607978
602021
557283
604298
559243
625424
562481
591093
595552
570359
623736
562374
563143
581435
567574
578180
619061
557104
581139
614585
569519
621022
621494
579330
615832
579440
608119
567653
582905
609172
583304
593757
591726
563502
624042
609728
560622
575033
619833
627575
555015
578303
587122
579611
609711
592827
624330
624567
571859
571606
592665
620556
570690
561359
622023
557166
627662
579953
587766
622685
577655
553914
574164
572272
627589
555104
621143
601448
584880
622196
617030
598872
580098
613473
609982
570561
577402
626168
555671
576374
561620
610302
597322
628403
615735
575839
554627
578255
622383
572308
593397
555748
565052
553752
577311
577333
583757
617389
555645
586331
600868
616789
602987
563467
600425
556348
606477
555657
564366
597443
587643
626097
595845
577804
580735
609788
626092
614650
617985
588090
567389
572586
623316
605124
595788
584032
568502
574958
621983
595619
617982
568516
557597
573491
599415
571467
573497
625941
554684
587141
553060
619639
560466
567152
573460
596950
583559
618272
570176
596787
598146
555628
625386
609470
620505
575731
619535
564554
553023
621014
620701
623579
577132
600513
562656
566969
554327
608266
587321
579645
573188
602218
560599
552773
603153
605827
589964
622515
624816
619014
576887
573498
581181
614572
606426
586397
589989
597121
580796
572237
610276
614676
565033
589832
593739
567131
556862
624073
579179
553239
576460
567355
568491
570798
567526
617194
609540
609716
583990
572555
561198
617417
577335
599290
555974
584341
598504
585698
560653
606836
553033
554096
614606
595165
609579
613987
554158
622576
606231
594915
566441
569730
568412
564764
627696
558514
580598
609555
583696
571963
593691
623457
616446
582374
573316
609713
591160
552971
572105
567203
578541
610129
591427
556710
612087
572213
621866
618173
621869
627567
597262
609471
615583
571427
614017
625951
599152
598082
619753
581846
621477
624798
595964
581620
600826
578719
557388
586812
601015
570092
560486
615964
556168
587996
624818
604189
553443
590743
579991
620056
561722
564609
619252
577921
580688
608449
616268
590428
609857
594253
566676
628427
597046
567835
625610
618305
617610
558767
610423
615312
626635
561175
564053
560484
619741
556575
590817
612857
590861
564430
583349
585958
627673
581102
567860
586167
554837
604849
584183
567593
562431
569516
597448
553902
613173
570753
594909
617185
626282
624912
607610
625344
572852
622787
602555
627109
622626
624441
568595
610217
600374
613453
617909
588181
576910
570869
615795
562659
585684
552814
576675
591308
572471
600350
583236
578785
585594
597031
566524
572298
564078
584287
627011
595373
576937
623945
576873
561659
612034
623943
590922
563723
563510
557134
611708
616029
568514
557739
619151
621063
585804
625641
622669
554864
613822
556189
569593
620947
567434
571888
567627
573252
596021
565667
627615
608196
573360
563258
565682
598003
569763
615741
616459
589399
603971
612958
578208
566580
566286
627062
592684
582370
593874
600565
568302
585328
568752
574287
564716
620666
553883
568277
593742
565568
567507
576717
565063
598344
560625
596636
612383
617092
577558
599013
590889
569801
600471
598833
601989
593410
560342
581529
610458
577355
570061
617527
606295
595512
581614
606391
554271
601750
569010
557179
581474
560337
581335
626971
557571
627177
552962
581261
583275
580505
605222
581339
573337
577595
573248
554083
609320
570300
562661
604687
589477
590412
596045
615575
576739
627028
600969
579956
609055
570801
597179
562871
566217
573459
625547
612099
625570
597438
555992
609861
598740
628572
624774
572923
569377
586921
616877
575083
621643
557106
562366
593260
614564
620369
575162
570713
617544
564658
575397
555652
578561
595168
562632
580390
615806
563490
622648
578567
600526
594365
581275
573116
623462
571718
627918
621528
619220
617983
601889
568528
585995
568450
571590
612533
580451
561811
616717
560450
576483
561317
601017
603129
615766
614044
562886
606224
560910
582736
571789
628707
604363
580489
579119
575516
560610
572841
560567
559951
599122
570746
581431
573788
599411
573327
562026
573164
581396
563683
615648
624577
565554
581612
616835
618062
575151
571407
592697
584172
562377
593921
619033
557162
616939
569677
623121
598507
620391
610119
574834
555734
585716
570077
560311
599225
580715
589555
567915
625357
593707
601951
589056
621545
595258
596866
593404
603192
591693
571116
591521
573019
608222
587436
565717
593859
596059
610415
618111
606393
598712
606515
576860
583470
614681
614386
615562
589131
617453
577369
621638
568284
577991
587814
621536
616308
573685
613518
576371
573430
581430
593878
572498
566726
585346
602496
595842
621790
555738
627006
578100
609552
580605
569751
625618
599000
582866
576680
617391
554375
557123
612815
572624
626118
576885
563966
613887
571181
580366
595819
567204
581593
612948
590155
607895
615171
621006
584771
564194
585326
578134
604192
571602
561340
582512
616076
568407
557434
557689
579935
605480
582492
628711
617010
600899
586388
591901
554733
620531
616248
580071
564487
564882
567160
598751
559044
616901
607871
595077
582818
603217
570233
625518
600610
603004
628218
573724
560467
566468
569012
553047
570327
554256
625605
621440
576383
560232
575411
563692
568469
577250
606233
606109
626692
563246
617167
561408
628378
568731
605930
610261
624144
581521
581250
585771
615814
597021
617794
563728
553980
552949
617844
566749
617911
601516
578529
600872
590921
593913
573523
609848
614000
562214
569600
564784
583014
600614
609793
589398
560592
564103
624116
559552
619643
565650
617225
597190
611982
564419
621666
582555
585093
564914
597902
566583
564872
596106
583581
563585
573718
573458
600342
580407
565117
624407
615703
591287
619271
577281
595805
558721
556989
578284
578102
589261
627736
590382
591420
610237
619770
580385
578086
554075
626586
620437
554898
625707
557772
554996
624138
573600
609736
576365
617923
616160
579114
598398
566049
617416
566675
624412
557666
596546
595787
595440
612021
625600
595163
597418
620024
625135
612787
589938
620674
573111
619276
623501
607679
592707
623749
626631
577466
622647
561862
595175
626509
582691
619490
609712
600163
625154
566412
590429
584407
588932
600849
591687
567313
610273
566496
602254
553701
574201
600417
621592
573191
575596
593883
620239
623602
602546
583306
568961
587894
573397
577401
580474
591323
562567
563938
572488
571541
591080
601066
597509
605911
617474
604433
609035
553273
557214
576048
590348
581544
594709
621284
583010
580229
621774
564134
619477
561646
584221
596032
626098
583053
576890
621945
594372
564153
607045
609289
580573
621422
598990
561869
597913
573290
595463
610343
563270
578882
577008
560441
613772
590851
576517
571895
556605
589095
600759
573183
559787
560490
554045
607734
561827
581374
560950
610230
615842
567770
565921
572670
579185
598319
568107
583815
577964
557430
561344
600205
606101
622605
577813
608204
580524
580719
602450
598370
618184
567674
595157
557686
578256
587440
579700
561639
580762
553800
564319
557528
621875
593830
589976
625543
556566
562621
581483
567775
595147
573891
562219
567536
609781
623292
553798
624131
624585
585024
555971
577760
613643
606268
597910
556959
560386
621547
589051
609064
583588
566536
568238
569780
601513
562677
618076
589959
559239
621400
618222
606150
573372
617131
591556
626362
561861
561733
585823
593675
621629
617482
605225
584372
598221
567814
615266
567698
627127
622734
622145
569758
611874
580213
614348
621419
600994
620373
571519
570576
572217
610197
609844
572102
554831
582585
591037
583088
556630
563208
602982
581727
605548
564321
580426
567414
567963
554693
604277
602903
577515
580453
626684
561010
572234
605726
596681
558896
621374
559919
570370
627519
591035
622596
560571
609417
609530
618025
621724
583073
591571
600937
595960
598432
615584
602914
575174
560710
601293
561895
570810
560848
593853
591656
617851
601010
561447
610213
623078
620107
556704
602614
585357
580492
617756
557909
616302
552915
595402
620050
615730
565109
564093
582636
553091
601053
560867
617761
569528
561876
572287
573402
567700
558763
554376
598310
585560
617966
557449
558897
623184
622770
584052
554695
609985
622599
556147
627345
561772
617200
586458
607828
602841
561648
589969
626890
582918
590449
627509
568308
577496
584715
572489
584022
603355
574713
624135
563109
595475
591290
598666
620567
621057
624076
610102
615606
566699
582557
608069
585634
570584
608577
569827
576785
609514
585378
580403
617931
557287
564863
606389
618163
555762
554381
581136
556957
583857
580081
603216
585331
599465
622376
568249
576512
564939
570614
576808
601014
564720
567721
576355
576810
576800
577984
604884
583937
572953
565083
562493
603414
568375
603011
575821
562710
554703
593543
565014
572687
561635
579311
580412
625454
601020
576708
613357
617165
576819
561199
583948
577494
553046
575416
617902
571489
560674
576331
614318
558649
590981
621796
593304
602524
600930
571977
580817
566222
608282
621612
580129
562853
599305
553684
590433
561776
562216
581759
580920
572760
607670
583354
573594
568034
588922
596108
625925
580853
586916
602549
559245
560468
599466
627708
619595
572875
575176
577822
587293
581580
622593
560237
595087
607993
610576
557764
616269
587964
600917
577431
619197
587752
556990
602874
582913
596918
561161
604325
593695
564808
605774
561874
572161
571968
606556
563497
556564
575172
614411
560288
559650
560611
579739
557423
627454
627230
593382
607834
582476
564392
555681
560649
580624
617186
585053
582799
606371
589198
567655
565239
579494
593070
627089
595773
589169
573511
598132
616521
600841
576525
614352
575393
569975
625461
615816
595173
605823
555758
611999
581731
571581
624022
571924
609753
599350
627159
576137
580413
614036
616896
583351
612805
591494
578175
609217
608197
622586
598179
578927
575001
559584
627538
570710
609582
593679
555739
581777
561072
570806
605892
553034
561670
619007
627325
575566
622311
561089
570676
589975
579349
612816
621133
560665
566695
567693
605798
555952
614613
570250
568614
579267
616165
620533
604462
571045
595771
576487
596932
612828
572834
581816
554053
563278
619174
567417
568585
623391
558483
627495
617545
568309
609306
627632
564209
615296
622764
593726
617181
616902
605484
573115
617499
585409
570706
623991
579877
621254
565028
602049
555780
600746
626001
605487
604086
594371
583848
612818
592685
579951
580821
565107
617178
591597
591729
615794
589061
576746
614388
571512
597506
628406
620759
585828
553534
587670
564102
604432
603095
578419
568428
577484
608126
606290
577981
560651
601743
617217
566087
613967
553782
606332
578400
625187
558883
571210
578649
572260
575322
602929
607853
582607
625228
618303
574892
607795
617215
556589
616332
571879
574491
625210
577949
622650
588091
622969
597877
623802
586055
617697
627573
625130
618219
621654
566913
624660
568043
569432
586231
591847
576176
583574
580433
608066
573293
559123
586387
608805
554982
561813
557582
613513
565571
613740
626702
598605
571229
585002
574494
561189
566924
618781
591474
558137
564123
625108
576329
564433
606440
600628
569427
578807
602297
553086
621531
625095
627691
584362
578723
580510
576014
587290
625167
582293
613832
568805
604982
613869
615017
619064
602092
573554
582623
566135
587823
572554
624638
620149
597224
586293
607850
625115
607480
595840
579002
625193
613647
604925
563866
578873
587695
596739
598511
598495
602142
617537
619009
581247
614361
562268
606507
604060
570637
628052
615592
598482
563910
628325
625545
628814
569152
573907
588038
625302
620439
559487
588060
590727
565680
578765
598490
555451
571756
569197
624679
620879
564929
580194
615622
564322
578980
558665
583101
602468
587212
576915
576629
626498
606627
601204
602328
563741
570679
577987
613769
618891
621597
559364
602333
610245
620801
571798
571446
577181
604616
561351
595169
606322
575602
620004
584332
572251
573911
591196
621215
584978
578293
587536
575704
587189
582837
592020
580504
578480
604143
620009
584945
616487
557079
563697
594484
555937
606530
606270
591483
606532
560786
610265
610327
622363
617182
586279
573261
604071
579733
568791
587468
581310
587617
600494
555923
591490
553905
605233
588062
555520
592580
559691
601536
619623
616145
584106
618074
586059
620741
582619
556882
585275
566046
584083
595518
585079
626581
570885
609704
577232
621600
628831
585910
562761
587978
564172
592350
593855
557359
565943
601581
566988
606143
588986
622314
582137
575800
616169
593835
592391
602943
588906
575878
619819
627432
577237
561377
583078
598295
562491
619680
616602
622343
571941
567248
616258
587615
612994
578849
587326
568812
607943
585919
562549
554923
576828
572252
562589
610200
608660
580770
580184
556312
597751
561268
587467
580123
559081
617254
580188
584991
576481
563399
561349
597698
581985
616427
576842
568077
593615
619797
607989
576544
621032
619399
575674
612334
623529
564245
593907
571762
621601
564218
602329
559113
615276
579492
554603
556966
560664
579485
627816
606403
557461
628445
579987
589453
580388
580130
606279
615809
608826
627803
594817
623401
552932
627564
561009
557466
568500
570252
603855
597237
557862
570375
617411
619026
578839
607960
580311
557197
552967
588924
586208
561993
602463
570376
606272
570013
627825
565863
609249
572344
566927
610024
586705
602760
620340
583497
599450
563277
626848
563275
579001
602231
576142
563024
626874
572357
580313
618827
602229
599118
601918
560812
579590
572368
553769
570482
598389
594984
598046
572347
587339
556460
605496
595734
554541
566091
601920
623211
626520
591234
602119
569837
563339
576382
612425
599069
591240
623219
616830
583641
620430
560753
579568
595124
594177
584918
577051
566372
591331
613315
605511
579600
598326
576134
570548
583771
583782
620594
570554
580323
589684
570455
556095
591210
589790
583839
576397
566287
575789
582864
607639
582359
591218
626862
602003
569883
582695
566680
553772
585873
563042
560811
556096
569574
582094
597717
604813
616842
597515
556934
619003
617795
621421
616279
571663
587556
579592
566369
554530
573097
620334
567257
572369
601659
587530
587544
620339
569680
601937
556074
564014
559084
566359
591219
586535
553814
602762
591213
569853
556915
598039
595023
572349
609922
621604
576437
564015
580173
573118
570465
579257
569709
623548
562975
598239
604584
626855
598054
554442
554478
624352
579436
602083
579298
620306
626857
592447
567372
556066
576538
566416
578899
624695
566544
610048
553795
563353
579290
604963
602110
570483
563029
563343
605786
601923
624343
621642
582720
621569
559764
579296
587802
616857
566656
586502
566360
621430
556905
586517
553558
619211
576132
585884
617070
605486
563253
560817
567364
609272
601896
617857
569539
605822
583089
594251
582692
570540
570469
582974
563649
626951
580372
602845
571869
626811
573103
569810
605412
619936
591229
583843
582661
566437
620459
566426
571063
559893
598041
587728
556054
610053
579246
598042
617582
563032
566316
579393
566672
560816
564288
602235
576116
556924
598088
591242
608754
582020
561737
610047
605821
621549
594934
560796
579546
617569
563173
610034
563291
579531
617743
566315
564085
573080
607636
569563
586521
591220
605618
566380
595738
598058
599199
569572
600401
573209
579275
563040
559895
605996
574065
559341
598356
598297
608502
620540
617541
559758
590180
576149
624603
607648
582672
605779
557277
583001
617943
569559
559934
572348
566604
586483
599071
609423
583845
587858
620303
583764
594942
607649
562652
573100
553580
615553
617744
573086
620858
579536
598053
561790
576128
628634
566694
563043
556103
605463
624354
605444
605794
599116
564300
601676
613527
566657
583854
619798
586495
595120
600470
556318
568201
554536
586516
598948
563047
594509
569568
595797
583766
606383
609273
573110
583232
583835
566385
605815
559736
620715
595735
556086
579308
607638
599040
564087
579603
553649
620646
624623
626814
614381
608992
595756
572366
596968
617810
586630
605518
609257
554496
582172
609436
607642
605517
626873
582675
583807
591215
609269
579530
587886
585974
577032
559340
612055
620304
563324
626801
595729
609255
626840
586485
567416
579394
556902
579584
604209
602782
577047
616799
602128
582712
566301
586479
563553
595802
579286
559938
572354
579502
599043
554485
576121
556065
577054
582679
627305
559759
611890
563261
573241
563045
570297
569620
617578
576866
620329
620343
582838
605503
554498
619971
626875
602187
627044
553561
590002
587592
602054
563315
615959
553576
576106
569622
573087
609262
626792
595736
621355
620335
599114
562764
579550
605519
579309
553862
578808
616290
626816
580380
591231
598351
590218
569546
587537
577111
579595
556084
556955
587311
620338
578850
569728
607635
563053
567881
573070
599045
613731
617085
556082
576103
598008
607713
563049
595062
602785
566374
566664
591238
579535
617413
598069
602084
623048
582703
582752
605417
560806
594932
595748
598087
620647
570358
607700
565977
589936
579442
570471
577031
607903
616859
620349
580315
587792
569835
624350
582654
610044
583767
566314
605520
609261
621416
591209
613755
560814
602756
553627
588935
557074
569636
616801
598044
559894
586487
599090
582986
617734
579285
591252
616856
580310
617725
570605
556932
553826
595769
570459
597586
572381
563018
621426
590512
621431
588742
582170
562996
610330
569111
626843
567720
560887
562488
564019
607646
610039
610425
556935
556913
616935
567369
560891
587117
576105
582698
580374
562989
617722
600845
621342
556078
579243
567366
614264
564022
554596
620382
605476
576325
604245
583756
566298
603087
554507
591569
577969
566560
620426
602763
590405
598327
605710
624924
621648
570658
604242
566341
572340
554512
575893
617997
621344
590191
601772
569541
567367
578844
586878
569843
605504
591207
599033
560827
553574
602858
619960
573084
626856
598073
587817
553578
562593
566010
583048
569753
605478
579554
569723
601500
616035
566492
564458
580384
563319
622720
598018
624353
554497
578536
582173
577040
572342
583691
619612
618832
620774
624336
602811
572353
564065
582936
619020
563374
580332
569578
586518
582859
553626
591337
602018
602770
587451
556333
566340
617741
609253
552805
626803
617723
626861
566586
586450
595096
579539
582898
621485
569580
621432
569848
582940
566558
620305
602228
587847
609260
556690
616858
582091
602788
611036
556177
591246
597987
577044
556238
605576
582269
563276
563077
554750
562133
583787
602773
602078
621407
617745
605483
575595
570556
563162
562510
586722
563367
556952
617742
602799
557446
605494
562375
576411
617251
556925
595052
563302
569797
572355
602846
602837
595727
621420
583763
599044
583786
582674
624347
559745
570460
601702
559203
566288
620266
583768
620307
566037
566370
598412
579248
575593
566431
556917
605524
576161
583663
556232
619900
586504
601941
610030
586520
554489
617071
608750
559174
582658
573092
569570
599289
566512
597823
553611
624344
566224
591204
586212
590424
610033
602771
587538
598048
582935
605485
623875
611385
620297
585351
608756
617117
617989
617740
585767
610052
616990
604991
592281
598019
605482
563313
599037
598254
563044
605470
593055
556904
620292
560828
595766
579534
621276
554499
563288
621042
586818
583862
582701
584999
566362
583758
620291
570549
579334
607637
562992
602804
617733
572351
563283
560805
553807
591249
556226
620290
553623
567361
602178
556931
580322
563039
566620
601934
586757
579274
599112
595654
595747
605495
582677
595764
560813
591205
553555
626813
624335
569562
582678
602165
610049
582702
617799
556993
622484
605804
554508
569499
626374
626835
582959
567423
587533
598009
617770
586491
595739
573752
586484
584393
556053
602768
566467
565439
566636
595731
602809
554540
617064
590190
566459
559505
599080
577045
586820
560822
568862
627176
620365
611826
556068
616181
574773
594410
602765
566289
561287
620641
620348
610111
570517
564084
578800
556914
603716
553562
590199
586017
569185
586494
564414
587579
583864
556933
573075
576571
591245
610035
616283
595732
566078
572339
609904
583856
624265
621349
573170
576156
565855
577055
590487
601726
569573
563030
566378
586125
579548
602758
610028
595760
595617
586734
607720
586759
561312
582700
583759
599048
621516
621359
584104
575673
616804
587607
569834
587531
570466
575394
621352
586537
582883
616285
553566
599074
586526
576345
626846
602548
621362
563428
563322
614092
571150
570480
595655
595556
591208
598057
562436
582705
556911
573085
556055
569538
595817
570547
571769
620408
617072
563120
595714
602179
599042
617803
562530
570462
570473
605812
616944
567714
626842
617791
594921
569840
553588
562796
567375
576394
599264
626410
626426
617980
620779
567304
587593
601606
588916
592590
601064
564331
615642
570968
600370
592560
564324
557710
578848
590752
609149
624634
625103
567214
564061
582133
594497
590112
599176
608889
580618
585820
624851
601563
597471
564329
601519
617941
604638
567696
618997
591471
564877
561442
585076
561440
608055
575931
573861
561441
604962
582327
622423
573917
600030
606929
601210
553983
597380
565842
582321
578949
589810
600644
592591
613570
607178
570958
605315
599549
587937
616605
626680
586897
622944
607811
579177
609015
593498
605909
601456
624766
557116
604206
574726
615640
590634
622671
576367
605608
599574
604855
603009
563090
604068
572186
601222
610358
559627
574609
605274
608824
556134
609050
616507
582069
573029
581980
597204
609536
574690
619842
588635
588078
599272
599585
608943
595076
614055
626639
610054
617171
589400
609493
613750
555624
616018
620690
585040
593004
599124
570410
568073
569291
582295
567165
563622
600947
582762
571847
555079
601445
625942
598572
593121
593437
558457
563971
574265
584500
607591
599909
594967
594619
555385
600126
612068
623544
616276
572304
609535
563614
619056
560461
603242
575801
617238
613917
562631
582822
620114
616267
619762
623818
584367
572198
565985
579836
581560
579459
575835
578879
592860
562829
578973
562578
609043
604009
587662
553918
575672
597559
574732
597242
616345
617872
582726
574092
596630
623205
592936
605418
580927
581271
561086
613336
601987
628883
565744
557589
624890
612094
567806
612859
616153
605883
621472
627213
586716
618035
577561
622741
553496
618036
597154
573866
602545
616761
556892
617950
586156
577748
594966
595669
627256
597643
555932
578647
577390
565987
589926
574284
589963
595088
571911
553941
592937
617190
579164
601946
616182
621371
564394
619128
617516
582330
578758
598539
606679
578595
555399
575813
555394
580525
571722
568062
615988
566937
602851
557545
617078
586067
618929
575306
623906
622261
599127
618411
592282
580521
558570
564799
571534
566526
595047
575825
559177
622528
597732
570932
612326
582833
559090
607904
596252
567334
624897
577009
586456
602378
619716
600944
576963
578773
610375
582430
568228
618748
597954
597752
627900
611448
609046
605879
602268
555389
603604
594780
612793
571191
597862
582739
575983
566121
621324
600657
615513
557215
589956
569167
573292
605481
579113
607790
596761
622191
588079
592426
589397
593594
562695
613314
612927
583716
624969
623723
628708
597977
554682
619974
577877
590028
581105
613458
625432
622426
617224
592912
619444
565999
553981
614558
610090
589974
596604
559415
604202
609405
614004
584097
617139
562432
573631
621967
569166
577849
572019
609290
554884
555888
609031
609237
601679
578960
616013
596100
605195
616170
623571
591850
592995
594428
579707
575783
612874
602043
610541
561388
562486
558073
561259
589978
581897
579142
600109
628407
616135
611980
579871
564231
604649
562638
578989
600440
621266
621264
625378
562639
555881
605651
624162
554975
577027
574169
628650
555917
597888
556180
588933
577319
624829
571732
597139
586177
617529
586624
594684
619785
577078
605706
559460
613938
623853
612322
575880
568137
571277
598119
559031
628586
625161
558107
588424
615289
584932
597726
624873
626620
592212
576152
579071
592906
587306
621450
595368
600650
574586
577392
597162
619889
574159
555873
602188
615135
593753
613644
579831
574165
591788
613703
579614
623901
609406
565413
593698
595158
594941
592701
597408
577360
571797
608641
598569
617864
617709
571739
586958
577626
606028
558427
590058
620967
612336
562162
608684
603010
624880
604954
621373
553297
614456
555550
603592
580469
559212
612404
590697
600659
605138
600772
599015
568902
589734
591798
563101
582255
612316
620881
614496
577801
619796
576553
580600
624501
577922
617247
604075
602264
626160
583649
605935
621201
624531
556376
563703
557144
593612
613996
555325
600418
620687
605921
612467
572560
628810
594672
591563
557071
577179
626175
560692
602976
587889
621725
608050
567486
556391
577314
588928
564956
628811
562531
590582
623805
628705
618930
576486
574316
593622
602661
584204
607821
610169
593350
564264
567610
583623
564191
599337
567512
566793
612470
577412
577354
567280
617189
621145
567493
617906
615628
576532
564151
581317
600365
627409
594635
628410
617860
607887
605936
614494
614370
598840
577231
558871
566717
573887
610292
628802
604063
610175
583081
624641
573300
622424
568102
617979
612064
568211
598496
560708
627243
628798
624563
608057
577346
554676
592894
609574
574885
598906
577268
618061
561180
579670
568860
598846
561066
609893
624440
598454
612482
553507
624439
617877
613157
627259
587412
621696
600816
599200
590521
621210
567274
558335
610288
572582
564887
557054
620789
617141
588977
619516
584236
602954
567164
593611
591387
621581
628794
595863
622355
579682
612001
628826
624600
613001
585096
560986
583660
628827
621732
580498
558913
628424
584920
568828
624176
627895
588880
583109
563438
584099
570319
559997
613019
576457
602267
623716
586936
624629
614395
621518
624542
624651
622388
583625
587711
563418
624652
610385
627557
627546
615631
579708
566748
610299
624484
614428
581775
564160
557174
579643
586950
561127
614478
607827
560998
560021
592675
628799
563470
617935
580681
604160
557131
590690
569862
607908
595197
567146
624619
591455
627522
572939
566711
566783
553039
577357
577418
627453
609572
572929
576479
584981
554715
570759
588976
563734
627664
580518
577196
587429
623694
623775
580651
616313
581243
557092
567202
599429
602285
598442
580441
613065
609843
577393
564241
584159
591551
613945
628562
622973
580523
590485
586840
621498
577163
623794
566838
599159
618055
574331
587349
628894
561787
628561
590493
563484
567519
597306
556358
566722
602931
600332
622373
610271
563006
592899
583085
593090
608102
618956
567172
575371
587933
623760
591499
622394
564962
599280
585094
564145
620704
623795
567586
577364
609938
628432
577221
587392
595932
598656
567647
572894
613950
607897
556759
579656
590550
574878
618048
573304
558911
627264
590574
563749
600813
580545
561448
624534
621484
628402
620758
628390
624444
590534
598444
583065
623691
570282
610222
573343
598842
623017
619506
621238
580561
614469
608103
617523
577292
573358
591361
570398
612438
577280
584213
613971
576903
598435
621686
628813
587859
609518
577381
567556
623789
598437
600360
595893
610289
620979
623769
567629
578003
591553
579640
558077
624555
622434
571258
588850
580177
624428
588973
575448
609507
587867
599162
567483
564963
567646
577413
612082
585085
624462
567470
627642
577276
602975
627582
628372
566765
598445
610321
584243
567589
621487
605865
566830
567562
621550
577241
581794
617260
590714
567171
625366
558807
595895
585551
605898
626002
560026
575668
591594
580581
602279
583665
591089
621200
624461
618002
623073
588896
610247
625879
624541
577310
567555
580513
624609
576489
595864
591453
600509
587736
556323
561006
577301
567162
576536
607862
581256
618988
562000
572904
563744
559679
597540
584174
619993
582146
583220
564851
613614
575325
566986
628370
602406
566210
614515
562857
563609
610826
623755
569954
555424
627215
613637
578743
609956
622405
578696
560167
623747
614623
601583
586955
563626
615368
576572
582530
608783
582186
616312
589934
609759
607552
627459
557110
566181
601252
596746
573556
553989
628385
588937
608154
585066
575675
571279
585984
586977
603250
597696
607820
587776
603028
559118
624306
621989
582070
610304
564436
620925
594600
557479
557698
565843
561196
610233
602302
602724
617373
595858
605395
565425
562128
615375
617383
566040
561011
563985
571073
557504
572626
573906
595099
623522
602316
597172
598668
591601
627861
594331
616362
598848
606430
617203
625517
591624
595338
561207
618894
626853
570499
586152
590108
575688
561013
604957
623327
590121
585891
627273
614155
559566
566192
616482
628890
560774
590056
559357
583173
577908
553966
594422
587059
560746
614262
589817
565998
620829
627697
617887
566015
605062
571856
617432
594556
586894
598506
592060
566920
623129
595344
619857
571612
589728
557838
557797
617374
567615
600381
575808
612009
614060
562525
558613
562591
566893
603706
587496
564508
602478
617360
601568
581279
594510
626679
595291
601377
563986
627782
560131
596760
578801
581233
570747
579852
578380
608489
581736
575557
585957
602741
586436
623910
616415
561034
626422
557403
608595
619872
597689
563755
567836
556466
608902
564671
617746
558845
621916
590747
567752
608857
621574
621335
577303
614338
576069
612007
592625
583203
619844
597856
601518
557840
556815
565791
555893
623816
569273
564744
554876
568907
627850
578843
614618
562323
561552
612020
626232
578748
566864
598546
590562
599456
563604
623752
598083
613420
607883
627349
578936
626357
603223
573553
627851
555434
617339
569430
574788
564680
599196
625256
587055
566798
607494
617410
602961
626255
601620
604576
582314
581888
588844
611563
571834
621864
564520
606269
588799
578932
608040
602780
617428
596113
598753
559152
565768
585929
595528
577005
590665
628842
607948
600376
586145
604674
569148
616542
618190
615968
607612
627401
590616
555057
573579
626395
606071
565469
555376
597598
586417
569912
597719
623347
607775
567518
626689
620168
614356
589461
584431
615601
566869
575705
619431
611984
628735
569527
575641
595345
597654
579845
600084
567838
617347
628885
600090
622350
582390
568910
584964
589970
622935
562683
573411
571395
584796
609407
601246
581051
561529
570890
575925
615572
561379
605167
617747
578426
600390
554869
565894
592638
560769
623308
609455
590117
572645
616423
588176
583813
591449
579844
577426
628882
583298
604759
601639
601218
571746
628887
601472
627370
558172
580120
613674
564715
588778
560054
621323
594474
613706
556497
577428
598650
625122
587678
564969
566951
581235
624449
601582
589813
605051
578825
601206
562762
593011
592525
582316
591762
571667
602440
588885
624139
566174
573854
610555
568740
620163
581245
627328
621186
597824
599506
614185
571200
578911
622353
580882
556498
556485
555380
618110
559119
579766
566860
605109
597483
615539
556389
559350
597165
625152
599278
604879
576058
607548
580552
560596
618762
619848
573426
625309
616007
613593
556490
584711
565825
620936
559409
628889
556051
587702
588487
594849
620768
570495
562156
627380
620219
557859
602429
623908
573281
579839
615581
564173
607909
589954
620032
576637
583186
598573
560149
559289
575849
578829
574770
570796
626054
623709
627914
578827
603264
589687
562513
597551
578790
621708
588143
561432
618915
627272
590660
622395
563602
576661
595180
555517
613854
615595
624294
614062
570892
616368
594695
602310
586325
598514
564826
616433
622199
582153
619847
614626
598589
560972
608497
589762
578859
574360
610521
578946
625906
605995
584480
561308
571835
592332
587457
575788
604354
604008
575864
590635
559422
565981
626516
617614
576990
623342
557269
587029
585756
556843
585554
583023
617925
582203
580829
589755
554367
596001
580831
605371
624029
564136
594590
616406
616553
617993
565993
561139
614143
562178
594149
610428
560501
592640
588845
573533
621740
557680
613320
610553
603196
616736
568213
608483
597680
620892
599374
569094
605346
562788
610312
616668
594471
622346
595328
627361
599370
576018
615451
588825
611707
584860
607631
622632
609690
583105
571729
576192
616498
606286
579704
561071
601251
572964
589663
627383
609707
595459
590708
607602
570794
578978
626448
614239
573899
613918
613839
626212
579039
593351
592381
626337
627354
615999
555555
563997
585911
575811
577230
593120
596966
557511
592963
607785
563804
596488
619453
606581
614132
615594
582356
596069
603400
556499
573895
597691
625399
628333
558656
588107
622646
612386
579706
576635
563460
614021
559349
626540
613630
597724
597587
560764
612764
587596
596082
617965
559507
586188
555563
624454
597528
583748
607341
606487
588839
580155
566809
598461
601626
614273
599505
556047
623917
589396
588721
581766
609682
575794
580659
604101
583495
599497
565713
566905
582333
619948
556494
614739
588658
609637
582210
567303
621896
607301
617344
581207
583224
626844
579860
572601
565848
597125
582553
580260
615824
596689
624884
589848
559329
561244
582303
575309
625131
623123
600323
608866
618256
623141
588864
605634
623888
591313
588100
607768
564506
567797
568781
561046
598691
584792
623786
612535
578854
625106
616409
561218
581359
589947
565837
613588
583963
590629
621537
619788
557833
624301
570531
562563
589846
559098
568801
561221
576514
620218
567505
609083
625897
579187
609184
617955
589590
572593
557864
580840
621240
576626
573239
602395
586992
587009
626438
573664
600329
612542
555033
603386
559424
596885
575115
586047
588106
561297
608864
564797
613607
608948
623440
580429
610398
587508
573345
553493
580646
627382
616006
572671
625240
571814
603409
557091
584708
581103
577807
584877
581266
573258
557154
599012
617671
606304
604337
563582
561336
601674
573560
581152
593111
555102
598604
618592
556800
582392
582176
555895
605148
562705
606406
583356
557823
595525
616709
615437
616737
571167
598590
560146
562470
575740
621899
589763
594416
605352
570519
597490
581316
579807
614162
619712
557574
601520
571747
608839
596738
591039
573530
578943
628393
570642
618656
607391
553418
608817
569069
616284
560726
572899
584827
623702
627277
556571
628316
575271
618845
585524
613639
557913
619883
613616
600352
614140
564883
580276
572620
623496
582344
619821
601517
623876
605379
599018
564538
557476
560153
553549
581251
586995
597615
599532
590628
613594
593006
571537
589826
594504
600333
623934
580564
591803
595699
561341
563638
602936
559416
585770
560985
603861
556871
587076
610266
617704
609119
618648
627400
573735
598602
626433
563563
595694
554662
613865
586130
576570
565871
612506
573479
574939
593512
583245
589200
556526
596250
570791
614123
597189
626538
587073
624538
597236
594540
587872
608894
619689
624346
604065
621609
587970
555475
626105
626552
604778
578651
615473
575913
621918
584741
613050
564901
566187
564734
573786
603877
622295
588851
595327
609691
568956
578942
562564
572248
626415
623926
562418
624345
616515
600330
561374
613572
564772
561084
590161
580095
623922
562915
604134
588224
605299
584924
587320
601893
560115
590038
573229
564186
610569
585555
610479
617381
564924
607477
577898
625299
612028
598631
601774
593336
618944
624755
557819
619793
576649
623860
563601
554032
569496
578441
595316
589575
591510
603595
557072
615669
560704
627330
564565
611986
602385
587020
565869
577211
610427
568304
601540
568460
589937
597249
602334
595220
596734
587794
582228
618432
586937
578974
600394
579765
601609
589821
619739
580787
607816
609925
599003
578421
567356
619969
605440
613712
578008
561451
602676
561479
597122
557494
554993
589801
622506
581361
612039
595535
569089
621769
571716
620894
603656
589442
573269
589841
597679
592646
607919
576454
571385
556436
613877
627587
578014
576591
620007
604154
560993
574236
559405
581206
554537
624843
598692
583189
565472
615406
565913
591810
571742
570866
560050
577937
562634
604966
602423
565459
628223
620922
566894
575667
594062
601170
564900
594626
557848
584392
599540
585130
596098
584453
602400
582543
621959
561102
558466
569228
609570
586381
579764
608975
574340
578948
556410
570305
614194
588766
565873
601621
564547
623825
628219
577344
571766
569384
555466
564845
592657
600474
627731
627870
560075
607632
580416
607523
622371
587524
599509
606567
557814
619876
588863
558631
560785
619400
616347
560006
619012
620178
598645
601593
566685
609872
568485
591561
573238
583213
567898
624757
622501
587871
616713
601576
590525
555934
598486
556953
553697
618947
601228
582499
565816
577004
563600
557884
576714
575639
566177
613955
593132
597596
585711
561145
628376
585997
581172
601213
627289
579776
576636
575706
573915
603227
590014
596730
567546
609592
589961
553287
567755
586088
575810
622354
621897
615635
604787
626456
607070
602419
575138
593108
607979
628371
570625
620938
577844
623482
603983
567828
568914
621578
560059
603092
565846
623222
594645
582632
559406
577238
561894
569096
561788
556392
556093
591299
626740
617639
594785
563026
565930
559878
602205
584921
576838
599065
569184
598768
567795
625466
608519
602025
582801
621942
624383
570144
598913
608567
579036
605172
602933
599117
576245
579529
556166
578182
605614
609969
609457
567981
591211
588063
602825
554599
595005
565149
572404
623077
607722
554486
603859
625685
567531
620347
591431
598020
583183
582924
584137
554529
626974
556158
556962
575790
626599
604725
627739
621081
628379
582142
603076
599075
570534
596666
552895
616121
561197
582258
587717
559843
559560
572647
616533
617658
626587
591325
564230
583601
609265
568078
563148
579419
579370
560378
553835
557524
562907
563009
617324
628139
605139
583916
626517
606412
591707
608247
580857
576704
590157
577079
605666
599213
615198
626610
569436
617041
582857
573124
586525
602361
609885
555901
612424
587685
605508
584533
582887
572446
579482
609270
569651
570809
563140
627131
602177
559820
595937
582685
567872
594225
567472
616560
559871
597299
571529
562295
601673
590173
590578
620337
623631
567266
559857
619551
573153
627070
553656
627145
624425
557662
580080
612503
583214
563184
594923
579416
582053
581378
563125
589932
612505
609070
586588
570532
565578
600315
586698
627108
590324
580570
579588
569534
576421
609011
577060
583816
605588
626817
572007
598139
559735
623398
588109
572200
554341
608721
622505
580392
602094
616792
598287
560906
592616
562771
554549
553952
602195
572429
594664
579384
591416
580353
609223
557253
627146
559789
607886
623893
595558
590347
586755
614020
584498
601844
597645
576186
592216
580883
568878
576139
620361
623616
620020
554104
553693
609350
613533
565606
609940
616566
562752
606482
556262
569678
559556
628131
624434
579150
580329
603281
596912
586604
625109
560836
582921
621338
616462
627331
559825
620512
566221
580837
580358
562274
570351
573130
599695
620442
552792
623800
607696
627101
579439
586672
586597
553757
587135
590318
575809
556231
576224
576210
561313
560107
582819
613792
609666
597338
594870
556776
583914
605839
616981
580244
577650
589898
613381
627542
572092
626162
569702
617105
607404
565563
597709
577762
581376
602154
576622
600020
626708
554534
602819
579346
579145
616919
590342
599212
561054
556960
566686
570530
598280
617280
563060
627058
560629
553762
576423
555297
554584
556634
573576
594261
585674
579814
627794
562749
583840
587048
605654
575842
556751
617788
612516
568882
570508
626478
572328
596685
591202
576961
594322
597942
572371
602827
562287
575479
582789
572408
588147
575099
614413
613378
568876
563058
576135
602383
616571
577219
601383
595471
606588
560904
573032
569704
601890
626021
576408
587405
601757
564086
624389
579527
604388
606300
560537
624368
560052
587037
572656
569771
609605
578953
623858
621428
610405
569612
609316
617013
562251
565924
602826
609148
582950
609628
590004
619939
560851
619484
571088
578991
571105
598525
553761
626802
611068
568866
605619
611833
580338
584357
586079
553502
573046
626687
598140
559837
608254
569283
586563
595015
602143
620519
598056
563597
569023
567681
554502
594953
597699
567910
602831
626935
573222
589180
573152
570737
606019
597716
598358
598927
595598
559495
603186
577569
557538
553689
582757
557005
610105
575914
594583
627443
575772
553262
570260
599209
605439
565549
594928
626997
566448
616596
566673
581854
624430
579278
553457
582250
563297
580775
553921
582273
569952
604292
566839
594231
563200
566630
602210
628150
614593
564064
554344
576020
558525
575577
585642
617493
598271
604745
556252
569544
622717
582724
605810
591319
606299
563017
569938
563025
554738
598284
616069
556191
595043
583652
627118
557588
616478
572409
623843
569776
584277
556088
627140
591285
560569
603051
620518
586635
624387
620421
595068
586670
628785
554578
623056
626183
580627
576205
626366
621190
566930
606354
575904
587608
595544
627004
585759
563224
566439
591742
616504
560862
556023
582817
566042
621996
570364
626946
598101
564691
618231
598323
599470
566495
581209
619529
579571
576119
577104
616139
561118
609003
578630
602015
576420
554286
610406
564656
577742
620133
605351
617870
578920
582845
562882
570348
567049
571897
602035
582972
624804
626996
594983
626961
627137
601737
595716
569755
570384
602086
576384
620079
598236
572421
590442
586976
586622
556949
576196
563021
617060
579390
609410
579339
562270
553232
627125
560098
572382
590118
587435
588390
587590
613870
608084
613680
576883
605530
577429
570555
576379
586454
563020
597661
583702
627114
598375
574336
576124
565442
568872
565961
605690
556263
611633
587569
602410
590228
606398
559882
554488
604780
565503
590380
572642
582278
609134
569271
555942
552791
575857
616484
608609
616951
590280
600339
610116
586586
589515
569674
595141
597296
590319
595720
579180
576241
606539
555335
571695
584128
565933
605702
614217
566279
620957
600522
588589
554347
569679
579291
627931
556116
556366
626007
620432
555354
619973
581380
575403
553615
608959
620315
619525
580464
620308
586463
598612
587570
620652
609429
553866
623335
586529
591169
615852
553957
553709
609327
569800
553446
606592
572057
614105
598778
600684
623034
620898
614015
596507
621886
590064
558826
607981
587434
577328
587105
601892
572585
611570
595542
624457
595794
622162
564498
594216
591079
609013
597323
598378
575408
595781
612865
578179
567899
556718
601381
576138
586220
563063
575409
586587
599105
578993
554343
615315
556268
565522
554612
602715
590890
613552
626128
607712
577272
582385
580231
620390
620516
608747
586808
619598
553922
590235
610176
627791
616085
596938
574338
616808
619943
595837
577114
560122
577931
566038
569846
600788
622707
590236
610100
620360
564447
595114
559726
586251
558138
593547
553836
625538
586122
559728
586057
609268
597946
613742
589957
555383
597899
564039
621222
592067
602246
562974
598256
569272
565994
590021
579464
570961
627072
570738
565864
586640
556114
587948
554558
627182
578546
601785
586531
563573
610081
587562
583002
562623
562990
586804
607779
621383
594582
566398
614119
607920
559762
573133
583919
612301
617051
615745
579465
586510
595115
581909
582371
557501
583171
580115
583475
627133
602197
595724
569663
580935
579470
570537
626624
566336
579474
599087
603052
590233
567808
557078
590104
598219
554545
556192
569764
603866
588848
586815
613734
614121
563001
587945
557649
573751
602057
624337
601687
624846
582876
584719
563256
616871
572395
571491
599198
595140
627462
555299
601298
613739
595936
586628
582915
601680
573750
601307
596042
618695
586133
563007
554582
621617
563105
571206
566417
623513
605442
614332
572477
605676
598281
564659
576725
560856
598257
599243
557507
607508
627911
560641
609996
587606
590409
568403
556118
620649
599063
628852
620551
615086
596615
616833
627393
586143
620412
560809
553687
621343
579786
582719
570562
573184
586825
603337
608257
554696
582369
607661
561309
577036
580867
614453
624190
572501
616849
572613
627073
597780
594978
561791
620415
605789
587419
606011
579405
616985
561176
594636
610216
553912
559600
620256
560804
577107
581066
628142
626832
610243
619946
598104
579368
579341
617757
621208
566555
609308
613713
556219
569716
627178
589519
572390
598331
607303
583917
563274
623803
580342
553874
608251
619661
553710
565025
564387
595554
586749
590619
577600
621881
593852
585160
605811
563142
614116
554287
572419
596117
620404
627813
553766
612421
582493
556124
596465
594579
559885
571903
553747
577573
586523
564040
618168
563355
597663
563122
609942
603200
567149
620828
579262
587884
569725
621249
569629
566371
617778
560873
556420
569682
559877
568859
571111
588461
572423
598242
617279
621176
606380
553744
585726
620487
602380
563098
602678
609891
571850
608153
567385
578586
586810
584388
579345
553665
608446
620173
609066
598258
589505
596043
569710
600340
572945
582031
620871
597530
590088
624573
590393
595071
573274
620498
566605
582914
589599
561037
610097
566682
590163
609549
620651
601316
579540
583772
602185
590821
556972
555003
617651
570729
554281
614553
626584
609382
563002
617806
576312
559852
553612
573570
609139
572478
554491
597660
607664
586708
555469
590316
576528
584278
587572
571777
607669
554929
571892
553837
582841
577071
617012
618340
567055
556022
602060
598584
597747
567985
579365
616073
618088
567533
585690
626511
627116
602219
591570
576279
598579
571898
613793
563110
606579
586638
627120
569576
563333
589867
605841
599739
586045
597416
598189
554586
595800
626984
582949
573178
576333
568084
566030
616215
556139
562852
609333
566465
561329
582690
609339
566482
623163
605647
619556
563197
571151
577623
620406
559786
594980
607675
563185
554524
595129
580802
582472
569931
580425
569647
620622
608841
614715
627422
626165
628570
620129
590290
559918
600812
626503
617001
576115
595010
570731
595014
598401
621351
553250
626674
554110
556991
590464
569926
624053
617910
564251
554897
582768
572527
626982
573128
627936
570506
586833
591296
553542
594997
583943
597659
583795
583852
573749
587565
573094
566508
627037
553235
578996
587699
598766
562672
598238
606024
573867
557412
591498
580349
570141
586626
567807
588102
605711
565516
580330
576348
620827
613636
570528
609778
620331
569551
622571
620324
576261
620325
559771
608941
554611
561177
604051
600437
554276
579593
595064
555847
583814
602828
577538
597272
615541
620889
563452
598586
568092
594676
614059
626847
583207
561113
623263
595623
609454
577574
616081
560719
601722
563332
619154
552912
555862
609578
556807
610087
569693
616606
626985
597702
559804
556981
620997
573588
584891
556327
556307
591749
591228
594598
582970
563175
619534
587039
611405
605763
562776
605507
599208
598022
593524
607698
594319
598567
609292
624334
587389
601999
583513
556762
602704
571100
590435
578535
561651
605169
560861
607711
602814
618226
571060
571025
587381
563028
556278
580676
610493
583955
572810
598250
602679
561234
610606
584434
616909
586758
612536
607715
611983
560900
553667
556153
582375
605782
586445
554559
561209
602745
563187
566389
579299
614114
617964
625421
620596
590189
616936
598924
553258
563886
580341
555848
604680
613732
555756
597653
570525
614182
570969
586696
553659
620013
556284
608612
595546
579404
590216
577081
572534
600314
563153
595533
613422
582971
608554
620509
626893
556867
610064
620132
587603
623554
582598
572443
627568
590093
569791
553787
582853
616937
595810
569945
621247
573150
555590
564059
562235
575874
590288
577473
601390
620650
616862
576777
623162
569422
607721
579277
569684
554791
602656
597325
553296
576852
554689
589592
586366
625479
582646
577088
591797
560839
582875
562751
556944
563116
593872
590010
598384
554352
572439
597728
583847
616998
556632
569285
597744
620328
586506
563178
559784
576323
573733
579458
609523
607956
605631
601329
601766
628874
578874
616908
576376
576253
571510
561795
556629
554576
595040
576272
610073
576049
571922
566666
606013
590242
592644
569766
620543
580810
569627
574081
579313
570825
595717
599271
584023
569695
602408
623237
561330
609305
617003
560135
586211
624364
583913
576231
620179
562987
576046
569633
588032
560634
568883
626133
594938
579447
607699
595106
611617
625985
620259
560868
559986
591914
566517
553960
572397
576851
608985
606273
611065
609993
570513
564590
569648
556752
626391
624366
590177
580873
586753
567805
582546
612802
577085
598183
606316
580192
591133
627085
598606
601992
609332
624922
605155
626564
591292
559848
582704
617792
572185
615083
620488
582347
553776
576227
617089
598270
623835
566549
575761
591735
605177
626107
605093
554539
595777
593802
619690
602422
583323
582714
573159
583811
586747
594669
614372
602556
605323
602823
609324
566624
595298
562806
571876
613380
609441
583380
616729
585927
581379
568486
559473
605089
569378
566397
562971
585168
587426
576282
590351
602657
602098
576370
598206
616505
566428
587206
582689
556748
605534
566534
569181
566280
577059
614688
605745
588862
553640
570523
620460
592311
572258
563023
569818
567958
567424
563281
567865
562750
565912
619917
620504
559199
576051
597635
569813
598406
610099
626716
590416
595021
599094
559486
620355
576197
553737
587586
579467
616072
555825
583593
557668
599472
616958
560195
579542
620618
621873
565530
603082
606421
607710
596135
562966
595276
563903
586702
583669
596506
598771
556945
563084
564477
620511
602833
569676
556165
556117
625514
571099
620728
609777
563327
580906
608558
556091
597220
610492
571131
556982
564557
575427
608931
569655
605388
575385
565960
602010
594675
569652
562967
570411
586643
566923
554565
616031
577098
591509
616943
578205
569233
587340
594986
626181
586528
605227
606146
595609
598103
597219
617099
591763
607983
606527
605499
598272
587709
569619
579371
577069
623432
617112
595142
563785
594999
583989
569530
570543
566523
601732
616544
600337
590418
617033
553892
585330
572376
581522
569845
566503
594977
560636
603044
617724
563064
575867
571548
617281
617448
627423
571794
584742
601731
621398
553839
627084
627130
583165
576837
587594
627814
580255
568021
554546
554523
624923
627283
586532
565295
585657
589548
576769
557565
553499
586801
570510
608727
581091
590089
605596
554314
577625
595091
555386
583830
602233
594974
554390
616071
616213
602844
586700
582923
594926
559776
605639
579983
598175
554304
582965
620500
577902
572532
569426
559795
577116
556795
577606
620069
580334
602797
560936
617496
579184
576346
580897
613735
572432
609447
590159
556183
566189
600125
560090
611976
597666
595278
623045
576155
564057
610937
580537
591168
582878
556816
598577
607708
580434
579591
620599
566216
591329
587555
600677
617068
589589
627284
579306
556128
612809
570269
582787
626018
589190
618321
582811
563255
570956
600811
554521
576369
583918
616715
582631
624259
604706
624153
579937
560016
626573
608206
608937
563913
620452
586787
607689
560799
564444
609264
577463
582765
553540
578904
579406
625423
594589
553745
605510
623958
625084
616854
616926
561316
621833
627047
567408
605743
580834
572387
570153
586228
566504
566922
580629
594907
605586
572456
560128
554821
610020
566631
623871
553765
573134
582640
582526
577312
588201
569494
609318
614088
566161
624827
620524
626033
580347
553754
555956
628849
595038
624680
594596
566934
606149
598227
606084
569711
574647
562380
609005
599079
553670
572900
582881
579082
553781
597608
579461
583159
557058
620174
599875
567779
617090
580167
609068
587955
617755
569269
576145
566018
572637
620886
601709
621380
563279
566435
604736
573142
553801
626773
562723
558581
562458
579152
573520
564840
620507
605194
620342
587600
617040
592245
586072
623862
595097
605226
594808
591121
589979
617764
571544
586165
610098
579463
555880
624594
575870
579580
573592
616912
572333
570916
569492
590394
585329
618347
595022
601689
570290
623998
579604
598947
579812
572553
594665
573143
598988
569714
590061
573301
576652
563295
616506
607724
576491
572887
562773
576154
620019
601284
576110
620257
565148
616725
605610
609231
576226
566419
564952
596737
594981
565603
602080
595465
570600
559589
580240
610785
554506
583540
572225
595027
613818
621354
606568
569630
