6743
23632
19332
14478
5709
10181
17888
5727
15725
20287
6875
6657
25245
23000
24093
23747
23112
3138
12221
10380
8878
7372
7800
23262
16280
17133
22302
8930
20401
17862
6868
17254
18848
17734
2428
8700
6804
23652
13865
25202
8230
7399
13685
22241
21583
8886
6815
3014
20806
5952
17705
8196
11595
17076
5350
5748
24963
6995
20512
9816
2788
10420
18651
22939
3924
18411
13060
4458
16886
14440
5006
24796
24281
15893
9371
13979
15502
23413
20581
22545
13945
13063
4547
16345
11293
2302
18983
15563
5435
22166
10102
22479
7213
11335
22167
11600
20833
20884
21600
8721
25246
23755
23689
2982
4225
2946
9935
23234
20369
6004
10090
2881
9908
10830
12289
24707
18974
8482
9415
4385
18338
5496
12292
4026
23221
23595
6925
4823
8885
8473
10838
2746
26042
7376
4492
16493
9282
12080
14035
5550
20233
4816
18840
20278
3855
12529
2830
17378
5175
12153
14279
6251
15702
12302
23021
3953
12230
13845
4827
23158
17624
4294
24190
14774
15385
23665
20060
2751
15577
16144
22618
21368
10092
6110
10827
8837
2833
8256
18660
11877
20385
24476
8047
24030
21625
13592
17137
25573
7297
16591
20476
2457
22089
24726
2763
15945
8654
20291
15412
18753
16554
21859
7690
7098
4183
4817
2908
7957
8686
15370
6281
12213
9815
7188
14909
22203
16231
5712
17184
22898
15556
17171
20541
25184
6230
11982
25627
25181
23242
8902
8670
4582
22766
13624
8323
3859
17769
22083
5698
20391
23078
17668
15497
6915
8284
17978
8863
4256
2317
25507
7106
20558
9942
23761
2552
4672
7958
24742
13433
11984
23996
5682
15943
18677
20086
8169
20105
14011
18902
6825
11655
6680
11951
12514
21703
12273
4254
22281
20030
24625
4629
16110
20560
5099
24916
22207
10351
5075
4271
13508
5661
22108
23713
7059
13620
17310
5882
22926
16154
24066
16995
3902
17146
17105
15429
15268
12795
13853
6629
23959
12271
19383
6888
13468
9948
8314
13525
22732
4284
21526
17895
13839
11313
3005
13533
14335
18851
18774
22141
16018
20459
22570
8805
12311
17124
8746
7873
22164
25683
2903
5974
3840
2964
20706
5177
10965
8912
19748
7926
5608
11690
22030
14941
7070
13689
20359
18082
22004
19344
22242
24915
14853
25516
9979
25944
23787
7384
13246
14953
22237
20571
18710
9929
9823
5237
18030
23730
11638
15205
20788
23726
23062
6827
22424
7530
22774
2944
4193
2509
11834
10763
9763
6820
13950
24446
14007
15446
13228
14896
13802
3852
5455
20357
4364
5666
23648
14945
2851
17818
15988
9283
8039
18999
16101
21291
10738
5966
13249
10074
13469
18178
5648
7431
23344
13390
23704
17174
17672
15715
10135
12480
11967
24696
17768
18283
4986
17090
14407
10664
10050
18078
6905
25927
24918
20740
10084
12422
2984
25449
3038
18360
17165
22975
23445
15950
7529
25377
5144
11334
15392
14021
20326
3028
15434
17729
19668
23823
6971
2950
22453
18648
6866
15793
9713
16295
5922
5627
8763
8078
23635
19302
4296
20563
22095
10845
14136
5616
16532
20302
18598
22869
23796
8038
22273
20139
20262
15965
20067
15359
7366
13933
8037
21509
11285
2941
15623
22445
24549
17675
13854
6785
13408
20170
24024
15684
17175
7166
13331
20481
15750
6691
18055
13563
22989
10795
20362
2871
4592
10106
8425
10093
10373
18585
20097
6789
22434
12877
2435
16551
4153
5247
17315
23273
24648
25680
2630
21127
4695
24787
23074
5135
6471
24845
2553
22785
15717
20667
5693
10679
3031
4417
19856
5531
23425
6064
7211
23223
8844
19074
10667
21119
15347
20356
23734
6540
4977
14903
25889
4213
25189
20306
12316
7671
8062
9758
20792
22892
16048
3938
12336
15982
7340
5035
7441
18756
5192
19370
23675
8377
13794
6936
12290
17526
8916
14885
12343
20142
19142
22777
8269
15631
22373
10430
14573
23421
9977
23562
10159
22062
25276
14923
23012
13549
13796
15699
25684
16767
3530
15245
10295
7504
18339
18806
17560
2729
25575
13607
9412
5446
8618
7466
17896
22181
4691
11315
10270
8858
13808
8317
13856
18053
15236
23708
2316
4693
8407
22090
20773
17439
18730
14986
12502
14894
17775
17558
6228
13997
20178
7414
19742
23809
7629
4113
24718
5675
15466
10360
4862
19833
3137
4384
4260
6200
17214
2516
11831
6490
18215
8210
18622
9750
9956
4627
23131
7344
23902
4045
3926
18697
22896
10963
18029
16646
18834
16160
9442
10370
15262
20445
15758
10530
19778
13340
12152
21014
8659
14500
3468
14017
25321
19704
18063
20906
5898
12293
24731
19610
21208
18679
14893
7348
19301
19790
17121
12102
21364
7814
2318
9449
22974
13068
6532
8316
15805
17914
4786
2735
23406
22269
20252
21525
22496
19368
8102
7184
2773
16947
4209
11856
11778
3035
15025
23714
22318
18715
22941
15986
25533
15379
25504
7520
14146
7304
14852
10656
8274
8251
18734
23026
12099
24691
17626
2951
19773
17403
12268
10059
20285
13958
12874
9160
16585
21931
9205
4353
4935
6195
4813
19577
23715
17308
20717
19230
23720
8856
16083
2445
15995
16387
18857
20504
24632
22145
8526
23638
2817
2450
20015
14192
8207
19591
23876
24942
5657
14811
12121
17827
3151
16678
7744
2826
6639
2894
8387
11950
22452
2846
21046
7738
6120
17948
8485
4379
16171
6659
6864
2975
14857
24739
7365
17512
15227
22341
10150
5983
5126
18842
5676
23614
20054
23307
15145
10118
19402
21299
7271
17592
5474
9364
19696
17449
17400
15752
25718
8738
5754
6667
8224
7892
13982
18061
14912
8779
18236
20530
14787
14891
10195
19112
11965
8486
15964
20202
8899
21369
11871
11582
7882
11952
7778
22118
23243
23667
8866
17661
25380
18635
7362
4220
19795
18571
14299
4352
16217
10765
23284
24191
15381
11915
15949
21361
8658
4641
4737
15966
25681
8238
22404
9931
9058
19366
7247
23428
17324
9432
8034
9906
4291
15533
10098
17225
5920
4390
14859
11688
15343
17716
18603
5609
7417
12134
16564
4285
8756
7214
5185
13972
23310
17833
20524
8777
15928
21347
8669
22793
2896
21115
23032
5876
22853
4195
9837
11864
22409
17941
5593
18352
25948
22222
18748
9381
19134
15687
15197
20259
4927
10853
20585
10822
8219
9464
7581
25620
6522
5993
15971
25564
25289
23628
18775
21601
18980
22458
5288
7256
17508
4684
6917
6699
9945
15782
21520
5574
20283
16156
21585
18391
12322
6402
8860
10302
15286
22240
19113
21358
12315
8849
18631
6759
9394
17293
7140
3962
20339
17044
8739
17342
13786
21932
7326
7349
20016
7497
2775
10369
13220
5576
7910
7041
20216
15695
5129
25137
23821
6948
20865
13851
8695
21388
8295
10742
25570
5628
9148
4718
2717
8515
10178
17083
7392
16035
23081
25059
5298
15991
3785
21648
6808
20204
7494
26077
25831
23303
18379
25949
10749
14046
10994
4485
8365
3992
21641
7545
5141
16444
10045
11092
13610
20096
8713
13215
4207
6928
5713
18093
9097
15807
10764
12294
11469
11305
6282
5468
5315
12064
16087
4930
5482
24723
14034
18843
14866
10911
4995
24732
15757
19354
10724
16957
18939
4274
12084
20652
23320
22725
9350
24727
8926
10690
13585
25299
16166
8905
16268
20099
7901
3246
13581
20738
12006
14917
24829
3257
8304
24297
2425
8828
15372
21567
4505
18610
10649
9857
4249
4773
10402
20027
8986
14033
21204
4461
18766
14388
15907
3253
3535
21038
25338
8029
25579
24814
13153
8202
4685
16587
23073
12423
15891
24432
17101
16848
6818
6222
5909
8776
14899
5513
15234
2953
11720
8690
2803
4675
6938
8263
14821
24473
12875
7895
17994
25930
4307
12254
8211
4772
22257
8720
4243
24371
18569
5248
8212
10105
6173
12284
17918
20821
8747
4203
8270
8514
9006
6792
22659
9073
8862
24044
13426
10236
6130
17714
16918
7241
3018
11844
20077
4397
5467
17902
20009
16842
17377
14012
14010
2778
9379
11976
5579
20092
23568
25055
18368
8771
5857
22389
11311
2570
4774
15239
18701
4198
18844
19097
10852
7544
23709
5749
15194
3913
12515
4804
18847
14868
5529
25305
19498
18634
6751
20447
9806
21059
18643
6129
18830
14056
25498
14113
23230
2831
17123
23803
11316
5038
25374
21950
22973
20469
9886
20376
24164
16046
21619
25596
9140
10378
14864
8692
23003
16038
18079
19825
19315
21657
10087
3033
20801
23288
9550
20876
7337
19735
13388
18804
19733
22469
22543
8915
5716
18104
11826
13600
15265
25332
17737
10101
4643
18858
4814
4074
5761
22063
12001
8730
18174
4704
9229
24679
10169
2877
12306
18044
13484
14390
5697
8851
8233
6878
12443
21363
10429
7866
11501
6001
10196
5234
6844
25145
16519
22476
20087
25614
17731
12010
11636
5507
13989
21043
8183
21615
19775
11947
19141
13883
3209
17740
12226
7400
7130
16553
4709
12342
9363
20621
7371
10299
22276
9208
10683
2755
19811
16614
2977
9961
12180
25382
17728
7095
8877
8952
22762
9375
5498
4302
25206
25567
4211
9898
21913
17322
9365
16148
11838
5577
3499
19183
19247
15951
4474
20553
24681
17109
8882
5112
4696
2688
21126
21184
18096
23056
10703
15491
22471
11879
4208
25458
5515
22371
14023
13965
3467
12651
22466
11122
8231
5493
22303
16118
14054
6184
17986
13478
18539
7305
5207
10824
16057
7991
2525
20196
20080
7352
9934
7458
23783
8744
6880
20297
3090
24694
16508
15519
24286
25625
22362
5663
13900
22396
4982
22864
12021
11992
22776
25501
9161
25365
8265
20863
20418
17542
18853
18329
17148
14427
24517
15287
13209
6826
13894
5548
15414
4392
20748
20755
6188
20723
18168
17850
16097
19694
21214
8500
20796
22996
13862
9409
8046
24940
8005
23655
8873
7914
22444
23695
7688
5243
11687
4078
5945
17134
14124
22228
2326
15187
4259
6205
4181
4710
13398
12395
18530
10687
18661
2487
7162
6253
6539
8188
23642
2599
10629
4192
16832
15918
25282
11572
22092
19345
6749
20539
14127
13527
20031
25613
10848
3217
18763
2813
4334
20711
24127
25190
11634
18167
18232
17761
26060
6041
16866
26029
18819
24234
14784
15803
17916
25188
24450
6256
15423
9999
2789
17051
9659
4255
6959
16164
5591
21304
20758
14061
23270
23670
3539
5224
6918
2816
22667
6214
16514
3296
4624
8991
5717
3037
19687
24685
22604
19820
22993
13987
16005
8740
23235
8306
10747
8841
19628
21776
7548
13584
15776
19851
21822
18577
18638
13608
17092
15220
14318
14485
8272
24962
14015
8867
17041
25942
14888
16340
18792
24775
13691
20393
7442
22432
5296
22138
8493
12888
25425
20579
10171
12897
9437
23231
21532
13164
22913
12557
18051
19467
21482
19192
10363
8608
12337
10261
22803
13917
24109
5645
10350
9559
4027
21332
10693
6846
8722
15140
19234
11942
22245
2798
9745
23994
17095
25549
17205
6476
2780
20395
18616
21012
11495
15638
11843
16581
18334
8413
4628
20441
25259
20343
10011
8890
26076
8772
13882
12355
19691
23106
7322
24693
24677
19585
7628
2504
13948
2515
6647
18028
24934
9151
9074
21411
20454
25054
23040
22262
20084
11235
13394
4340
2971
15271
23630
6748
4548
16134
10353
12872
2814
7546
25363
20430
19562
25138
24715
7164
8302
12298
9224
2593
19648
4275
23105
24895
11881
25477
15990
10513
20728
12505
19829
17657
5328
23802
6267
24678
15924
11566
4297
11855
20593
16625
18854
5533
23766
5125
4238
15327
24774
18335
20050
20066
6854
15418
2897
24055
18282
23327
9954
14935
17903
23322
12390
10119
5055
20051
24516
7611
13994
5813
21404
3552
25081
16037
14474
4688
20005
25474
11161
20101
19866
18347
25547
4400
12305
4801
13885
16887
13990
6654
9328
5227
7516
17279
24728
22344
17899
2327
22602
24703
6716
13953
15545
13852
14745
4289
21013
8936
14428
7779
24736
4872
6265
18850
2922
24360
11849
13065
21276
15601
9748
7941
21167
3564
15731
22347
22296
7893
25256
22831
7580
12488
10352
25219
20089
15374
4048
7496
12040
21289
10976
23084
22839
11937
2916
4053
24654
2633
25404
20240
14734
6292
19642
7781
13152
6180
5093
6756
24649
6861
21630
8736
25094
18705
20131
11839
9575
17272
3443
6919
17341
25294
25475
23434
17727
5776
25324
18672
18849
25594
22355
15209
18752
21051
2481
7223
22807
4288
10812
10864
12536
24674
8751
20284
25339
10835
5590
14921
15766
16808
25261
18041
18607
23013
5220
2760
23100
21087
20487
22087
7410
5753
4146
11630
20068
11097
8784
23576
7245
7907
9900
19342
3546
2618
11880
22082
25347
9960
6128
21951
18801
20028
20039
24504
23289
19660
8735
13864
18516
25537
22183
11975
17923
17795
11253
23693
3039
10688
24928
23691
23045
11910
17871
13463
7105
20605
23116
23312
11857
20100
9939
5611
5758
12217
10538
25710
18553
16133
13938
22658
4782
18269
17079
8909
23096
11104
10022
25661
22348
20641
21090
13465
10263
8427
23451
15525
8199
15903
13988
17639
18241
22149
2588
14783
24924
9980
9937
23983
24676
10116
15974
3836
15911
24689
12410
3997
12447
2587
17112
9912
18563
22160
22293
8888
24961
22343
18761
7445
4304
14320
21697
19640
6870
19905
21632
11997
8001
20212
13846
5871
4241
2462
5598
5889
7215
2565
10266
18166
6179
3956
10269
18285
4166
3002
20062
12500
23699
23029
22878
11888
5736
16574
17064
3123
23570
3794
15272
24608
7889
24764
14914
8647
8252
5867
24396
3442
18609
14329
12124
15473
2617
2774
15610
9755
14465
18811
11853
7401
20651
23382
19295
24798
22122
8868
8825
10837
25455
8770
19794
10992
2412
4245
16104
5622
7364
4189
7189
18984
10428
7745
7636
16204
21912
17100
15307
12867
22932
7395
4825
17131
24311
23293
23617
6382
18982
7507
18380
8112
10142
19352
2613
16542
11438
5526
6732
3034
22549
10541
6154
10246
17222
18972
7715
18384
2957
14987
2510
20463
21228
8917
5522
12412
22740
23251
22393
9830
16949
8679
18738
23873
3013
20073
12511
11446
4513
3566
24922
15629
25577
4186
16517
19196
10043
16149
18032
18732
7756
5730
15447
22312
23582
2704
5733
7328
22972
21183
3986
25041
22339
3262
19719
2413
25352
17563
6218
8181
25337
10828
23279
25545
7377
5667
8286
17973
12329
4281
14568
6979
4525
4507
18206
17726
2749
2499
23598
22388
3127
8213
18613
8019
19756
25371
18151
9752
24508
13406
6692
25257
14726
7368
17861
24125
15260
17706
18686
20902
8293
24730
2507
3024
25478
5563
4984
21599
3242
18546
15957
22370
19836
14202
14041
14352
25950
18069
10070
7136
23306
5834
2902
7236
25210
6551
4951
7571
15237
6091
21054
21303
15028
10185
15436
9202
8798
7973
23386
13944
14132
18958
4000
12796
3180
19952
23779
17859
25674
16010
23051
23659
7026
23179
4278
19630
14393
21928
7835
17221
23680
14249
8268
6824
17108
20061
9170
25941
8843
2748
25541
3977
15578
2331
24629
8689
19364
7902
13999
25555
15773
10304
4428
7258
16612
5742
18289
8402
20577
23698
22427
7474
16043
2767
8271
16559
24651
24156
17803
2529
8305
16648
8203
2554
10718
25542
4838
22332
23748
12424
7840
20026
22406
22497
5917
18304
4239
4668
8810
23676
22121
3525
15969
25480
14850
23318
3544
23626
18749
4469
23178
20405
4920
13869
18066
6931
3220
10865
16717
24265
9082
5201
6443
2887
16938
22055
15639
16135
25468
13459
9053
3336
21464
13260
21556
8793
18606
2290
24609
9919
20477
19862
15521
12130
5027
15148
23631
14928
22098
5107
23433
19274
8901
21921
16155
24536
3077
23792
17822
16001
25499
17666
12282
17536
7437
17724
15121
26146
14283
10390
16168
23606
25568
5728
17735
25208
4972
14911
22168
15353
25118
18612
15910
13188
9636
10012
25088
8254
13892
13850
19609
5653
22175
5551
14443
7379
8666
6560
22894
10850
8456
4476
4727
5637
10104
19145
5552
5686
22056
20255
19947
14490
23411
9039
22354
19245
19381
4669
12923
12327
16129
10049
16488
2795
25668
23776
10245
16033
25822
4877
7811
10906
9417
21763
14389
20461
2848
20837
14822
6836
17669
24306
22873
4143
2513
23385
12894
4058
16572
9849
17977
12341
2369
6890
10859
22487
21130
23216
10314
13973
6517
14384
15211
20404
23620
10862
22380
22285
16054
6947
16004
19792
17953
22299
6941
2758
3154
13690
4242
17851
9902
3119
3554
6903
25235
20012
4224
10680
4279
9890
4282
15331
9004
16174
13688
21617
15393
8924
13613
7710
23071
8298
12183
2423
12263
6892
19066
9963
10815
22213
3415
19722
8789
16814
22013
9907
4453
22773
8937
22367
14851
23261
16076
2348
13576
18220
14611
19730
17057
9866
15223
15246
15238
16844
17128
10273
16095
4236
21523
7428
24714
15176
23964
23391
24644
4508
13171
6097
17722
25605
8423
10041
21536
10077
22473
12175
24638
22151
24308
25250
6934
4348
13874
10103
16124
23767
12397
18662
18828
22274
19407
22282
10997
22935
10840
4382
5316
25349
20775
15919
10164
2777
14534
22280
2914
22190
14880
22784
19421
6509
18583
17070
20029
21186
24043
9336
10047
17606
9386
3778
21624
14403
22478
25355
21916
10079
23417
2486
20117
23442
2866
4799
4807
20059
19209
21372
8788
21945
7559
12058
5658
6809
7976
6286
4480
16165
15426
20536
20206
4484
14229
22654
23309
6935
3007
10155
19184
4448
5921
3693
17163
19608
21870
11499
6224
22467
22093
20883
12448
18617
25298
18733
21061
19020
10775
16503
16549
4483
12930
8728
10695
22330
5878
22936
13517
20344
18803
17085
11205
6125
24705
10060
15680
26026
24907
23688
10153
23067
23075
22046
21591
10048
5621
18548
10678
17767
3081
9766
20375
23760
8911
23999
20645
10357
10230
12083
24049
24958
23435
17793
13086
25517
8257
14147
23700
9749
9893
16426
10870
22901
6840
3213
18654
18723
10075
15892
7356
8220
6359
18271
8282
23222
21876
23963
7347
23314
23599
4319
12382
7079
5239
18359
14036
20374
10762
18905
13534
20602
24356
18034
25963
4287
24949
4623
14454
23661
6908
10729
8766
20219
16929
14064
21809
8748
15939
25961
24905
3146
5654
2432
10322
8815
24741
3295
22850
3801
17127
4708
10371
7217
17094
25510
24198
7432
24938
14816
17578
6885
18042
13832
22264
14825
16586
24762
5672
7353
22378
22656
9078
22411
22188
26021
12793
23239
13192
7861
17746
12012
5320
17032
24417
25241
20335
10020
23682
4202
20159
12065
17840
8826
2590
3841
18350
16130
5696
8665
5153
8016
25348
25553
25381
10068
12884
15228
15508
22425
15929
23782
15133
2718
25454
16530
20488
17989
9277
22882
25853
5750
22871
15619
6115
9212
17893
10111
2954
7997
24779
4960
2541
6856
23282
3971
6621
21202
14862
19861
14008
14860
17970
2495
17845
25242
8683
22788
7388
8650
7324
7361
14336
21637
4049
10156
6726
17192
9397
12307
9955
7578
19399
5338
9947
19336
2722
8380
9649
19489
12491
18593
18094
15146
18072
4689
7393
6828
7451
20697
17352
20046
4329
11565
2427
3020
22139
22880
20382
18787
5762
23393
19971
3551
18501
2974
6624
16628
16339
18769
25027
12303
4921
12160
13055
20011
23313
8855
13505
16349
23668
12901
8253
25301
2969
15181
12081
4821
12418
23086
14100
12720
3790
20535
17907
8237
7495
25218
8313
24688
10071
4248
10750
15688
17679
19405
13923
25224
4864
8084
4739
21603
16594
17852
3417
14863
10175
20513
6787
20337
4994
6891
4633
16555
18800
19750
2915
20426
18296
7131
16396
19752
24643
22438
23754
3645
11123
22728
17580
21495
9910
17928
20103
13879
10100
2970
4265
14728
7772
25442
7517
18611
4221
6740
9905
4418
23597
25538
8364
10876
7134
25086
3649
4715
2287
9178
7252
15921
22900
24937
5516
2993
13895
14721
20266
5024
18837
17898
8173
9986
19013
2577
8266
8277
16822
23731
3159
4036
22464
4701
11899
21546
18667
15427
15383
16145
7424
20185
13828
10039
6741
23621
5078
18818
22323
17481
18810
20065
7686
17166
4135
24085
20274
3449
25558
11835
13498
5306
7124
21181
17984
22447
19337
7501
10785
2761
15643
11820
22720
6924
13061
16940
18513
8802
18532
8246
4312
18182
15352
11906
25295
23220
5302
22999
8693
6872
16629
19471
21022
10909
2715
16548
6233
6151
20826
20473
15685
20732
23742
18403
23275
24752
10733
18845
17482
14025
17417
4381
17618
14932
9822
23155
6810
17849
13890
5678
18291
25846
4674
10099
11868
17111
13480
17723
5508
23004
11994
4926
6488
16230
14775
3562
18823
6033
22799
8628
23609
6126
10292
9971
17506
7199
14288
14049
8287
4789
7978
16402
22360
8279
9264
5633
17336
12432
5061
21266
9060
15598
17904
8634
5344
18365
23692
19780
17927
24261
6852
10173
3845
22905
17193
24076
2511
6032
6830
7078
25495
15389
20650
18669
3015
18333
17030
7301
10207
12162
22665
4523
8696
18962
16673
2772
8870
12262
9978
24635
10991
24819
22364
18205
22756
18117
17164
9962
17040
13499
21521
17167
22441
5582
18376
25515
7319
12093
16896
22184
25336
11241
8421
7224
6913
11869
24673
22346
23438
4516
9938
7448
13819
10120
5342
12265
10338
25179
4172
5031
25366
17791
20598
18049
19955
7871
19363
21849
9362
9943
25358
11624
18332
8884
12354
22560
13891
8205
22649
24954
18601
13146
8226
16952
13940
24616
16122
9952
3982
22942
22146
4605
5119
10001
18218
7727
4416
16451
8288
11825
23390
25556
2952
3787
11928
7511
5918
16558
22201
21074
11269
13830
9753
23218
16114
2972
21045
7375
18700
3283
22223
12361
23315
4713
25372
17353
11841
18670
23199
20774
22147
7963
6760
20866
21418
11647
16557
9108
20451
25923
15909
4366
10960
3946
5278
17617
22537
11327
22855
23872
15495
15106
20342
2959
22107
23752
3234
16863
16112
11689
21348
7977
2762
18647
22884
11167
8954
2917
2855
20000
6584
22949
21926
11862
10993
25052
24862
20508
10319
7843
10669
22137
20043
7357
14954
15886
24992
2976
2584
24429
23440
4457
23619
13977
10806
23102
5532
13858
18788
12331
12414
23172
4706
23817
11916
8808
13187
21017
18994
5525
17518
15136
6786
21238
23591
6859
7207
6956
3425
9654
15932
10659
20091
19144
20500
2943
19260
22428
24687
13573
23061
21915
12398
25351
18265
19770
18652
6631
4711
4840
9764
2546
19837
21518
23323
12119
25343
19296
5880
11908
7557
20909
21060
4351
17323
15465
19318
4005
15333
8235
8422
16824
7436
10857
5070
14854
23810
17883
22304
21578
12179
7831
5066
20587
22733
3451
10844
18310
24110
4967
20104
15411
22369
18832
12115
20303
16370
18666
17097
10877
23962
18863
9922
22232
8920
20174
7187
20186
2386
14399
15792
13447
8428
18089
20110
3029
11310
12187
18747
13255
18064
22162
25331
13962
25616
3842
16605
24510
19316
12889
22810
5559
25362
17952
2989
7685
8303
20140
22226
6221
14112
8716
4968
5505
9184
11615
25360
21545
22617
22390
8457
18816
23646
7117
16436
6954
14982
16603
22486
20638
18689
17062
4177
16623
24289
17674
5569
22465
22929
4335
23278
9811
8817
3592
2988
14743
7126
5081
7875
10721
14356
22646
18824
12365
16080
18797
9648
7234
22085
19359
5020
15250
5662
4678
23304
6682
22887
10519
5475
14340
8891
23719
16159
18778
4372
7427
10686
3978
16138
20363
25497
20492
13269
11298
14355
18341
6929
10317
23277
19136
18586
22802
9972
8617
11588
10819
2930
9026
15093
14947
2791
9624
16895
23807
8656
6296
19914
2986
22331
13186
5277
10066
18777
20108
7863
15448
14480
12334
14097
18204
4614
20716
22266
6942
4286
21137
12359
12317
16074
10781
22103
13629
21573
14004
13904
20992
14269
11459
15628
15898
7547
24278
6087
9882
14126
4389
4663
10320
12172
5646
20737
8773
20094
8897
21221
10684
22928
20703
8179
10710
23271
8879
7922
14102
10433
2865
21078
13427
22886
10203
14116
4226
9370
20052
16927
3698
16106
21593
4745
17088
20908
15992
20648
20704
8185
17909
2381
22911
14929
10316
8024
23047
22219
15987
4402
12231
20474
15728
23701
7101
4542
17673
7001
20136
23467
18943
19921
17144
8803
17140
7949
13583
20464
22086
12435
14246
23772
24610
24128
2807
15588
11635
21123
2792
22397
6900
24988
2883
3923
21642
23432
4182
16923
15355
12062
24472
17681
21284
6882
23233
15633
16455
20759
17602
2580
25847
18035
5179
18207
8799
11845
6871
20590
11464
19389
24856
3255
20137
9255
7122
17196
10696
25248
8759
4865
12252
25302
6730
22342
6592
14405
23669
18161
22157
22294
4618
8660
10109
7848
2490
20119
13978
15388
14906
5618
24273
19387
24580
21020
23092
6869
13515
16157
2707
22197
11887
21203
25446
13057
19755
5724
9072
17169
15123
25460
16547
20520
22325
12386
14045
23002
25359
14902
17875
12915
18641
6791
12135
22842
10323
5301
15334
13924
4223
19186
21065
20457
5273
11895
16599
4234
25053
14027
13193
3920
10854
5295
22568
20772
23794
2900
24686
5512
20163
15895
16131
13137
24094
21151
5160
22256
21026
4652
14897
25588
14058
11876
17963
21461
17269
20360
9983
12079
23616
10265
20589
16281
4591
19401
6492
23280
18337
11598
19138
11058
23685
11873
10044
17086
18307
22172
13815
9402
17099
23299
24546
20333
25655
19385
5033
5541
6727
7886
8678
7464
4511
7367
3388
17816
10979
16705
12244
11874
19743
12269
17472
10069
15119
16031
11905
8040
9739
23287
24920
2947
8296
11904
11023
17887
7151
23342
18621
3839
21640
10748
7975
18547
25233
8832
17528
16296
23804
22337
21586
6881
3089
2528
20113
22687
5700
24105
4214
23099
6508
9796
21029
14006
19280
22668
8416
14926
14038
20511
25277
22392
20020
23301
11109
24869
4702
4388
22133
7114
7683
20824
22110
17670
25139
12260
10097
19203
3764
17006
17298
7990
15863
18760
7242
24065
25415
4002
9321
5282
22091
20286
20496
2320
7754
11692
16601
22800
20750
2315
20107
10861
10786
14875
22684
12126
7065
4269
4873
16277
4477
16381
2979
25496
24900
16421
15350
5216
16847
22838
13442
3585
17944
23647
25249
13976
5567
20653
14200
19715
15278
4216
15923
14744
10426
5462
8014
8682
19575
7591
7209
8781
16590
4925
18364
18773
8714
7061
6744
18159
6896
5091
23396
7676
23107
24637
10772
9772
3650
7028
20325
10796
12893
14001
4738
5215
4247
18637
17711
21569
22379
12556
6123
8445
8838
7179
22937
23769
13983
23879
23330
21419
16879
5953
22123
5763
9377
23160
16170
12295
22100
18098
15174
13947
7168
11751
2578
13496
2837
19309
6920
18846
17120
14666
17955
9835
11117
21757
5036
6164
24355
17442
17553
14343
4723
8596
12159
3620
16714
7549
17422
18264
13174
11726
16867
9514
17739
24353
17126
15005
15708
3139
22374
15186
25013
6203
20243
15184
7381
14165
4091
17441
11716
17634
20403
24611
21541
16684
13816
12141
18039
15016
15470
9244
24068
6337
24837
23376
15714
7097
20721
9670
17931
24075
24349
6460
18640
4096
17049
8955
19872
22581
6719
24329
4138
19110
22033
10614
24785
16460
24998
20805
16870
13614
21272
9291
15153
11193
11352
25263
6338
24477
3325
25002
24672
22075
24091
12214
8059
16708
6300
22910
9658
22338
11978
21433
11522
7060
23204
16582
5977
6546
11996
23937
7303
3512
14980
16406
17440
25001
25280
15007
2680
21052
19180
4100
9312
19904
4268
17637
4787
4054
19958
26086
24709
24782
14969
6535
15244
11824
19931
11701
8451
6984
15242
9613
24088
25648
15084
2534
24217
9506
19972
24997
8192
22872
6362
25945
18336
9829
22196
25488
8958
17854
21153
17863
15543
20489
6997
12524
6966
20292
22584
19584
3397
14690
7696
14357
11725
21699
6874
18385
19873
13204
11255
22688
9499
23898
6378
20210
10377
17332
19176
2533
22540
21415
4893
9710
5492
5490
9859
8675
12494
25011
10308
4905
14561
10091
24669
4061
9528
25490
9138
23384
15185
22714
21880
3421
14143
8346
21990
2475
22189
16568
24117
24627
22631
10631
18517
25469
10162
14392
19554
15542
2324
19923
21620
3808
15001
16981
16889
3991
18319
6006
23944
21390
21307
21380
21538
4261
3491
16210
13290
23104
19926
7063
10232
20847
15166
19956
6099
12723
23049
14497
17414
17605
9366
23644
5090
17998
3763
23418
8007
19311
24960
9682
3627
24846
3612
13538
11039
2612
7413
17416
3766
16520
9509
9529
21698
20195
14016
11047
20267
11493
8283
17792
12037
19444
19313
5424
15432
6274
3792
21846
9501
25720
22958
8653
20859
4449
19957
3721
22077
10188
5086
5702
17276
25194
7748
6157
6573
15618
24380
5903
6354
12188
8478
18245
17444
3708
14301
8512
6985
21436
4803
13774
8146
8951
14814
25225
11169
24087
4069
4009
23326
22279
25719
24351
16682
6479
11198
4895
14955
3696
14540
3626
3412
10936
12161
19686
4111
21779
3227
9989
11730
21680
4137
3300
3634
5191
5488
16079
8145
11731
17421
20556
20997
21466
23932
18373
7068
9517
21345
5096
8433
3452
4599
17649
16467
17906
19896
10303
16890
23466
14682
6733
15526
20124
9903
17571
25486
6475
3635
7110
21431
9292
8160
18534
8375
23208
16292
8474
15721
23214
2334
6974
17468
15296
7016
9435
24079
8125
3631
4420
13245
7491
7999
16521
20870
10980
17760
9522
2335
2539
17969
3927
19586
2619
16826
24475
3880
4065
4064
15051
11696
19612
3543
9661
17551
23705
21438
7555
7284
22574
12155
2701
6569
11711
19241
24113
14653
9488
8509
23022
17524
3420
5131
9669
12151
20164
3011
24165
6482
5433
12169
3658
11407
24830
12497
11171
8147
21529
7018
4427
2679
6275
3704
23578
17627
9798
20971
9495
22579
21264
12528
9652
14554
16690
3643
23257
6358
17446
12047
6491
23419
24878
2691
16273
6344
19751
19682
9521
9360
4072
9250
9541
6989
6981
5691
13241
11718
21720
6635
7014
10723
16566
5641
24505
5984
25009
9592
21467
19447
14391
2402
19797
16871
22365
6998
3917
8043
25364
3329
11044
19928
7459
22582
24002
16750
19930
25622
17345
11359
5995
8848
10213
12518
3761
20751
4114
22288
15132
9475
17209
19674
21319
25434
22431
23548
11035
21351
24116
9519
17464
23589
15297
21531
19386
5436
12730
22634
3332
15270
24555
9091
7216
19122
22840
23584
20361
20437
14234
6999
13159
20310
3461
4088
13667
21383
24671
21343
11699
17420
16506
24776
7024
4102
19594
12069
13822
6725
4562
4107
3363
13224
6494
16704
16567
13450
25171
25583
16089
4501
17409
4590
5046
4912
14385
16893
9296
11759
17460
8765
22759
6990
11710
3326
15713
16490
3338
16873
14549
4063
5169
4858
7741
6489
7254
25335
6724
4836
4863
14455
10658
9338
6150
11051
12019
11712
9681
7178
24103
21718
7637
5975
11037
4741
11973
12840
24193
6095
23929
20324
3155
18314
24081
15193
12493
10407
6024
12662
15055
25464
8645
7069
6085
25004
19201
19967
19578
6796
25687
9734
8121
24206
11066
24052
7262
25860
25223
6982
8322
6991
24291
24354
24352
11274
24850
23564
19865
21860
3492
3410
25014
3768
19158
16712
19932
7964
8123
6341
16641
4136
14766
2294
13790
19442
11721
3133
17467
9481
3455
19677
4283
13357
21488
9671
5121
23024
4090
10179
12728
17412
9483
16507
9926
4098
17974
20207
7577
6548
10406
16838
6336
12775
9941
19589
17934
11512
21707
22741
24657
23206
14813
23594
4898
7255
3702
8126
14685
22635
4791
25940
13231
17697
15015
9518
26124
11309
3630
21365
19453
21213
24768
7103
4764
13265
14331
16689
16852
7429
6829
11781
21993
22216
22005
17048
7515
5430
25479
3505
23142
23302
11611
22596
14694
12517
14569
16872
25283
12545
19068
19456
4916
8465
11508
17596
23565
4938
21590
8331
8672
9655
5504
18253
22505
19084
9524
17448
23381
7909
25209
20987
22984
3823
19983
13509
3782
9425
22076
19623
19452
4459
14237
19185
17475
18351
24092
3547
10950
14760
19182
21261
19042
18251
2636
11554
3310
2478
5932
11036
21220
19131
25056
22042
5913
13090
23480
5336
10387
12705
18434
17427
3113
20950
13714
16346
18995
18458
10240
13382
14958
5901
20157
10616
9318
13317
13364
16575
13206
23114
17996
16914
12644
18099
22542
13149
14114
20226
13743
25733
15820
16084
2757
18209
18442
23333
24134
21898
12600
13227
3198
25809
13702
25899
18415
21850
16350
10550
9461
26148
23515
6497
8363
7015
8544
21769
13333
7479
22472
8568
20414
20954
3092
9049
3603
15860
4160
25029
7081
25646
7111
11275
6646
10233
21352
9089
10145
16982
11760
25752
17647
5363
14096
19009
2668
22501
11956
8565
7798
5111
19174
9110
19679
3116
12900
25890
21018
15475
8099
24398
9460
23117
25761
25966
12476
21906
23503
21355
22526
7473
25915
18018
24318
7075
20719
13229
5832
4850
14413
13285
4556
21152
8553
25735
13311
26010
21207
25851
24330
13195
21286
9355
25991
20141
19382
6774
12623
13332
9239
17619
18076
8566
12595
18922
16238
6078
12459
13254
15877
13766
19288
7784
9889
4913
16613
18525
16595
3349
5862
11083
25758
15129
4408
21994
8506
18417
13627
4358
13237
23540
20959
4493
18952
14158
12949
21073
25975
3118
9679
11075
20986
23921
12697
6466
12995
5502
10985
19666
5309
8229
3406
18230
25869
6069
12624
20914
12465
21379
4419
12785
13710
24340
9368
19033
9354
17651
3675
12821
12991
2646
20689
17012
4658
13705
10035
17369
19601
22512
25749
12986
17406
26085
19062
25738
5879
9715
8085
25959
3416
12984
25685
7186
21996
6814
25816
2693
21006
13232
16408
4359
7038
23828
25779
4644
9130
11481
9726
8369
18437
12740
23927
12824
22038
20199
3111
7699
13046
15104
13054
25079
26080
3835
7064
2643
12599
24288
9457
8953
10595
13630
16301
6083
12445
9316
18464
8550
21929
13296
11111
3601
3284
9596
15846
22520
5401
8450
25808
16447
5199
11162
3369
20663
19420
3185
7177
25096
16928
12625
15478
14166
23560
8548
23546
26034
17700
14960
5400
11142
25697
5937
26053
12240
18453
11054
13368
13728
15840
18461
13043
16850
14996
13045
14576
21233
5406
25832
11667
24430
11918
20741
9773
8461
20669
25896
15538
4374
12473
2440
26009
25964
23979
12808
20965
7323
14722
23986
20874
20497
13201
18988
20898
12582
13214
18473
9325
16854
10572
5825
14168
13104
13693
12713
23883
15083
11668
13034
11545
18378
12690
25886
8170
26109
13744
12455
7467
17601
11127
25638
15509
21738
12762
4659
20152
11024
6495
8057
8569
21209
13196
16242
17035
20678
25871
26057
7560
8537
8088
14829
21240
7702
25747
24098
14240
13302
9055
4939
17999
8090
24138
10571
23500
25968
20408
26022
20436
21392
5423
6589
23319
19267
14770
21210
19277
6298
12976
13132
3304
25981
5365
19077
17429
12576
24144
14567
9115
24176
12837
4922
23908
24495
6499
5396
19349
10632
11278
23950
7453
9021
21762
16727
13089
11273
18444
21935
10577
13315
5062
8584
25767
24200
9591
25152
20425
9847
22846
21267
18954
16804
22506
25641
5371
18445
16897
15830
11530
13383
12228
23471
25910
7788
18944
16383
18878
11307
14993
9051
16312
9736
18455
12838
11803
12653
9313
23541
4169
25833
16307
12691
3523
9358
14810
13001
13730
6007
25766
21711
21474
6401
25925
21244
8162
6207
16439
10398
3687
12458
23113
16679
7502
9349
8044
4077
25083
21504
2521
6309
16845
21243
10030
3717
3201
13213
12456
12610
6169
8545
26133
26070
13350
25734
13093
25384
13755
4839
14997
23495
20701
16534
12980
20925
17357
25995
4564
23492
18460
15843
25103
13208
8087
9119
13129
25216
12607
22513
18457
4551
18372
25113
16632
25996
23367
5304
5202
21178
3433
13763
10986
8177
15449
18480
26118
22590
10612
21391
17519
12665
14970
22448
16400
14068
25571
13029
14700
20953
21242
3834
19441
25830
2985
21253
21750
4881
25987
22291
3297
25746
4952
7267
13761
3195
8388
26013
13349
9090
13768
8580
11125
14582
6645
23526
19443
13050
26032
9793
16343
20683
2759
13250
8577
18526
24494
4809
24239
4615
25102
16996
23491
12971
9019
6329
11018
8775
19075
8069
17655
9701
14155
8563
14966
16310
9539
22530
12609
25810
24058
10948
10566
15455
9880
25751
23886
9129
18459
13756
11489
15467
13095
11387
25920
9095
24551
8588
13257
9717
25973
13047
12703
25650
17034
6131
13015
12072
25790
4646
9223
22858
5389
23369
18238
11055
8572
25645
13706
19210
26047
18511
4441
12733
25837
25091
20956
23485
6813
6318
15819
17879
19994
16779
9128
15329
25796
17498
7588
10596
25845
24124
12631
25070
13287
9704
3521
7514
7056
6377
14838
15770
12527
21252
6961
18300
22689
14208
16899
9348
21187
14713
4152
25986
17494
25651
14510
8116
22735
18488
10930
13136
20679
9220
13283
6373
25954
13758
5571
17534
16412
11484
11665
7486
19007
9455
13026
4867
18909
9534
24498
3625
5407
8632
12693
16398
14088
23550
9063
25565
13282
13279
24327
10018
21094
21367
20671
23247
25391
5223
10621
25082
20763
12696
18286
8101
7534
3536
13092
5850
17812
8547
4306
14368
8554
24773
7082
16920
18447
11753
6240
6073
23980
23970
20918
10584
25785
6506
6696
7246
11000
12865
9490
24389
19716
16722
16314
19893
7055
25858
25715
16384
7438
13004
9413
5415
23370
3426
21834
12666
13236
18495
14302
9240
13750
17866
20694
13011
14075
13722
12722
12385
18231
25818
10609
25730
15207
16669
12472
13012
7051
25266
5866
14159
17495
9828
24167
19179
9136
11134
4327
8095
24226
6170
18875
13124
16403
9843
9691
6328
13777
13529
21250
9421
17789
24989
12732
3606
3330
26115
7163
21145
9724
13019
15651
18287
16299
6167
12688
11380
25789
23361
21081
23982
19365
3605
20008
6168
25590
21400
10635
14173
21274
25803
17635
8463
18478
21933
14377
16169
3599
14431
15816
25559
12646
23123
24129
11126
12589
19626
21268
13037
3608
12842
4851
22950
24977
15650
23878
3760
8060
24917
12819
12856
7915
15616
25983
5895
11534
22723
18448
3110
8032
14509
7799
14836
19995
16597
13142
21395
15660
11805
13210
10580
7943
10915
5514
7142
18014
12987
17780
20211
13303
18959
18919
23975
23436
25784
7729
14400
6782
12863
13351
17428
8556
7325
9819
21010
11514
20156
12619
14706
17379
25725
18491
25770
6622
15460
8602
6175
5934
14225
23030
8552
19148
14160
19846
23835
3610
25993
9197
12579
7397
4445
15373
5398
21512
19935
13021
16248
16967
23497
7027
18866
15068
10547
20951
15826
4044
19360
15135
18469
3313
6264
19202
7567
21894
23510
24986
18370
6723
5402
26126
6158
13363
9015
15077
8168
23958
10602
7052
4743
9135
24197
12416
21273
21460
10463
6059
26031
19573
26037
20466
12396
24362
12820
9953
12071
22621
12648
9014
12683
4870
22761
25717
20433
11339
11135
12876
25707
13113
26039
12937
7970
10913
10016
5875
4175
13130
3192
24486
15617
21831
24070
21215
16699
3173
5941
10929
13711
10634
23502
16282
20114
21471
4914
13699
16680
14091
25392
5404
9617
25793
15208
19629
23151
25205
21226
5417
20006
25771
23455
3265
14772
20416
14184
25838
3518
10592
11090
20608
23884
17186
11049
22588
13081
22679
3288
14087
15294
19938
7289
13028
20942
25745
21306
13717
12606
10600
19049
4785
13278
26005
26065
10235
7485
6332
4856
26069
26020
7734
10668
19627
9314
10549
11026
5912
23494
13072
22963
20668
25016
20567
20941
13807
15462
15505
19281
19620
4052
21742
4931
5440
5846
19039
5190
10999
19376
13128
15074
5858
11290
9429
5204
25956
12964
22460
12681
20699
18476
4959
5768
18229
13724
6755
7077
21004
12823
5826
6067
23544
12216
26143
13748
10563
16758
21844
3303
18482
23814
14243
7073
13097
3122
13180
12238
13025
10917
4853
8184
23359
14090
11809
9254
20926
15838
5935
18302
24107
9361
5900
5106
11932
25775
21505
12812
13764
8333
20269
23539
14747
23378
20687
16386
25452
15472
6528
15537
4997
12059
11277
26064
17435
12392
21384
5933
8593
2364
21791
15828
24479
23350
24993
12711
9163
19845
12050
13718
23165
25548
19934
5844
9054
14521
16422
18426
3641
26001
14771
20688
19135
13308
12532
24507
7183
4714
13771
5152
19058
23255
6257
23475
10921
21176
3611
14513
26112
24219
16378
24090
9269
21659
12462
7034
17587
11382
13079
25813
24859
9756
20388
23993
16492
23474
12804
6502
19044
25865
15741
11011
21399
12777
16535
6312
8127
23525
23528
25267
5955
23984
8603
13723
12748
24323
13007
9079
17857
16799
10964
20002
13725
18431
9675
11432
13271
23533
14266
2741
26055
9096
4395
15835
16755
15485
17790
25782
4413
13680
11800
4569
19037
19744
5931
7865
18183
18143
13709
21654
18521
8594
12668
12110
10611
5360
13150
19804
16922
11182
14782
16437
8959
10559
5463
11491
12016
5926
25732
17960
17684
19326
12048
25894
11340
12549
20810
13772
14409
8949
16640
12999
25069
12962
25905
13141
14746
12967
8048
3435
25777
3207
11406
11447
24042
13111
14508
14712
13751
24210
11631
2678
25133
22664
9990
23520
7010
21234
9122
6766
21262
9042
18987
18423
12611
15648
12816
11460
19646
3795
12829
21662
3837
16666
20700
4650
13344
20684
13070
3471
18471
23527
9059
3222
12128
19714
24348
13694
19552
24060
23971
25819
23473
14655
19325
18068
12807
8575
7541
13123
5849
11804
25873
18175
14141
22889
16657
12460
7102
25068
5427
12843
8096
3673
17687
11923
6310
3108
5859
16600
20680
20381
9012
14089
25892
11930
18506
9719
21373
25100
7091
19432
12613
11814
20744
13032
24991
12698
4159
16411
25875
3661
8732
9234
15410
15293
21110
16802
18492
22561
25654
12232
12585
24227
12810
15520
6776
16979
25909
9327
21396
13235
12369
6670
7556
15489
13053
5367
12739
20317
17181
14205
21287
3436
9268
7477
20718
12827
25998
15656
24559
12786
21172
15071
7927
16495
22521
5356
21386
19333
3638
8472
20931
9629
26094
6104
13024
12708
18387
15833
5870
13261
8114
10594
19991
19801
14233
18493
5366
25026
5395
13320
26092
3622
17788
6061
25783
16681
20722
3115
3364
6644
13115
12224
3833
12858
14457
13119
2740
14498
13488
20957
12304
6002
21229
10607
15058
14657
5930
13038
5855
12463
21743
19152
12799
16415
14781
8109
12614
12769
16543
23956
24480
11031
25633
12981
3298
24838
25839
11458
4845
5372
25444
2664
3256
21258
24259
24452
6449
17388
9571
21514
22552
25795
3802
13010
7031
18005
21260
20920
25947
16223
15837
24979
25917
10625
9113
12811
18430
19408
5405
10161
20923
26145
26014
3365
15852
11454
11268
15847
5364
25610
12489
13085
20989
19937
12052
5939
21185
5382
9383
8371
25992
14429
21812
18451
21049
8045
11258
21501
3637
25389
14768
12814
7058
23486
14396
14656
15486
13131
25877
8403
4016
7030
13745
15064
5546
9040
12008
25728
17000
16315
20936
3887
21907
5830
9324
21684
25922
19435
9824
8073
6231
16965
17408
9125
12855
5778
20771
24187
21146
11360
23387
19488
8049
2645
15539
12763
22670
13223
15076
6638
14071
22676
3655
13105
4595
12686
13721
12457
23919
9416
2637
26073
12202
13233
21589
2602
20272
8589
25971
10590
25764
25921
6027
11096
5385
13715
18920
26056
5982
3825
17505
10082
5924
18923
15518
18781
13707
19053
12608
12857
9143
9216
12975
26002
2461
25970
11021
21277
12758
10958
14512
19457
8389
14374
13769
4765
12461
25887
13345
16418
12196
21748
4818
25891
12559
4833
5443
13039
21875
12586
26033
9699
13530
10922
13006
7587
2655
21259
8604
12615
21663
7057
20966
9267
24050
12580
14748
16190
23509
19014
7805
3591
25237
11487
8587
2654
10397
18489
21223
6561
12983
14256
17038
13005
14544
24385
3114
16324
14163
12989
18494
12667
14164
13135
9013
14994
19705
26011
3657
20705
18435
21327
18450
25393
7657
15400
25643
11550
10300
16539
8103
3292
3654
12682
8555
24119
13353
25943
25969
7712
4843
19458
5711
22691
20849
11559
15655
5989
5419
8560
11010
12841
14169
4033
21201
9124
13735
14272
15844
18419
20982
16424
25792
22553
14086
12000
21154
17628
6302
19320
9256
3094
15183
15842
12025
8172
26106
2672
23364
18949
18485
16220
2652
10551
19412
20930
9104
3171
23534
24258
7035
16754
19187
25859
24106
25980
11013
23496
2639
20021
24115
16537
9991
12776
21651
19874
14530
5961
18456
4601
16966
10132
5779
20409
12111
4879
3584
20760
23269
23311
20753
11001
8497
12803
16326
10565
3695
13121
12598
12663
21255
11816
18483
9112
25769
6604
6062
14649
25982
25753
17594
4929
23976
10603
22859
19625
22704
9067
16327
5833
4567
23521
4139
14188
23543
23357
22595
22544
3148
14514
12761
17373
3479
11343
14290
14151
25741
10923
15851
16212
6380
19603
25716
17271
14548
5839
14410
24359
23513
20943
16179
26061
6245
7265
6770
11422
18006
15745
9137
5991
23974
5369
10250
12993
12997
13701
20014
25135
13330
3058
24888
10925
20910
8567
22781
11801
14763
23973
25985
11187
25864
10989
4904
21806
25840
14724
17383
5194
17486
24447
17588
13788
18386
22669
20949
17368
3286
12669
8484
22726
16663
9081
24515
23124
15477
12781
23422
11005
16953
18235
12453
12680
14486
18446
3667
11485
19653
6986
21164
19329
16696
3205
7536
23911
9139
4884
6237
14720
18007
24500
18945
5884
15314
25794
14259
18876
12555
20811
15850
3972
14538
6562
2739
3828
12737
9146
5950
5860
8110
24229
18058
3659
10604
22066
23916
17609
20551
19721
8097
16285
12972
8570
11100
21174
22651
20698
7066
25842
13234
3712
12513
17042
22875
6415
4142
13108
9347
14898
3293
5368
25901
14557
14553
12193
12936
3183
9869
10140
2667
23551
24400
21397
13760
22860
19429
21515
21506
23363
20940
4422
6034
22057
6780
7533
11129
12379
14072
7513
8542
10340
9317
15254
14824
16725
10982
19913
20480
24478
23346
11465
8590
4037
6347
12377
9458
25409
20963
4861
2738
3186
14258
25799
20138
8327
15430
9967
26036
15115
15484
5827
9657
15845
26035
23967
26024
8335
12792
13381
4855
11282
18879
16618
3056
23518
12778
15646
20726
7195
15841
9052
25750
12965
16898
16302
25918
23505
2649
17396
13008
25754
24344
25671
21910
5355
8539
5980
15812
13033
11528
22661
12844
13726
12973
16593
22696
11920
4811
24130
23423
14376
5916
25855
16375
25722
23512
13366
17757
10914
10552
18924
5373
18433
18708
18027
2641
23122
10225
11551
12474
11445
23561
13221
6955
20151
19225
12554
12784
19162
18953
20133
7146
4504
18481
6327
8974
18180
18422
13437
5771
13139
18073
21271
20983
25958
15824
19147
16609
7127
13003
17491
15590
7115
10598
21248
20946
16720
9123
19528
8052
19169
16224
5370
11794
12849
14574
13263
16313
17698
17834
8444
26087
25821
23506
16658
17826
20221
8065
24980
21741
17897
20675
18466
21377
8533
5416
25386
13181
22477
17796
24143
3294
25872
12854
8578
21511
12468
24661
19871
25765
16364
19599
13524
25928
6534
23885
12890
23065
13700
6510
13742
26089
8585
24316
25713
22815
9075
11027
17407
25903
13295
6620
13337
5148
14152
10567
6355
3976
25829
3175
13276
5831
10998
13298
4163
20894
20765
19047
15018
12990
9472
3106
3878
13036
19891
18487
9343
9650
16576
25823
8476
13230
17187
24059
9272
19984
8166
2653
19781
21318
12023
2756
5845
18424
21678
13720
8411
8576
5949
9535
18243
10585
20383
21676
25817
22983
14981
18050
20121
10146
15144
25760
8540
18420
4740
15834
16330
14951
12522
12617
23375
6301
16805
9762
16821
9777
15500
23900
18979
14092
22627
14797
14528
11397
21953
16638
5814
24408
13986
8347
14416
9562
11796
14555
18709
22748
11555
11552
19511
14818
11540
2629
5785
20155
3707
13943
18632
6015
17881
20730
24622
19805
4380
4128
16775
11806
6266
17591
3864
15311
4957
19008
21524
6527
16884
6747
7407
16192
17338
24023
8348
7090
3616
21819
3067
2484
7981
4949
22616
24799
7960
11245
25938
19516
4473
15022
21984
15785
20559
5544
18323
24987
9109
11085
17985
20177
4598
7841
13801
12215
21843
4328
22828
20197
14628
4767
19962
24390
19395
20822
15217
7405
21661
22626
9998
13594
19869
20999
9048
11086
22610
17924
21216
13942
3937
10114
7264
19217
17829
3747
15956
11215
16509
2934
10717
6511
19155
11043
2697
24427
3337
25290
19823
20596
10653
15024
4571
16836
18160
18256
22050
14250
21885
6052
11504
11314
7762
15300
18564
12243
19582
21862
19513
6427
17773
8614
23746
14263
19091
24595
24175
10933
18537
19027
17072
22032
10376
23840
6773
22041
11451
11940
16773
16173
20857
3403
11767
21855
12253
15116
5602
6611
8994
9266
11670
10899
15141
14660
11189
18305
7753
20647
14758
17865
14285
11620
10619
3737
18177
2563
24031
6609
12242
21629
10728
26141
14533
24604
3914
22306
19216
4308
24953
15439
18074
22263
4962
8621
18891
23829
16024
9615
11581
16797
10128
10787
10424
25286
16631
14228
7008
9029
22640
6632
10215
23863
3078
14552
21042
12165
3060
17016
11041
18736
10333
7947
7181
16662
3072
20327
9405
2839
17764
21602
9647
14082
11678
13369
3739
24303
24821
21099
7230
11822
6376
19156
13258
24425
24733
7054
16790
7980
10017
13531
3370
20419
14354
4616
19060
14418
7412
14495
16945
22016
10151
14675
16482
4396
7946
19670
9574
4167
16676
16063
21101
5114
21730
17514
9564
16435
19064
7291
16611
14449
24048
16473
24041
15168
9673
4606
10883
18116
23559
6594
14695
5988
5784
16362
11644
22638
21729
19246
5786
22212
15216
19631
16208
13916
7447
16053
23867
3383
15085
21034
7273
3906
5803
8831
17882
8977
19509
18123
8961
17047
5992
20709
6703
2485
11350
23332
3699
7433
25628
10223
3945
21704
11219
24579
13887
14808
21138
6683
13812
6439
3743
21938
5954
11403
16195
4720
19160
11093
15878
24939
26104
2832
6020
22795
15037
18505
6536
9352
6425
21412
23703
12470
3676
14148
3380
21149
3057
18600
4761
18904
22047
7929
21818
11791
8079
25410
16580
11042
17613
11053
17614
4878
23135
3485
14916
9388
19821
9930
25408
5116
21428
17867
6340
18112
19221
22049
19397
23857
8071
16372
6965
21628
11516
24008
9309
12751
18892
8964
18509
9199
6403
11674
22128
14332
21111
8782
14206
24022
23961
15876
7293
9159
14635
24899
22703
6411
18149
12038
25827
16691
19605
6272
7870
17013
19159
16193
11283
11302
3731
16924
3404
23119
14195
8142
16090
9003
25325
19330
9484
3943
23072
25038
19732
19717
6884
4168
4305
7953
8011
6395
19207
3152
15332
24568
19529
14592
14792
3238
16975
14979
15304
7444
11172
25934
26074
3276
22198
17218
25258
14962
4763
12845
5985
22178
17936
3994
22475
25678
7512
9530
22136
14339
20378
21084
11317
21771
18692
26129
21393
11434
22790
8644
18165
8786
11346
20237
17036
14646
5581
9253
23694
3663
18872
23132
3414
9667
7423
4588
8627
8130
10008
11584
21302
24346
7972
14415
25243
11583
22113
10650
12235
21660
24123
6212
7093
24095
23653
8351
19328
16800
19099
19745
11141
9389
18955
4145
9872
20161
4467
24149
18140
14460
9680
19396
22017
24147
7398
9831
14764
17992
17028
19774
21329
7718
23841
15046
16782
7327
11439
21555
3084
5615
23836
13928
17864
18873
3736
6675
11575
24161
17463
24302
15595
15751
21728
17900
3617
23101
11642
17458
22619
22515
15942
24067
15916
24464
19118
23335
14094
18399
21650
22605
19703
3941
6602
11328
22417
9480
12222
14313
14800
24032
10761
9853
6016
4545
14020
11411
24394
25421
7935
9290
18931
15806
7971
21643
3873
6381
19496
5343
21309
18132
25607
4025
15541
23168
16262
3476
10347
5996
16817
5796
6385
25024
17709
9863
17956
4003
19475
21160
9936
24460
15232
24589
24168
13455
3988
24361
17910
14634
11625
9776
8973
19881
2907
10405
7563
19822
9287
7506
11188
24957
23252
3100
13793
19450
3619
16706
13172
22645
20842
8194
5812
9439
7998
10983
9851
17314
21414
11190
10191
9070
11592
10898
7358
8152
16453
21890
2910
6137
10940
13169
3281
7968
21314
13555
22798
20861
19499
23729
22402
11934
12501
14369
9856
24935
3867
24347
8379
24195
24433
9177
25373
24562
19702
14572
4127
24382
3243
5789
16955
16834
12234
14219
14670
24532
21324
25155
23577
11539
12510
19547
16736
18899
15090
11418
10745
3901
10961
25159
7419
26123
8636
16688
11966
21737
17940
22456
7088
25230
14793
8648
11764
18107
22517
8357
10037
4563
5211
12113
3930
10241
18908
10019
22235
17029
24729
24403
4653
20458
3853
3683
18605
9959
12771
15897
23662
21823
4630
6088
14740
9278
9994
19850
2842
22710
11204
5794
12372
24072
23895
11578
11409
14633
12192
9546
19235
6937
14623
26130
6094
9881
16787
11291
4565
14751
22620
15339
3306
12209
5586
8984
13384
7771
4906
23033
6446
5632
23018
5554
24421
10244
2356
15517
15057
15222
19504
10934
13903
14837
19206
3577
18865
14213
5459
22036
21486
14674
17455
13242
24392
20421
11367
3735
6697
9260
5487
4815
19238
21807
3322
24876
4788
5056
22623
11357
24792
22809
5561
24946
21180
6398
3580
7306
17335
2931
24913
4800
6707
16960
8025
8382
12095
2438
21028
22599
4140
18188
15983
4487
21983
15594
21296
14297
16983
5765
24035
22170
13803
14261
19492
9008
24534
15516
24422
17671
11201
3725
4109
8129
25682
19727
25471
21761
19664
3681
9351
7278
19054
11661
19525
6421
17479
24151
16943
6241
16082
17380
3733
9711
20431
16036
3993
17625
24018
21825
16187
18714
24572
3387
21121
11608
21735
24901
15513
21387
17802
19808
24296
3929
5562
19069
3935
13859
9399
14742
8791
17056
19709
22246
3950
19661
6543
15054
19853
17110
11420
3589
17001
24828
22903
23140
15597
16009
24548
24397
24074
17966
21246
17825
8003
3688
11195
9227
18888
10025
2727
14589
23028
11986
10421
16216
18895
21097
11948
20482
26050
3672
15340
23965
9992
16197
4008
22176
20564
11972
15456
21786
21664
15698
19690
11747
6649
22967
15302
5596
8633
4876
12212
23920
16528
2782
10291
6393
19092
14346
7408
25136
15243
8927
8158
17699
19018
3167
6655
23188
2301
4110
18557
10670
3908
8119
24086
14271
6470
11768
25602
8115
11170
13253
25405
6781
18523
9166
25560
24082
18330
11480
24874
9913
11452
9821
3968
14641
18538
20479
18562
13165
17287
10004
24292
10800
15492
23625
9300
24522
3750
7984
3065
19566
11395
16668
7092
17781
5969
21609
12136
17284
22054
6046
18303
4324
8470
6279
15904
14182
3248
9582
12207
19227
21439
19541
10290
23926
2439
11425
21117
24994
17291
20263
18145
16771
19446
3346
10243
14525
15755
24933
15490
6054
10222
15008
17037
6322
9779
8707
14663
11708
2338
10210
21190
11442
14658
19150
2431
19654
13952
23843
18148
16356
5150
25125
6313
13876
15561
16831
11185
25046
16812
9871
10712
9836
11497
25440
21422
16753
11318
9086
16909
2929
3757
24893
22443
3250
4105
7519
12487
6718
21370
16051
8089
23290
11651
9803
11641
26128
23753
9668
21035
13974
4218
22702
9000
15049
17170
24984
3998
7198
15087
8529
9873
12381
7285
15079
12504
18973
11094
16759
24600
20584
17976
25010
3241
21040
10326
9709
21967
18221
16338
11749
14262
12787
6537
17292
24801
18940
19425
15107
16636
24418
4079
24558
24242
24320
25008
7452
3905
24064
19508
24334
14757
7205
2374
16956
10289
7389
9252
22272
16757
12864
18869
24941
3602
16946
11326
19251
19842
21732
19534
10189
7148
15883
21031
17281
11694
5594
21374
25476
6685
24553
18897
15896
19701
8342
10274
13872
9874
12718
12163
24419
4635
8970
20802
11792
19190
11467
21768
10971
17799
9883
7263
6671
13926
8948
14211
19078
7758
19004
21114
24277
17595
15342
21334
7049
5788
12466
12233
23267
19497
24188
13446
17770
19428
22227
5588
5625
19656
5769
22058
6416
7492
4023
7974
14887
17805
2559
8635
6623
9436
6106
17046
6273
3970
22531
6047
19076
8378
15488
23325
8941
21553
9188
19161
18782
23830
21301
24765
21323
16793
20415
7791
8968
15553
4318
11386
16610
20844
13836
8507
11338
14564
11798
6051
21096
25049
21200
6093
7959
4106
10720
4780
15312
20432
6350
4373
16796
6600
19188
23602
24399
22686
11301
16816
15346
10912
4496
15433
11981
4131
20336
4824
7962
14613
15422
15290
11174
11088
4498
19736
11593
10773
15444
12280
14394
9878
10767
2714
15428
11392
19338
16734
22408
10638
13389
11866
17365
11496
24554
10279
19532
7316
6761
14197
23948
18917
22243
18935
15445
22022
11671
18579
9743
21974
19879
6581
24535
25677
19650
11348
18695
6308
12530
21282
7982
6673
6397
18702
19527
23173
8942
18225
17529
4657
22601
20580
14516
12836
15749
11616
18950
8642
9485
16380
23856
12439
18722
17832
13532
24866
5151
22221
21300
4488
22982
16861
20733
11321
17106
21726
15528
22731
24781
9183
15308
11954
19171
4130
21100
24833
19431
23042
19858
6616
18883
14791
7089
14974
10003
7716
19655
8925
21002
7455
23149
11416
5946
6431
18355
3915
18906
6677
6141
24453
8963
6614
23156
11157
24590
7025
14140
16213
19883
3212
10262
11448
24047
16653
11304
17471
14780
8076
11081
21649
23906
10137
24525
12753
13799
14558
15034
21796
14358
23583
23210
7667
11500
11449
9608
23351
9302
3895
16515
4621
21125
17703
11034
14265
22742
25535
15050
8446
24894
11431
22211
15328
4766
3981
23891
20800
16252
13365
22636
11921
25453
5792
15562
18290
10278
22051
16868
14115
4022
22180
17299
10639
18048
15564
9434
18910
25017
24141
16357
13888
19607
25580
7594
10385
16202
6351
18262
11548
5509
25554
2869
7969
6389
6658
24413
2300
22150
14639
20448
22067
21691
11748
17855
7409
8947
5634
10204
19783
6417
7537
2400
22420
7416
17401
15407
6424
11156
14617
11529
17364
14221
5659
8992
25044
6662
24244
18966
20644
25913
18874
11369
9498
17394
25105
22037
21326
5896
11541
24228
14305
22480
14702
14705
21826
4342
16970
5100
25023
5886
18764
24586
6407
14704
15888
18346
7011
11393
6366
15980
16027
3729
3746
11757
5838
15095
11115
26122
24368
17405
2319
16756
2684
11048
14176
12848
8762
4432
13837
19698
10967
14922
3350
25262
4679
7827
14636
10640
3080
6700
6396
15324
23416
22628
21877
25657
11980
11537
16457
19437
19796
22629
2840
6000
16969
8012
10889
3604
20227
24213
14755
21082
25116
15048
14222
21854
10197
11531
16440
20465
17917
19512
3074
2687
21746
21789
11184
17811
11364
24295
19567
15394
10038
8971
3582
9422
16030
10907
19711
9722
11079
13814
10033
18397
14830
9168
10705
11130
7646
21681
7625
16462
17678
23822
4857
21492
10744
6048
7147
18113
19606
21884
16185
6651
8600
20707
4819
18565
7415
10743
7961
10226
2990
3770
4095
11770
16067
9241
4919
24531
9672
5543
9838
2696
3377
6031
23640
21005
9567
8801
18176
17926
4536
8939
19250
3181
11068
19501
6012
11535
16584
19807
24434
21803
24373
6453
9076
13489
5967
3240
19683
20455
15003
25485
19105
16579
21917
20634
8133
3082
25048
24184
19579
20996
15357
10931
5428
22708
13804
2793
3587
19731
6598
10413
20787
6441
3856
23622
13372
7598
24343
21337
14067
6092
19551
5143
11443
12248
21104
7945
20739
3633
18687
11419
15693
16441
2314
9305
21315
21426
11643
7707
17473
17913
24659
23031
17784
22532
22630
14361
7087
4482
9331
9232
5994
21693
19776
22000
19335
18755
3767
25387
6630
21989
14869
7510
14790
18825
14311
11695
17800
21030
16461
6368
9614
10708
2571
20319
16218
17515
5802
9656
15889
11614
15156
11381
18676
11056
16683
19827
3356
9735
3854
4522
16621
9303
17821
11427
24542
23870
25572
16354
6603
17020
10136
3881
4117
24412
11239
23671
7219
14803
19739
7967
3237
16369
24342
6210
25050
11354
15221
16645
8623
22415
23580
19549
24556
8946
19734
19966
11052
20990
14517
25108
21232
3278
21813
24872
10056
21765
20162
25419
24908
22547
3999
8761
19170
10061
12239
3189
10887
18728
19503
23153
19546
26120
4572
24157
21734
11766
25402
4987
4426
11785
5612
11515
23897
23125
3049
2861
10754
11737
12835
20846
3755
14847
11470
21142
9180
4932
5053
22450
16365
3098
19087
12383
16781
13868
19379
10615
12191
10219
24597
9834
25170
2719
10201
20485
11808
26134
21622
11390
23248
21310
3741
5168
5959
25361
12197
9771
17476
3700
20282
11938
18057
17055
2785
24241
10885
2558
10816
8468
19895
16830
18779
16088
11557
11590
6648
5483
3899
22023
18896
11629
24896
21344
23157
16172
3730
9581
18589
11771
23383
10886
3745
7220
3674
9198
24036
25114
21920
16524
22737
7965
5835
24025
14794
24570
25127
24038
13456
4204
11953
24177
19199
24823
14975
8966
9259
6192
6442
16180
3064
8640
14252
24299
9423
7561
17307
18772
4510
20366
10666
18716
15012
9028
14209
19071
16801
18996
10198
17786
10789
15215
6426
12399
21085
5600
14967
24621
5265
10874
3342
18146
17785
7185
16226
12405
12922
21605
4670
14798
9103
22400
6293
14607
25319
4829
23951
19506
6586
2322
18885
8100
4768
6428
4574
7936
17289
17009
8612
23744
22578
6591
3400
21346
10995
26016
21788
7983
22555
17783
14472
4651
14298
4322
10184
16189
19724
15292
23844
6704
7904
4985
15013
2695
19392
6542
23611
9036
3713
5957
19056
8404
9580
9263
21800
8432
2292
21801
12851
19268
8149
16939
3230
11993
4660
13921
24209
3921
22639
23259
16448
23852
11995
4119
19080
19530
18196
16026
8436
5781
10984
13540
24404
16794
19708
22836
17633
5485
16200
21973
18882
5701
8415
18136
19671
20991
24304
6686
16446
5808
20440
20323
9487
19673
23848
21948
11605
9288
11166
18884
2899
17275
6412
19240
9027
11479
11155
10412
21702
7847
7693
17053
18914
21963
14804
3936
21442
21124
25187
21161
19096
11697
23696
16472
11542
6010
10882
4123
16989
6342
24868
11628
19494
13619
22200
5923
14826
22129
22199
11325
9997
21336
18703
14832
16068
4024
21568
16903
25431
5149
11385
15317
19327
24623
16186
4604
20515
3948
16486
14563
24423
6434
9174
19936
9868
24279
22414
25195
16484
4581
17949
15097
11391
11990
15078
6612
22210
2472
23020
7312
3347
25165
22592
16902
7329
21159
24439
8326
19129
7614
21957
10801
17301
24794
21338
23741
21639
14337
17983
17535
11074
9032
25472
18234
6013
9085
9597
15940
