272338
272339
272340
272341
272342
272343
272344
272345
272346
272347
272348
272349
272350
272351
272352
272353
272354
272355
272356
272357
272358
272359
272360
272361
272362
272363
272364
272365
272366
272367
272368
272369
272370
272371
272372
272373
272374
272375
272376
272377
272378
272379
272380
272381
272382
272383
272384
272385
272386
272387
272388
272389
272390
272391
272392
272393
272394
272395
272396
272397
272398
272399
272400
272401
272402
272403
272404
272405
272406
272407
272408
272409
272410
272411
272412
272413
272414
272415
272416
272417
272418
272419
272420
272421
272422
272423
272424
272425
272426
272427
272428
272429
272430
272431
272432
272433
272434
272435
272436
272437
272438
272439
272440
272441
272442
272443
272444
272445
272446
272447
272448
272449
272450
272451
272452
272453
272454
272455
272456
272457
272458
272459
272460
272461
272462
272463
272464
272465
272466
272467
272468
272469
272470
272471
272472
272473
272474
272475
272476
272477
272478
272479
272480
272481
272482
272483
272484
272485
272486
272487
272488
272489
272490
272491
272492
272493
272494
272495
272496
272497
272498
272499
272500
272501
272502
272503
272504
272505
272506
272507
272508
272509
272510
272511
272512
272513
272514
272515
272516
272517
272518
272519
272520
272521
272522
272523
272524
272525
272526
272527
272528
272529
272530
272531
272532
272533
272534
272535
272536
272537
272538
272539
272540
272541
272542
272543
272544
272545
272546
272547
272548
272549
272550
272551
272552
272553
272554
272555
272556
272557
272558
272559
272560
272561
272562
272563
272564
272565
272566
272567
272568
272569
272570
272571
272572
272573
272574
272575
272576
272577
272578
272579
272580
272581
272582
272583
272584
272585
272586
272587
272588
272589
272590
272591
272592
272593
272594
272595
272596
272597
272598
272599
272600
272601
272602
272603
272604
272605
272606
272607
272608
272609
272610
272611
272612
272613
272614
272615
272616
272617
272618
272619
272620
272621
272622
272623
272624
272625
272626
272627
272628
272629
272630
272631
272632
272633
272634
272635
272636
272637
272638
272639
272640
272641
272642
272643
272644
272645
272646
272647
272648
272649
272650
272651
272652
272653
272654
272655
272656
272657
272658
272659
272660
272661
272662
272663
272664
272665
272666
272667
272668
272669
272670
272671
272672
272673
272674
272675
272676
272677
272678
272679
272680
272681
272682
272683
272684
272685
272686
272687
272688
272689
272690
272691
272692
272693
272694
272695
272696
272697
272698
272699
272700
272701
272702
272703
272704
272705
272706
272707
272708
272709
272710
272711
272712
272713
272714
272715
272716
272717
272718
272719
272720
272721
272722
272723
272724
272725
272726
272727
272728
272729
272730
272731
272732
272733
272734
272735
272736
272737
272738
272739
272740
272741
272742
272743
272744
272745
272746
272747
272748
272749
272750
272751
272752
272753
272754
272755
272756
272757
272758
272759
272760
272761
272762
272763
272764
272765
272766
272767
272768
272769
272770
272771
272772
272773
272774
272775
272776
272777
272778
272779
272780
272781
272782
272783
272784
272785
272786
272787
272788
272789
272790
272791
272792
272793
272794
272795
272796
272797
272798
272799
272800
272801
272802
272803
272804
272805
272806
272807
272808
272809
272810
272811
272812
272813
272814
272815
272816
272817
272818
272819
272820
272821
272822
272823
272824
272825
272826
272827
272828
272829
272830
272831
272832
272833
272834
272835
272836
272837
272838
272839
272840
272841
272842
272843
272844
272845
272846
272847
272848
272849
272850
272851
272852
272853
272854
272855
272856
272857
272858
272859
272860
272861
272862
272863
272864
272865
272866
272867
272868
272869
272870
272871
272872
272873
272874
272875
272876
272877
272878
272879
272880
272881
272882
272883
272884
272885
272886
272887
272888
272889
272890
272891
272892
272893
272894
272895
272896
272897
272898
272899
272900
272901
272902
272903
272904
272905
272906
272907
272908
272909
272910
272911
272912
272913
272914
272915
272916
272917
272918
272919
272920
272921
272922
272923
272924
272925
272926
272927
272928
272929
272930
272931
272932
272933
272934
272935
272936
272937
272938
272939
272940
272941
272942
272943
272944
272945
272946
272947
272948
272949
272950
272951
272952
272953
272954
272955
272956
272957
272958
272959
272960
272961
272962
272963
272964
272965
272966
272967
272968
272969
272970
272971
272972
272973
272974
272975
272976
272977
272978
272979
272980
272981
272982
272983
272984
272985
272986
272987
272988
272989
272990
272991
272992
272993
272994
272995
272996
272997
272998
272999
273000
273001
273002
273003
273004
273005
273006
273007
273008
273009
273010
273011
273012
273013
273014
273015
273016
273017
273018
273019
273020
273021
273022
273023
273024
273025
273026
273027
273028
273029
273030
273031
273032
273033
273034
273035
273036
273037
273038
273039
273040
273041
273042
273043
273044
273045
273046
273047
273048
273049
273050
273051
273052
273053
273054
273055
273056
273057
273058
273059
273060
273061
273062
273063
273064
273065
273066
273067
273068
273069
273070
273071
273072
273073
273074
273075
273076
273077
273078
273079
273080
273081
273082
273083
273084
273085
273086
273087
273088
273089
273090
273091
273092
273093
273094
273095
273096
273097
273098
273099
273100
273101
273102
273103
273104
273105
273106
273107
273108
273109
273110
273111
273112
273113
273114
273115
273116
273117
273118
273119
273120
273121
273122
273123
273124
273125
273126
273127
273128
273129
273130
273131
273132
273133
273134
273135
273136
273137
273138
273139
273140
273141
273142
273143
273144
273145
273146
273147
273148
273149
273150
273151
273152
273153
273154
273155
273156
273157
273158
273159
273160
273161
273162
273163
273164
273165
273166
273167
273168
273169
273170
273171
273172
273173
273174
273175
273176
273177
273178
273179
273180
273181
273182
273183
273184
273185
273186
273187
273188
273189
273190
273191
273192
273193
273194
273195
273196
273197
273198
273199
273200
273201
273202
273203
273204
273205
273206
273207
273208
273209
273210
273211
273212
273213
273214
273215
273216
273217
273218
273219
273220
273221
273222
273223
273224
273225
273226
273227
273228
273229
273230
273231
273232
273233
273234
273235
273236
273237
273238
273239
273240
273241
273242
273243
273244
273245
273246
273247
273248
273249
273250
273251
273252
273253
273254
273255
273256
273257
273258
273259
273260
273261
273262
273263
273264
273265
273266
273267
273268
273269
273270
273271
273272
273273
273274
273275
273276
273277
273278
273279
273280
273281
273282
273283
273284
273285
273286
273287
273288
273289
273290
273291
273292
273293
273294
273295
273296
273297
273298
273299
273300
273301
273302
273303
273304
273305
273306
273307
273308
273309
273310
273311
273312
273313
273314
273315
273316
273317
273318
273319
273320
273321
273322
273323
273324
273325
273326
273327
273328
273329
273330
273331
273332
273333
273334
273335
273336
273337
273338
273339
273340
273341
273342
273343
273344
273345
273346
273347
273348
273349
273350
273351
273352
273353
273354
273355
273356
273357
273358
273359
273360
273361
273362
273363
273364
273365
273366
273367
273368
273369
273370
273371
273372
273373
273374
273375
273376
273377
273378
273379
273380
273381
273382
273383
273384
273385
273386
273387
273388
273389
273390
273391
273392
273393
273394
273395
273396
273397
273398
273399
273400
273401
273402
273403
273404
273405
273406
273407
273408
273409
273410
273411
273412
273413
273414
273415
273416
273417
273418
273419
273420
273421
273422
273423
273424
273425
273426
273427
273428
273429
273430
273431
273432
273433
273434
273435
273436
273437
273438
273439
273440
273441
273442
273443
273444
273445
273446
273447
273448
273449
273450
273451
273452
273453
273454
273455
273456
273457
273458
273459
273460
273461
273462
273463
273464
273465
273466
273467
273468
273469
273470
273471
273472
273473
273474
273475
273476
273477
273478
273479
273480
273481
273482
273483
273484
273485
273486
273487
273488
273489
273490
273491
273492
273493
273494
273495
273496
273497
273498
273499
273500
273501
273502
273503
273504
273505
273506
273507
273508
273509
273510
273511
273512
273513
273514
273515
273516
273517
273518
273519
273520
273521
273522
273523
273524
273525
273526
273527
273528
273529
273530
273531
273532
273533
273534
273535
273536
273537
273538
273539
273540
273541
273542
273543
273544
273545
273546
273547
273548
273549
273550
273551
273552
273553
273554
273555
273556
273557
273558
273559
273560
273561
273562
273563
273564
273565
273566
273567
273568
273569
273570
273571
273572
273573
273574
273575
273576
273577
273578
273579
273580
273581
273582
273583
273584
273585
273586
273587
273588
273589
273590
273591
273592
273593
273594
273595
273596
273597
273598
273599
273600
273601
273602
273603
273604
273605
273606
273607
273608
273609
273610
273611
273612
273613
273614
273615
273616
273617
273618
273619
273620
273621
273622
273623
273624
273625
273626
273627
273628
273629
273630
273631
273632
273633
273634
273635
273636
273637
273638
273639
273640
273641
273642
273643
273644
273645
273646
273647
273648
273649
273650
273651
273652
273653
273654
273655
273656
273657
273658
273659
273660
273661
273662
273663
273664
273665
273666
273667
273668
273669
273670
273671
273672
273673
273674
273675
273676
273677
273678
273679
273680
273681
273682
273683
273684
273685
273686
273687
273688
273689
273690
273691
273692
273693
273694
273695
273696
273697
273698
273699
273700
273701
273702
273703
273704
273705
273706
273707
273708
273709
273710
273711
273712
273713
273714
273715
273716
273717
273718
273719
273720
273721
273722
273723
273724
273725
273726
273727
273728
273729
273730
273731
273732
273733
273734
273735
273736
273737
273738
273739
273740
273741
273742
273743
273744
273745
273746
273747
273748
273749
273750
273751
273752
273753
273754
273755
273756
273757
273758
273759
273760
273761
273762
273763
273764
273765
273766
273767
273768
273769
273770
273771
273772
273773
273774
273775
273776
273777
273778
273779
273780
273781
273782
273783
273784
273785
273786
273787
273788
273789
273790
273791
273792
273793
273794
273795
273796
273797
273798
273799
273800
273801
273802
273803
273804
273805
273806
273807
273808
273809
273810
273811
273812
273813
273814
273815
273816
273817
273818
273819
273820
273821
273822
273823
273824
273825
273826
273827
273828
273829
273830
273831
273832
273833
273834
273835
273836
273837
273838
273839
273840
273841
273842
273843
273844
273845
273846
273847
273848
273849
273850
273851
273852
273853
273854
273855
273856
273857
273858
273859
273860
273861
273862
273863
273864
273865
273866
273867
273868
273869
273870
273871
273872
273873
273874
273875
273876
273877
273878
273879
273880
273881
273882
273883
273884
273885
273886
273887
273888
273889
273890
273891
273892
273893
273894
273895
273896
273897
273898
273899
273900
273901
273902
273903
273904
273905
273906
273907
273908
273909
273910
273911
273912
273913
273914
273915
273916
273917
273918
273919
273920
273921
273922
273923
273924
273925
273926
273927
273928
273929
273930
273931
273932
273933
273934
273935
273936
273937
273938
273939
273940
273941
273942
273943
273944
273945
273946
273947
273948
273949
273950
273951
273952
273953
273954
273955
273956
273957
273958
273959
273960
273961
273962
273963
273964
273965
273966
273967
273968
273969
273970
273971
273972
273973
273974
273975
273976
273977
273978
273979
273980
273981
273982
273983
273984
273985
273986
273987
273988
273989
273990
273991
273992
273993
273994
273995
273996
273997
273998
273999
274000
274001
274002
274003
274004
274005
274006
274007
274008
274009
274010
274011
274012
274013
274014
274015
274016
274017
274018
274019
274020
274021
274022
274023
274024
274025
274026
274027
274028
274029
274030
274031
274032
274033
274034
274035
274036
274037
274038
274039
274040
274042
274043
274044
274045
274046
274047
274048
274049
274050
274051
274052
274053
274054
274055
274056
274057
274058
274059
274060
274061
274062
274063
274064
274065
274066
274067
274068
274069
274070
274071
274072
274073
274074
274075
274076
274077
274078
274079
274080
274081
274082
274083
274084
274085
274086
274087
274088
274089
274090
274091
274092
274093
274094
274095
274096
274097
274098
274099
274100
274101
274102
274103
274104
274105
274106
274107
274108
274109
274110
274111
274112
274113
274114
274115
274116
274117
274118
274119
274120
274121
274122
274123
274124
274125
274126
274127
274128
274129
274130
274131
274132
274133
274134
274135
274136
274137
274138
274139
274140
274141
274142
274143
274144
274145
274146
274147
274148
274149
274150
274151
274152
274153
274154
274155
274156
274157
274158
274159
274160
274161
274162
274163
274164
274165
274166
274167
274168
274169
274170
274171
274172
274173
274174
274175
274176
274177
274178
274179
274180
274181
274182
274183
274184
274185
274186
274187
274188
274189
274190
274191
274192
274193
274194
274195
274196
274197
274198
274199
274200
274201
274202
274203
274204
274205
274206
274207
274208
274209
274210
274211
274212
274213
274214
274215
274216
274217
274218
274219
274220
274221
274222
274223
274224
274225
274226
274227
274228
274229
274230
274231
274232
274233
274234
274235
274236
274237
274238
274239
274240
274241
274242
274243
274244
274245
274246
274247
274248
274249
274250
274251
274252
274253
274254
274255
274256
274257
274258
274259
274260
274261
274262
274263
274264
274265
274266
274267
274268
274269
274270
274271
274272
274273
274274
274275
274276
274277
274278
274279
274280
274281
274282
274283
274284
274285
274286
274287
274288
274289
274290
274291
274292
274293
274294
274295
274296
274297
274298
274299
274300
274301
274302
274303
274304
274305
274306
274307
274308
274309
274310
274311
274312
274313
274314
274315
274316
274317
274318
274319
274320
274321
274322
274323
274324
274325
274326
274327
274328
274329
274330
274331
274332
274333
274334
274335
274336
274337
274338
274339
274340
274341
274342
274343
274344
274345
274346
274347
274348
274349
274350
274351
274352
274353
274354
274355
274356
274357
274358
274359
274360
274361
274362
274363
274364
274365
274366
274367
274368
274369
274370
274371
274372
274373
274374
274375
274376
274377
274378
274379
274380
274381
274382
274383
274384
274385
274386
274387
274388
274389
274390
274391
274392
274393
274394
274395
274396
274397
274398
274399
274400
274401
274402
274403
274404
274405
274406
274407
274408
274409
274410
274411
274412
274413
274414
274415
274416
274417
274418
274419
274420
274421
274422
274423
274424
274425
274426
274427
274428
274429
274430
274431
274432
274433
274434
274435
274436
274437
274438
274439
274440
274441
274442
274443
274444
274445
274446
274447
274448
274449
274450
274451
274452
274453
274454
274455
274456
274457
274458
274459
274460
274461
274462
274463
274464
274466
274467
274468
274469
274470
274471
274472
274473
274474
274475
274476
274477
274478
274479
274480
