242543
242544
242545
242546
242547
242548
242549
242550
242551
242552
242553
242554
242555
242556
242557
242558
242559
242560
242561
242562
242563
242564
242565
242566
242567
242568
242569
242570
242571
242572
242573
242574
242575
242576
242577
242578
242579
242580
242581
242582
242583
242584
242585
242586
242587
242588
242589
242590
242591
242592
242593
242594
242595
242596
242597
242598
242599
242600
242601
242602
242603
242604
242605
242606
242607
242608
242609
242610
242611
242612
242613
242614
242615
242616
242617
242618
242619
242620
242621
242622
242623
242624
242625
242626
242627
242628
242629
242630
242631
242632
242633
242634
242635
242636
242637
242638
242639
242640
242641
242642
242643
242644
242645
242646
242647
242648
242649
242650
242651
242652
242653
242654
242655
242656
242657
242658
242659
242660
242661
242662
242663
242664
242665
242666
242667
242668
242669
242670
242671
242672
242673
242674
242675
242676
242677
242678
242679
242680
242681
242682
242683
242684
242685
242686
242687
242688
242689
242690
242691
242692
242693
242694
242695
242696
242697
242698
242699
242700
242701
242702
242703
242704
242705
242706
242707
242708
242709
242710
242711
242712
242713
242714
242715
242716
242717
242718
242719
242720
242721
242722
242723
242724
242725
242726
242727
242728
242729
242730
242731
242732
242733
242734
242735
242736
242737
242738
242739
242740
242741
242742
242743
242744
242745
242746
242747
242748
242749
242750
242751
242752
242753
242754
242755
242756
242757
242758
242759
242760
242761
242762
242763
242764
242765
242766
242767
242768
242769
242770
242771
242772
242773
242774
242775
242776
242777
242778
242779
242780
242781
242782
242783
242784
242785
242786
242787
242788
242789
242790
242791
242792
242793
242794
242795
242796
242797
242798
242799
242800
242801
242802
242803
242804
242805
242806
242807
242808
242809
242810
242811
242812
242813
242814
242815
242816
242817
242818
242819
242820
242821
242822
242823
242824
242825
242826
242827
242828
242829
242830
242831
242832
242833
242834
242835
242836
242837
242838
242839
242840
242841
242842
242843
242844
242845
242846
242847
242848
242849
242850
242851
242852
242853
242854
242855
242856
242857
242858
242859
242860
242861
242862
242863
242864
242865
242866
242867
242868
242869
242870
242871
242872
242873
242874
242875
242876
242877
242878
242879
242880
242881
242882
242883
242884
242885
242886
242887
242888
242889
242890
242891
242892
242893
242894
242895
242896
242897
242898
242899
242900
242901
242902
242903
242904
242905
242906
242907
242908
242909
242910
242911
242912
242913
242914
242915
242916
242917
242918
242919
242920
242921
242922
242923
242924
242925
242926
242927
242928
242929
242930
242931
242932
242933
242934
242935
242936
242937
242938
242939
242940
242941
242942
242943
242944
242945
242946
242947
242948
242949
242950
242951
242952
242953
242954
242955
242956
242957
242958
242959
242960
242961
242962
242963
242964
242965
242966
242967
242968
242969
242970
242971
242972
242973
242974
242975
242976
242977
242978
242979
242980
242981
242982
242983
242984
242985
242986
242987
242988
242989
242990
242991
242992
242993
242994
242995
242996
242997
242998
242999
243000
243001
243002
243003
243004
243005
243006
243007
243008
243009
243010
243011
243012
243013
243014
243015
243016
243017
243018
243019
243020
243021
243022
243023
243024
243025
243026
243027
243028
243029
243030
243031
243032
243033
243034
243035
243036
243037
243038
243039
243040
243041
243042
243043
243044
243045
243046
243047
243048
243049
243050
243051
243052
243053
243054
243055
243056
243057
243058
243059
243060
243061
243062
243063
243064
243065
243066
243067
243068
243069
243070
243071
243072
243073
243074
243075
243076
243077
243078
243079
243080
243081
243082
243083
243084
243085
243086
243087
243088
243089
243090
243091
243092
243093
243094
243095
243096
243097
243098
243099
243100
243101
243102
243103
243104
243105
243106
243107
243108
243109
243110
243111
243112
243113
243114
243115
243116
243117
243118
243119
243120
243121
243122
243123
243124
243125
243126
243127
243128
243129
243130
243131
243132
243133
243134
243135
243136
243137
243138
243139
243140
243141
243142
243143
243144
243145
243146
243147
243148
243149
243150
243151
243152
243153
243154
243155
243156
243157
243158
243159
243160
243161
243162
243163
243164
243165
243166
243167
243168
243169
243170
243171
243172
243173
243174
243175
243176
243177
243178
243179
243180
243181
243182
243183
243184
243185
243186
243187
243188
243189
243190
243191
243192
243193
243194
243195
243196
243197
243198
243199
243200
243201
243202
243203
243204
243205
243206
243207
243208
243209
243210
243211
243212
243213
243214
243215
243216
243217
243218
243219
243220
243221
243222
243223
243224
243225
243226
243227
243228
243229
243230
243231
243232
243233
243234
243235
243236
243237
243238
243239
243240
243241
243242
243243
243244
243245
243246
243247
243248
243249
243250
243251
243252
243253
243254
243255
243256
243257
243258
243259
243260
243261
243262
243263
243264
243265
243266
243267
243268
243269
243270
243271
243272
243273
243274
243275
243276
243277
243278
243279
243280
243281
243282
243283
243284
243285
243286
243287
243288
243289
243290
243291
243292
243293
243294
243295
243296
243297
243298
243299
243300
243301
243302
243303
243304
243305
243306
243307
243308
243309
243310
243311
243312
243313
243314
243315
243316
243317
243318
243319
243320
243321
243322
243323
243324
243325
243326
243327
243328
243329
243330
243331
243332
243333
243334
243335
243336
243337
243338
243339
243340
243341
243342
243343
243344
243345
243346
243347
243348
243349
243350
243351
243352
243353
243354
243355
243356
243357
243358
243359
243360
243361
243362
243363
243364
243365
243366
243367
243368
243369
243370
243371
243372
243373
243374
243375
243376
243377
243378
243379
243380
243381
243382
243383
243384
243385
243386
243387
243388
243389
243390
243391
243392
243393
243394
243395
243396
243397
243398
243399
243400
243401
243402
243403
243404
243405
243406
243407
243408
243409
243410
243411
243412
243413
243414
243415
243416
243417
243418
243419
243420
243421
243422
243423
243424
243425
243426
243427
243428
243429
243430
243431
243432
243433
243434
243435
243436
243437
243438
243439
243440
243441
243442
243443
243444
243445
243446
243447
243448
243449
243450
243451
243452
243453
243454
243455
243456
243457
243458
243459
243460
243461
243462
243463
243464
243465
243466
243467
243468
243469
243470
243471
243472
243473
243474
243475
243476
243477
243478
243479
243480
243481
243482
243483
243484
243485
243486
243487
243488
243489
243490
243491
243492
243493
243494
243495
243496
243497
243498
243499
243500
243501
243502
243503
243504
243505
243506
243507
243508
243509
243510
243511
243512
243513
243514
243515
243516
243517
243518
243519
243520
243521
243522
243523
243524
243525
243526
243527
243528
243529
243530
243531
243532
243533
243534
243535
243536
243537
243538
243539
243540
243541
243542
243543
243544
243545
243546
243547
243548
243549
243550
243551
243552
243553
243554
243555
243556
243557
243558
243559
243560
243561
243562
243563
243564
243565
243566
243567
243568
243569
243570
243571
243572
243573
243574
243575
243576
243577
243578
243579
243580
243581
243582
243583
243584
243585
243586
243587
243588
243589
243590
243591
243592
243593
243594
243595
243596
243597
243598
243599
243600
243601
243602
243603
243604
243605
243606
243607
243608
243609
243610
243611
243612
243613
243614
243615
243616
243617
243618
243619
243620
243621
243622
243623
243624
243625
243626
243627
243628
243629
243630
243631
243632
243633
243634
243635
243636
243637
243638
243639
243640
243641
243642
243643
243644
243645
243646
243647
243648
243649
243650
243651
243652
243653
243654
243655
243656
243657
243658
243659
243660
243661
243662
243663
243664
243665
243666
243667
243668
243669
243670
243671
243672
243673
243674
243675
243676
243677
243678
243679
243680
243681
243682
243683
243684
243685
243686
243687
243688
243689
243690
243691
243692
243693
243694
243695
243696
243697
243698
243699
243700
243701
243702
243703
243704
243705
243706
243707
243708
243709
243710
243711
243712
243713
243714
243715
243716
243717
243718
243719
243720
243721
243722
243723
243724
243725
243726
243727
243728
243729
243730
243731
243732
243733
243734
243735
243736
243737
243738
243739
243740
243741
243742
243743
243744
243745
243746
243747
243748
243749
243750
243751
243752
243753
243754
243755
243756
243757
243758
243759
243760
243761
243762
243763
243764
243765
243766
243767
243768
243769
243770
243771
243772
243773
243774
243775
243776
243777
243778
243779
243780
243781
243782
243783
243784
243785
243786
243787
243788
243789
243790
243791
243792
243793
243794
243795
243796
243797
243798
243799
243800
243801
243802
243803
243804
243805
243806
243807
243808
243809
243810
243811
243812
243813
243814
243815
243816
243817
243818
243819
243820
243821
243822
243823
243824
243825
243826
243827
243828
243829
243830
243831
243832
243833
243834
243835
243836
243837
243838
243839
243840
243841
243842
243843
243844
243845
243846
243847
243848
243849
243850
243851
243852
243853
243854
243855
243856
243857
243858
243859
243860
243861
243862
243863
243864
243865
243866
243867
243868
243869
243870
243871
243872
243873
243874
243875
243876
243877
243878
243879
243880
243881
243882
243883
243884
243885
243886
243887
243888
243889
243890
243891
243892
243893
243894
243895
243896
243897
243898
243899
243900
243901
243902
243903
243904
243905
243906
243907
243908
243909
243910
243911
243912
243913
243914
243915
243916
243917
243918
243919
243920
243921
243922
243923
243924
243925
243926
243927
243928
243929
243930
243931
243932
243933
243934
243935
243936
243937
243938
243939
243940
243941
243942
243943
243944
243945
243946
243947
243948
243949
243950
243951
243952
243953
243954
243955
243956
243957
243958
243959
243960
243961
243962
243963
243964
243965
243966
243967
243968
243969
243970
243971
243972
243973
243974
243975
243976
243977
243978
243979
243980
243981
243982
243983
243984
243985
243986
243987
243988
243989
243990
243991
243992
243993
243994
243995
243996
243997
243998
243999
244000
244001
244002
244003
244004
244005
244006
244007
244008
244009
244010
244011
244012
244013
244014
244015
244016
244017
244018
244019
244020
244021
244022
244023
244024
244025
244026
244027
244028
244029
244030
244031
244032
244033
244034
244035
244036
244037
244038
244039
244040
244041
244042
244043
244044
244045
244046
244047
244048
244049
244050
244051
244052
244053
244054
244055
244056
244057
244058
244059
244060
244061
244062
244063
244064
244065
244066
244067
244068
244069
244070
244071
244072
244073
244074
244075
244076
244077
244078
244079
244080
244081
244082
244083
244084
244085
244086
244087
244088
244089
244090
244091
244092
244093
244094
244095
244096
244097
244098
244099
244100
244101
244102
244103
244104
244105
244106
244107
244108
244109
244110
244111
244112
244113
244114
244115
244116
244117
244118
244119
244120
244121
244122
244123
244124
244125
244126
244127
244128
244129
244130
244131
244132
244133
244134
244135
244136
244137
244138
244139
244140
244141
244142
244143
244144
244145
244146
244147
244148
244149
244150
244151
244152
244153
244154
244155
244156
244157
244158
244159
244160
244161
244162
244163
244164
244165
244166
244167
244168
244169
244170
244171
244172
244173
244174
244175
244176
244177
244178
244179
244180
244181
244182
244183
244184
244185
244186
244187
244188
244189
244190
244191
244192
244193
244194
244195
244196
244197
244198
244199
244200
244201
244202
244203
244204
244205
244206
244207
244208
244209
244210
244211
244212
244213
244214
244215
244216
244217
244218
244219
244220
244221
244222
244223
244224
244225
244226
244227
244228
244229
244230
244231
244232
244233
244234
244235
244236
244237
244238
244239
244240
244241
244242
244243
244244
244245
244246
244247
244248
244249
244250
244251
244252
244253
244254
244255
244256
244257
244258
244259
244260
244261
244262
244263
244264
244265
244266
244267
244268
244269
244270
244271
244272
244273
244274
244275
244276
244277
244278
244279
244280
244281
244282
244283
244284
244285
244286
244287
244288
244289
244290
244291
244292
244293
244294
244295
244296
244297
244298
244299
244300
244301
244302
244303
244304
244305
244306
244307
244308
244309
244310
244311
244312
244313
244314
244315
244316
244317
244318
244319
244320
244321
244322
244323
244324
244325
244326
244327
244328
244329
244330
244331
244332
244333
244334
244335
244336
244337
244338
244339
244340
244341
244342
244343
244344
244345
244346
244347
244348
244349
244350
244351
244352
244353
244354
244355
244356
244357
244358
244359
244360
244361
244362
244363
244364
244365
244366
244367
244368
244369
244370
244371
244372
244373
244374
244375
244376
244377
244378
244379
244380
244381
244382
244383
244384
244385
244386
244387
244388
244389
244390
244391
244392
244393
244394
244395
244396
244397
244398
244399
244400
244401
244402
244403
244404
244405
244406
244407
244408
244409
244410
244411
244412
244413
244414
244415
244416
244417
244418
244419
244420
244421
244422
244423
244424
244425
244426
244427
244428
244429
244430
244431
244432
244433
244434
244435
244436
244437
244438
244439
244440
244441
244442
244443
244444
244445
244446
244447
244448
244449
244450
244451
244452
244453
244454
244455
244456
244457
244458
244459
244460
244461
244462
244463
244464
244465
244466
244467
244468
244469
244470
244471
244472
244473
244474
244475
244476
244477
244478
244479
244480
244481
244482
244483
244484
244485
244486
244487
244488
244489
244490
244491
244492
244493
244494
244495
244496
244497
244498
244499
244500
244501
244502
244503
244504
244505
244506
244507
244508
244509
244510
244511
244512
244513
244514
244515
244516
244517
244518
244519
244520
244521
244522
244523
244524
244525
244526
244527
244528
244529
244530
244531
244532
244533
244534
244535
244536
244537
244538
244539
244540
244541
244542
244543
244544
244545
244546
244547
244548
244549
244550
244551
244552
244553
244554
244555
244556
244557
244558
244559
244560
244561
244562
244563
244564
244565
244566
244567
244568
244569
244570
244571
244572
244573
244574
244575
244576
244577
244578
244579
244580
244581
244582
244583
244584
244585
244586
244587
244588
244589
244590
244591
244592
244593
244594
244596
244597
244598
244599
244600
244601
244602
244603
244604
244605
244606
244608
244609
244610
244611
244612
244613
244614
244615
244616
244617
244618
244619
244620
244621
244622
244623
244624
244625
244626
244627
244628
244629
244630
244631
244632
244633
244634
244635
244636
244637
244638
244639
244640
244641
244642
244643
244644
244645
244646
244647
244648
244649
244650
244651
244652
244653
244654
244655
244656
244657
244658
244659
244660
244661
244662
244663
244664
244665
244666
244667
244668
244669
244670
244671
244672
244673
244674
244675
244676
244677
244678
244679
244680
244681
244682
244683
244684
244685
244686
244687
244688
244689
244690
244691
244692
244693
244694
244695
244696
244697
244698
244699
244700
244701
244702
244703
244704
244705
244706
244707
244708
244709
244710
244711
244712
244713
244714
244715
244716
244717
244718
244719
244720
244721
244722
244723
244724
244725
244726
244727
244728
244729
244730
244731
244732
244733
244734
244735
244736
244737
244738
244739
244740
244741
244742
244743
244744
244745
244746
244747
244748
244749
244750
244751
244752
244753
244754
244755
244756
244757
244758
244759
244760
244761
244762
244763
244764
244765
244766
244767
244768
244769
244770
244771
244772
244773
244774
244775
244776
244777
244778
244779
244780
244781
244782
244783
244784
244785
244786
244787
244788
244789
244790
244791
244792
244793
244794
244795
244796
244797
244798
244799
244800
244801
244802
244803
244804
244805
244806
244807
244808
244809
244810
244811
244812
244813
244814
244815
244816
244817
244818
244819
244820
244821
244822
244823
244824
244825
244826
244827
244828
244829
244830
244831
244832
244833
244834
244835
244836
244837
244838
244839
244840
244841
244842
244843
244844
244845
244846
244847
244848
244849
244850
244851
244852
244853
244854
244855
244856
244857
244858
244859
244860
244861
244862
244863
244864
244865
244866
244867
244868
244869
244870
244871
244872
244873
244874
244875
244876
244877
244878
244879
244880
244881
244882
244883
244884
244885
244886
244887
244888
244889
244890
244891
244892
244893
244894
244895
244896
244897
244898
244899
244900
244901
244902
244903
244904
244905
244906
244907
244908
244909
244910
244911
244912
244913
244914
244915
244916
244917
244918
244919
244920
244921
244922
244923
244924
244925
244926
244927
244928
244929
244930
244931
244932
244933
244934
244935
244936
244937
244938
244939
244940
244941
244942
244943
244944
244945
244946
244947
244948
244949
244950
244951
244952
244953
244954
244955
244956
244957
244958
244959
244960
244961
244962
244963
244964
244965
244966
244967
244968
244969
244970
244971
244972
244973
244974
244975
244976
244977
244978
244979
244980
244981
244982
244983
244984
244985
244986
244987
244988
244989
244990
244991
244992
244993
244994
244995
244996
244997
244998
244999
245000
245001
245002
245003
245004
245005
245006
245007
245008
245009
245010
245011
245012
245013
245014
245015
245016
245017
245018
245019
245020
245021
245022
245023
245024
245025
245026
245027
245028
245029
245030
245031
245032
245033
245034
245035
245036
245037
245038
245039
245040
245041
245042
245043
245044
245045
245046
245047
245048
245049
245050
245051
245052
245053
245054
245055
245056
245057
245058
245059
245060
245061
245062
245063
245064
245065
245066
245067
245068
245069
245070
245071
245072
245073
245074
245075
245076
245077
245078
245079
245080
245081
245082
245083
245084
245085
245086
245087
245088
245089
245090
245091
245092
245093
245094
245095
245096
245097
245098
245099
245100
245101
245102
245103
245104
245105
245106
245107
245108
245109
245110
245111
245112
245113
245114
245115
245116
245117
245118
245119
245120
245121
245122
245123
245124
245125
245126
245127
245128
245129
245130
245131
245132
245133
245134
245135
245136
245137
245138
245139
245140
245141
245142
245143
245144
245145
245146
245147
245148
245149
245150
245151
245152
245153
245154
245155
245156
245157
245158
245159
245160
245161
245162
245163
245164
245165
245166
245167
245168
245169
245170
245171
245172
245173
245174
245175
245176
245177
245178
245179
