276264
276265
276266
276267
276268
276269
276270
276271
276272
276273
276274
276275
276276
276277
276278
276279
276280
276281
276282
276283
276284
276285
276286
276287
276288
276289
276290
276291
276292
276293
276294
276295
276296
276297
276298
276299
276300
276301
276302
276303
276304
276305
276306
276307
276308
276309
276310
276311
276312
276313
276314
276315
276316
276317
276318
276319
276320
276321
276322
276323
276324
276325
276326
276327
276328
276329
276330
276331
276332
276333
276334
276335
276336
276337
276338
276339
276340
276341
276342
276343
276344
276345
276346
276347
276348
276349
276350
276351
276352
276353
276354
276355
276356
276357
276358
276359
276360
276361
276362
276363
276364
276365
276366
276367
276368
276369
276370
276371
276372
276373
276374
276375
276376
276377
276378
276379
276380
276381
276382
276383
276384
276385
276386
276387
276388
276389
276390
276391
276392
276393
276394
276395
276396
276397
276398
276399
276400
276401
276402
276403
276404
276405
276406
276407
276408
276409
276410
276411
276412
276413
276414
276415
276416
276417
276418
276419
276420
276421
276422
276423
276424
276425
276426
276427
276428
276429
276430
276431
276432
276433
276434
276435
276436
276437
276438
276439
276440
276441
276442
276443
276444
276445
276446
276447
276448
276449
276450
276451
276452
276453
276454
276455
276456
276457
276458
276459
276460
276461
276462
276463
276464
276465
276466
276467
276468
276469
276470
276471
276472
276473
276474
276475
276476
276477
276478
276479
276480
276481
276482
276483
276484
276485
276486
276487
276488
276489
276490
276491
276492
276493
276494
276495
276496
276497
276498
276499
276500
276501
276502
276503
276504
276505
276506
276507
276508
276509
276510
276511
276512
276513
276514
276515
276516
276517
276518
276519
276520
276521
276522
276523
276524
276525
276526
276527
276528
276529
276530
276531
276532
276533
276534
276535
276536
276537
276538
276539
276540
276541
276542
276543
276544
276545
276546
276547
276548
276549
276550
276551
276552
276553
276554
276555
276556
276557
276558
276559
276560
276561
276562
276563
276564
276565
276566
276567
276568
276569
276570
276571
276572
276573
276574
276575
276576
276577
276578
276579
276580
276581
276582
276583
276584
276585
276586
276587
276588
276589
276590
276591
276592
276593
276594
276595
276596
276597
276598
276599
276600
276601
276602
276603
276604
276605
276606
276607
276608
276609
276610
276611
276612
276613
276614
276615
276616
276617
276618
276619
276620
276621
276622
276623
276624
276625
276626
276627
276628
276629
276630
276631
276632
276633
276634
276635
276636
276637
276638
276639
276640
276641
276642
276643
276644
276645
276646
276647
276648
276649
276650
276651
276652
276653
276654
276655
276656
276657
276658
276659
276660
276661
276662
276663
276664
276665
276666
276667
276668
276669
276670
276671
276672
276673
276674
276675
276676
276677
276678
276679
276680
276681
276682
276683
276684
276685
276686
276687
276688
276689
276690
276691
276692
276693
276694
276695
276696
276697
276698
276699
276700
276701
276702
276703
276704
276705
276706
276707
276708
276709
276710
276711
276712
276713
276714
276715
276716
276717
276718
276719
276720
276721
276722
276723
276724
276725
276726
276727
276728
276729
276730
276731
276732
276733
276734
276735
276736
276737
276738
276739
276740
276741
276742
276743
276744
276745
276746
276747
276748
276749
276750
276751
276752
276753
276754
276755
276756
276757
276758
276759
276760
276761
276762
276763
276764
276765
276766
276767
276768
276769
276770
276771
276772
276773
276774
276775
276776
276777
276778
276779
276780
276781
276782
276783
276784
276785
276786
276787
276788
276789
276790
276791
276792
276793
276794
276795
276796
276797
276798
276799
276800
276801
276802
276803
276804
276805
276806
276807
276808
276809
276810
276811
276812
276813
276814
276815
276816
276817
276818
276819
276820
276821
276822
276823
276824
276825
276826
276827
276828
276829
276830
276831
276832
276833
276834
276835
276836
276837
276838
276839
276840
276841
276842
276843
276844
276845
276846
276847
276848
276849
276850
276851
276852
276853
276854
276855
276856
276857
276858
276859
276860
276861
276862
276863
276864
276865
276866
276867
276868
276869
276870
276871
276872
276873
276874
276875
276876
276877
276878
276879
276880
276881
276882
276883
276884
276885
276886
276887
276888
276889
276890
276891
276892
276893
276894
276895
276896
276897
276898
276899
276900
276901
276902
276903
276904
276905
276906
276907
276908
276909
276910
276911
276912
276913
276914
276915
276916
276917
276918
276919
276920
276921
276922
276923
276924
276925
276926
276927
276928
276929
276930
276931
276932
276933
276934
276935
276936
276937
276938
276939
276940
276941
276942
276943
276944
276945
276946
276947
276948
276949
276950
276951
276952
276953
276954
276955
276956
276957
276958
276959
276960
276961
276962
276963
276964
276965
276966
276967
276968
276969
276970
276971
276972
276973
276974
276975
276976
276977
276978
276979
276980
276981
276982
276983
276984
276985
276986
276987
276988
276989
276990
276991
276992
276993
276994
276995
276996
276997
276998
276999
277000
277001
277002
277003
277004
277005
277006
277007
277008
277009
277010
277011
277012
277013
277014
277015
277016
277017
277018
277019
277020
277021
277022
277023
277024
277025
277026
277027
277028
277029
277030
277031
277032
277033
277034
277035
277036
277037
277038
277039
277040
277041
277042
277043
277044
277045
277046
277047
277048
277049
277050
277051
277052
277053
277054
277055
277056
277057
277058
277059
277060
277061
277062
277063
277064
277065
277066
277067
277068
277069
277070
277071
277072
277073
277074
277075
277076
277077
277078
277079
277080
277081
277082
277083
277084
277085
277086
277087
277088
277089
277090
277091
277092
277093
277094
277095
277096
277097
277098
277099
277100
277101
277102
277103
277104
277105
277106
277107
277108
277109
277110
277111
277112
277113
277114
277115
277116
277117
277118
277119
277120
277121
277122
277123
277124
277125
277126
277127
277128
277129
277130
277131
277132
277133
277134
277135
277136
277137
277138
277139
277140
277141
277142
277143
277144
277145
277146
277147
277148
277149
277150
277151
277152
277153
277154
277155
277156
277157
277158
277159
277160
277161
277162
277163
277164
277165
277166
277167
277168
277169
277170
277171
277172
277173
277174
277175
277176
277177
277178
277179
277180
277181
277182
277183
277184
277185
277186
277187
277188
277189
277190
277191
277192
277193
277194
277195
277196
277197
277198
277199
277200
277201
277202
277203
277204
277205
277206
277207
277208
277209
277210
277211
277212
277213
277214
277215
277216
277217
277218
277219
277220
277221
277222
277223
277224
277225
277226
277227
277228
277229
277230
277231
277232
277233
277234
277235
277236
277237
277238
277239
277240
277241
277242
277243
277244
277245
277246
277247
277248
277249
277250
277251
277252
277253
277254
277255
277256
277257
277258
277259
277260
277261
277262
277263
277264
277265
277266
277267
277268
277269
277270
277271
277272
277273
277274
277275
277276
277277
277278
277279
277280
277281
277282
277283
277284
277285
277286
277287
277288
277289
277290
277291
277292
277293
277294
277295
277296
277297
277298
277299
277300
277301
277302
277303
277304
277305
277306
277307
277308
277309
277310
277311
277312
277313
277314
277315
277316
277317
277318
277319
277320
277321
277322
277323
277324
277325
277326
277327
277328
277329
277330
277331
277332
277333
277334
277335
277336
277337
277338
277339
277340
277341
277342
277343
277344
277345
277346
277347
277348
277349
277350
277351
277352
277353
277354
277355
277356
277357
277358
277359
277360
277361
277362
277363
277364
277365
277366
277367
277368
277369
277370
277371
277372
277373
277374
277375
277376
277377
277378
277379
277380
277381
277382
277383
277384
277385
277386
277387
277388
277389
277390
277391
277392
277394
277395
277396
277397
277398
277399
277400
277401
277402
277403
277404
277405
277406
277407
277409
277410
277411
