254159
254160
254161
254162
254163
254164
254165
254166
254167
254168
254169
254170
254171
254172
254173
254174
254175
254176
254177
254178
254179
254180
254181
254182
254183
254184
254185
254186
254187
254188
254189
254190
254191
254192
254193
254194
254195
254196
254197
254198
254199
254200
254201
254202
254203
254204
254205
254206
254207
254208
254209
254210
254211
254212
254213
254214
254215
254216
254217
254218
254219
254220
254221
254222
254223
254224
254225
254226
254227
254228
254229
254230
254231
254232
254233
254234
254235
254236
254237
254238
254239
254240
254241
254242
254243
254244
254245
254246
254247
254248
254249
254250
254251
254252
254253
254254
254255
254256
254257
254258
254259
254260
254261
254262
254263
254264
254265
254266
254267
254268
254269
254270
254271
254272
254273
254274
254275
254276
254277
254278
254279
254280
254281
254282
254283
254284
254285
254286
254287
254288
254289
254290
254291
254292
254293
254294
254295
254296
254297
254298
254299
254300
254301
254302
254303
254304
254305
254306
254307
254308
254309
254310
254311
254312
254313
254314
254315
254316
254317
254318
254319
254320
254321
254322
254323
254324
254325
254326
254327
254328
254329
254330
254331
254332
254333
254334
254335
254336
254337
254338
254339
254340
254341
254342
254343
254344
254345
254346
254347
254348
254349
254350
254351
254352
254353
254354
254355
254356
254357
254358
254359
254360
254361
254362
254363
254364
254365
254366
254367
254368
254369
254370
254371
254372
254373
254374
254375
254376
254377
254378
254379
254380
254381
254382
254383
254384
254385
254386
254387
254388
254389
254390
254391
254392
254393
254394
254395
254396
254397
254398
254399
254400
254401
254402
254403
254404
254405
254406
254407
254408
254409
254410
254411
254412
254413
254414
254415
254416
254417
254418
254419
254420
254421
254422
254423
254424
254425
254426
254427
254428
254429
254430
254431
254432
254433
254434
254435
254436
254437
254438
254439
254440
254441
254442
254443
254444
254445
254446
254447
254448
254449
254450
254451
254452
254453
254454
254455
254456
254457
254458
254459
254460
254461
254462
254463
254464
254465
254466
254467
254468
254469
254470
254471
254472
254473
254474
254475
254476
254477
254478
254479
254480
254481
254482
254483
254484
254485
254486
254487
254488
254489
254490
254491
254492
254493
254494
254495
254496
254497
254498
254499
254500
254501
254502
254503
254504
254505
254506
254507
254508
254509
254510
254511
254512
254513
254514
254515
254516
254517
254518
254519
254520
254521
254522
254523
254524
254525
254526
254527
254528
254529
254530
254531
254532
254533
254534
254535
254536
254537
254538
254539
254540
254541
254542
254543
254544
254545
254546
254547
254548
254549
254550
254551
254552
254553
254554
254555
254556
254557
254558
254559
254560
254561
254562
254563
254564
254565
254566
254567
254568
254569
254570
254571
254572
254573
254574
254575
254576
254577
254578
254579
254580
254581
254582
254583
254584
254585
254586
254587
254588
254589
254590
254591
254592
254593
254594
254595
254596
254597
254598
254599
254600
254601
254602
254603
254604
254605
254606
254607
254608
254609
254610
254611
254612
254613
254614
254615
254616
254617
254618
254619
254620
254621
254622
254623
254624
254625
254626
254627
254628
254629
254630
254631
254632
254633
254634
254635
254636
254637
254638
254639
254640
254641
254642
254643
254644
254645
254646
254647
254648
254649
254650
254651
254652
254653
254654
254655
254656
254657
254658
254659
254660
254661
254662
254663
254664
254665
254666
254667
254668
254669
254670
254671
254672
254673
254674
254675
254676
254677
254678
254679
254680
254681
254682
254683
254684
254685
254686
254687
254688
254689
254690
254691
254692
254693
254694
254695
254696
254697
254698
254699
254700
254701
254702
254703
254704
254705
254706
254707
254708
254709
254710
254711
254712
254713
254714
254715
254716
254717
254718
254719
254720
254721
254722
254723
254724
254725
254726
254727
254728
254729
254730
254731
254732
254733
254734
254735
254736
254737
254738
254739
254740
254741
254742
254743
254744
254745
254746
254747
254748
254749
254750
254751
254752
254753
254754
254755
254756
254757
254758
254759
254760
254761
254762
254763
254764
254765
254766
254767
254768
254769
254770
254771
254772
254773
254774
254775
254776
254777
254778
254779
254780
254781
254782
254783
254784
254785
254786
254787
254788
254789
254790
254791
254792
254793
254794
254795
254796
254797
254798
254799
254800
254801
254802
254803
254804
254805
254806
254807
254808
254809
254810
254811
254812
254813
254814
254815
254816
254817
254818
254819
254820
254821
254822
254823
254824
254825
254826
254827
254828
254829
254830
254831
254832
254833
254834
254835
254836
254837
254838
254839
254840
254841
254842
254843
254844
254845
254846
254847
254848
254849
254850
254851
254852
254853
254854
254855
254856
254857
254858
254859
254860
254861
254862
254863
254864
254865
254866
254867
254868
254869
254870
254871
254872
254873
254874
254875
254876
254877
254878
254879
254880
254881
254882
254883
254884
254885
254886
254887
254888
254889
254890
254891
254892
254893
254894
254895
254896
254897
254898
254899
254900
254901
254902
254903
254904
254905
254906
254907
254908
254909
254910
254911
254912
254913
254914
254915
254916
254917
254918
254919
254920
254921
254922
254923
254924
254925
254926
254927
254928
254929
254930
254931
254932
254933
254934
254935
254936
254937
254938
254939
254940
254941
254942
254943
254944
254945
254946
254947
254948
254949
254950
254951
254952
254953
254954
254955
254956
254957
254958
254959
254960
254961
254962
254963
254964
254965
254966
254967
254968
254969
254970
254971
254972
254973
254974
254975
254976
254977
254978
254979
254980
254981
254982
254983
254984
254985
254986
254987
254988
254989
254990
254991
254992
254993
254994
254995
254996
254997
254998
254999
255000
255001
255002
255003
255004
255005
255006
255007
255008
255009
255010
255011
255012
255013
255014
255015
255016
255017
255018
255019
255020
255021
255022
255023
255024
255025
255026
255027
255028
255029
255030
255031
255032
255033
255034
255035
255036
255037
255038
255039
255040
255041
255042
255043
255044
255045
255046
255047
255048
255049
255050
255051
255052
255053
255054
255055
255056
255057
255058
255059
255060
255061
255062
255063
255064
255065
255066
255067
255068
255069
255070
255071
255072
255073
255074
255075
255076
255077
255078
255079
255080
255081
255082
255083
255084
255085
255086
255087
255088
255089
255090
255091
255092
255093
255094
255095
255096
255097
255098
255099
255100
255101
255102
255103
255104
255105
255106
255107
255108
255109
255110
255111
255112
255113
255114
255115
255116
255117
255118
255119
255120
255121
255122
255123
255124
255125
255126
255127
255128
255129
255130
255131
255132
255133
255134
255135
255136
255137
255138
255139
255140
255141
255142
255143
255144
255145
255146
255147
255148
255149
255150
255151
255152
255153
255154
255155
255156
255157
255158
255159
255160
255161
255162
255163
255164
255165
255166
255167
255168
255169
255170
255171
255172
255173
255174
255175
255176
255177
255178
255179
255180
255181
255182
255183
255184
255185
255186
255187
255188
255189
255190
255191
255192
255193
255194
255195
255196
255197
255198
255199
255200
255201
255202
255203
255204
255205
255206
255207
255208
255209
255210
255211
255212
255213
255214
255215
255216
255217
255218
255219
255220
255221
255222
255223
255224
255225
255226
255227
255228
255229
255230
255231
255232
255233
255234
255235
255236
255237
255238
255239
255240
255241
255242
255243
255244
255245
255246
255247
255248
255249
255250
255251
255252
255253
255254
255255
255256
255257
255258
255259
255260
255261
255262
255263
255264
255265
255266
255267
255268
255269
255270
255271
255272
255273
255274
255275
255276
255277
255278
255279
255280
255281
255282
255283
255284
255285
255286
255287
255288
255289
255290
255291
255292
255293
255294
255295
255296
255297
255298
255299
255300
255301
255302
255303
255304
255305
255306
255307
255308
255309
255310
255311
255312
255313
255314
255315
255316
255317
255318
255319
255320
255321
255322
255323
255324
255325
255326
255327
255328
255329
255330
255331
255332
255333
255334
255335
255336
255337
255338
255339
255340
255341
255342
255343
255344
255345
255346
255347
255348
255349
255350
255351
255352
255353
255354
255355
255356
255357
255358
255359
255360
255361
255362
255363
255364
255365
255366
255367
255368
255369
255370
255371
255372
255373
255374
255375
255376
255377
255378
255379
255380
255381
255382
255383
255384
255385
255386
255387
255388
255389
255390
255391
255392
255393
255394
255395
255396
255397
255398
255399
255400
255401
255402
255403
255404
255405
255406
255407
255408
255409
255410
255411
255412
255413
255414
255415
255416
255417
255418
255419
255420
255421
255422
255423
255424
255425
255426
255427
255428
255429
255430
255431
255432
255433
255434
255435
255436
255437
255438
255439
255440
255441
255442
255443
255444
255445
255446
255447
255448
255449
255450
255451
255452
255453
255454
255455
255456
255457
255458
255459
255460
255461
255462
255463
255464
255465
255466
255467
255468
255469
255470
255471
255472
255473
255474
255475
255476
255477
255478
255479
255480
255481
255482
255483
255484
255485
255486
255487
255488
255489
255490
255491
255492
255493
255494
255495
255496
255497
255498
255499
255500
255501
255502
255503
255504
255505
255506
255507
255508
255509
255510
255511
255512
255513
255514
255515
255516
255517
255518
255519
255520
255521
255522
255523
255524
255525
255526
255527
255528
255529
255530
255531
255532
255533
255534
255535
255536
255537
255538
255539
255540
255541
255542
255543
255544
255545
255546
255547
255548
255549
255550
255551
255552
255553
255554
255555
255556
255557
255559
255560
255561
255562
255563
255564
255565
255566
255567
255568
255569
255570
255571
255572
255573
255574
255575
255576
255577
255578
255579
255580
255581
255582
255583
255584
255585
255586
255587
255588
255589
255590
255591
255592
255593
255594
255595
255596
255597
255598
255599
255600
255601
255602
255603
255604
255605
255606
255607
255608
255609
255610
255611
255612
255613
255614
255615
255616
255617
255618
255619
255620
255621
255622
255623
255624
255625
255626
255627
255628
255629
255630
255631
255632
255633
255634
255635
255636
255637
255638
255639
255640
255641
255642
255643
255644
255645
255646
255647
255648
255649
255650
255651
255652
255653
255654
255655
255656
255657
255658
255659
255660
255661
255662
255663
255664
255665
255666
255667
255668
255669
255670
255671
255672
255673
255674
255675
255676
255677
255678
255679
255680
255681
255682
255683
255684
255685
255686
255687
255688
255689
255690
255691
255692
255693
255694
255695
255696
255697
255698
255699
255700
255701
255702
255703
255704
255705
255706
255707
255708
255709
255710
255711
255712
255713
255714
255715
255716
255717
255718
255719
255720
255721
255722
255723
255724
255725
255726
255727
255728
255729
255730
255731
255732
255733
255734
255735
255736
255737
255738
255739
255740
255741
255742
255743
255744
255745
255746
255747
255748
255749
255750
255751
255752
255753
255754
255755
255756
255757
255758
255759
255760
255761
255762
255763
255764
255765
255766
255767
255768
255769
255770
255771
255772
255773
255774
255775
255776
255777
255778
255779
255780
255781
255782
255783
255784
255785
255786
255787
255788
255789
255790
255791
255792
255793
255794
255795
255796
255797
255798
255799
255800
255801
255802
255803
255804
255805
255806
255807
255808
255809
255810
255811
255812
255813
255814
255815
255816
255817
255818
255819
255820
255821
255822
255823
255824
255825
255826
255827
255828
255829
255830
255831
255832
255833
255834
255835
255836
255837
255838
255839
255840
255841
255842
255843
255844
255845
255846
255847
255848
255849
255850
255851
255852
255853
255854
255855
255856
255857
255858
255859
255860
255861
255862
255863
255864
255865
255866
255867
255868
255869
255870
255871
255872
255873
255874
255875
255876
255877
255878
255879
255880
255881
255882
255883
255884
255885
255886
255887
255888
255889
255890
255891
255892
255893
255894
255895
255896
255897
255898
255899
255900
255901
255902
255903
255904
255905
255906
255907
255908
255909
255910
255911
255912
255913
255914
255915
255916
255917
255918
255919
255920
255921
255922
255923
255924
255925
255926
255927
255928
255929
255930
255931
255932
255933
255934
255935
255936
255937
255938
255939
255940
255941
255942
255943
255944
255945
255946
255947
255948
255949
255950
255951
255952
255953
255954
255955
255956
255957
255958
255959
255960
255961
255962
255963
255964
255965
255966
255967
255968
255969
255970
255971
255972
255973
255974
255975
255976
255977
255978
255979
255980
255981
255982
255983
255984
255985
255986
255987
255988
255989
255990
255991
255992
255993
255994
255995
255996
255997
255998
255999
256000
256001
256002
256003
256004
256005
256006
256007
256008
256009
256010
256011
256012
256013
256014
256015
256016
256017
256018
256019
256020
256021
256022
256023
256024
256025
256026
256027
256028
256029
256030
256031
256032
256033
256034
256035
256036
256037
256038
256039
256040
256041
256042
256043
256044
256045
256046
256047
256048
256049
256050
256051
256052
256053
256054
256055
256056
256057
256058
256059
256060
256061
256062
256063
256064
256065
256066
256067
256068
256069
256070
256071
256072
256073
256074
256075
256076
256077
256078
256079
256080
256081
256082
256083
256084
256085
256086
256087
256088
256089
256090
256091
256092
256093
256094
256095
256096
256097
256098
256099
256100
256101
256102
256103
256104
256105
256106
256107
256108
256109
256110
256111
256112
256113
256114
256115
256116
256117
256118
256119
256120
256121
256122
256123
256124
256125
256126
256127
256128
256129
256130
256131
256132
256133
256134
256135
256136
256137
256138
256139
256140
256141
256142
256143
256144
256145
256146
256147
256148
256149
256150
256151
256152
256153
256154
256155
256156
256157
256158
256159
256160
256161
256162
256163
256164
256165
256166
256167
256168
256169
256170
256171
256172
256173
256174
256175
256176
256177
256178
256179
256180
256181
256182
256183
256184
256185
256186
256187
256188
256189
256190
256191
256192
256193
256194
256195
256196
256197
256198
256199
256200
256201
256202
256203
256204
256205
256206
256207
256208
256209
256210
256211
256212
256213
256214
256215
256216
256217
256218
256219
256220
256221
256222
256225
256226
256227
256228
256229
256230
256231
256232
256233
256234
256235
256236
256237
256238
256239
256240
256241
256242
256243
256244
256245
256246
256247
256248
256249
256250
256251
256252
256253
256254
256255
256256
256257
256258
256259
256260
256261
256262
256263
256264
256265
256266
256267
256268
256269
256270
256271
256272
256273
256274
256275
256276
256277
256278
256279
256280
256281
256282
256283
256284
256285
256286
256287
256288
256289
256290
256291
256292
256293
256294
256295
256296
256297
256298
256299
256300
256301
256302
256303
256304
256305
256306
256307
256308
256309
256310
256311
256312
256313
256314
256315
256316
256317
256318
256319
256320
256321
256322
256323
256324
256325
256326
256327
256328
256329
256330
256331
256332
256333
256334
256335
256336
256337
256338
256339
256340
256341
256342
256343
256344
256345
256346
256347
256348
256349
256350
256351
256352
256353
256354
256355
256356
256357
256358
256359
256360
256361
256362
256363
256364
256365
256366
256367
256368
256369
256370
256371
256372
256373
256374
256375
256376
256377
256378
256379
256380
256381
256382
256383
256384
256385
256386
256387
256388
256389
256390
256391
256392
256393
256394
256395
256396
256397
256398
256399
256400
256401
256402
256403
256404
256405
256406
256407
256408
256409
256410
256411
256412
256413
256414
256415
256416
256417
256418
256419
256420
256421
256422
256423
256424
256425
256426
256427
256428
256429
256430
256431
256432
256433
256434
256435
256436
256437
256438
256439
256440
256441
256442
256443
256444
256445
256446
256447
256448
256449
256450
256451
256452
256453
256454
256455
256456
256457
256458
256459
256460
256461
256462
256463
256464
256465
256466
256467
256468
256469
256470
256471
256472
256473
256474
256475
256476
256477
256478
256479
256480
256481
256482
256483
256484
256485
256486
256487
256488
256489
256490
256491
256492
256493
256494
256495
256496
256497
256498
256499
256500
256501
256502
256503
256504
256505
256506
256507
256508
256509
256510
256511
256512
256513
256514
256515
256516
256517
256518
256519
256520
256521
256522
256523
256524
256525
256526
256527
256528
256529
256530
256531
256532
256533
256534
256535
256536
256537
256538
256539
256540
256541
256542
256543
256544
256545
256546
256547
256548
256549
256550
256551
256552
256553
256554
256555
256556
256557
256558
256559
256560
256561
256562
256563
256564
256565
256566
256567
256568
256569
256570
256571
256572
256573
256574
256575
256576
256577
256578
256579
256580
256581
256582
256583
256584
256585
256586
256587
256588
256589
256590
256591
256592
256593
256594
256595
256596
256597
256598
256599
256600
256601
256602
256603
256604
256605
256606
256607
256608
256609
256610
256611
256612
256613
256614
256615
256616
256617
256618
256619
256620
256621
256622
256623
256624
256625
256626
256627
256628
256629
256630
256631
256632
256633
256634
256635
256636
256637
256638
256639
256640
256641
256642
256643
256644
256645
256646
256647
256648
256649
256650
256651
256652
256653
256654
256655
256656
256657
256658
256659
256660
256661
256662
256663
256664
256665
256666
256667
256668
256669
256670
256671
256672
256673
256674
256675
256676
256677
256678
256679
256680
256681
256682
256683
256684
256685
256686
256687
256688
256689
256690
256691
256692
256693
256694
256695
256696
256697
256698
256699
256700
256701
256702
256703
256704
256705
256706
256707
256708
256709
256710
256711
256712
256713
256714
256715
256716
256717
256718
256719
256720
256721
256722
256723
256724
256725
256726
256727
256728
256729
256730
256731
256732
256733
256734
256735
256736
256737
256738
256739
256740
256741
256742
256743
256744
256745
256746
256747
256748
256749
256750
256751
256752
256753
256754
256755
256756
256757
256758
256759
256760
256761
256762
256763
256764
256765
256766
256767
256768
256769
256770
256771
256772
256773
256774
256775
256776
256777
256778
256779
256780
256781
256782
256783
256784
256785
256786
256787
