165342
165343
165344
165345
165346
165347
165348
165349
165350
165351
165352
165353
165354
165355
165356
165357
165358
165359
165360
165361
165362
165363
165364
165365
165366
165367
165368
165369
165370
165371
165372
165373
165374
165375
165376
165377
165378
165379
165380
165381
165382
165383
165384
165385
165386
165387
165388
165389
165390
165391
165392
165393
165394
165395
165396
165397
165398
165399
165400
165401
165402
165403
165404
165405
165406
165407
165408
165409
165410
165411
165412
165413
165414
165415
165416
165417
165418
165419
165420
165421
165422
165423
165424
165425
165426
165427
165428
165429
165430
165431
165432
165433
165434
165435
165436
165437
165438
165439
165440
165441
165442
165443
165444
165445
165446
165447
165448
165449
165450
165451
165452
165453
165454
165455
165456
165457
165458
165459
165460
165461
165462
165463
165464
165465
165466
165467
165468
165469
165470
165471
165472
165473
165474
165475
165476
165477
165478
165479
165480
165481
165482
165483
165484
165485
165486
165487
165488
165489
165490
165491
165492
165493
165494
165495
165496
165497
165498
165499
165500
165501
165502
165503
165504
165505
165506
165507
165508
165509
165510
165511
165512
165513
165514
165515
165516
165517
165518
165519
165520
165521
165522
165523
165524
165525
165526
165527
165528
165529
165530
165531
165532
165533
165534
165535
165536
165537
165538
165539
165540
165541
165542
165543
165544
165545
165546
165547
165548
165549
165550
165551
165552
165553
165554
165555
165556
165557
165558
165559
165560
165561
165562
165563
165564
165565
165566
165567
165568
165569
165570
165571
165572
165573
165574
165575
165576
165577
165578
165579
165580
165581
165582
165583
165584
165585
165586
165587
165588
165589
165590
165591
165592
165593
165594
165595
165596
165597
165598
165599
165600
165601
165602
165603
165604
165605
165606
165607
165608
165609
165610
165611
165612
165613
165614
165615
165616
165617
165618
165619
165620
165621
165622
165623
165624
165625
165626
165627
165628
165629
165630
165631
165632
165633
165634
165635
165636
165637
165638
165639
165640
165641
165642
165643
165644
165645
165646
165647
165648
165649
165650
165651
165652
165653
165654
165655
165656
165657
165658
165659
165660
165661
165662
165663
165664
165665
165666
165667
165668
165669
165670
165671
165672
165673
165674
165675
165676
165677
165678
165679
165680
165681
165682
165683
165684
165685
165686
165687
165688
165689
165690
165691
165692
165693
165694
165695
165696
165697
165698
165699
165700
165701
165702
165703
165704
165705
165706
165707
165708
165709
165710
165711
165712
165713
165714
165715
165716
165717
165718
165719
165720
165721
165722
165723
165724
165725
165726
165727
165728
165729
165730
165731
165732
165733
165734
165735
165736
165737
165738
165739
165740
165741
165742
165743
165744
165745
165746
165747
165748
165749
165750
165751
165752
165753
165754
165755
165756
165757
165758
165759
165760
165761
165762
165763
165764
165765
165766
165767
165768
165769
165770
165771
165772
165773
165774
165775
165776
165777
165778
165779
165780
165781
165782
165783
165784
165785
165786
165787
165788
165789
165790
165791
165792
165793
165794
165795
165796
165797
165798
165799
165800
165801
165802
165803
165804
165805
165806
165807
165808
165809
165810
165811
165812
165813
165814
165815
165816
165817
165818
165819
165820
165821
165822
165823
165824
165825
165826
165827
165828
165829
165830
165831
165832
165833
165834
165835
165836
165837
165838
165839
165840
165841
165842
165843
165844
165845
165846
165847
165848
165849
165850
165851
165852
165853
165854
165855
165856
165857
165858
165859
165860
165861
165862
165863
165864
165865
165866
165867
165868
165869
165870
165871
165872
165873
165874
165875
165876
165877
165878
165879
165880
165881
165882
165883
165884
165885
165886
165887
165888
165889
165890
165891
165892
165893
165894
165895
165896
165897
165898
165899
165900
165901
165902
165903
165904
165905
165906
165907
165908
165909
165910
165911
165912
165913
165914
165915
165916
165917
165918
165919
165920
165921
165922
165923
165924
165925
165926
165927
165928
165929
165930
165931
165932
165933
165934
165935
165936
165937
165938
165939
165940
165941
165942
165943
165944
165945
165946
165947
165948
165949
165950
165951
165952
165953
165954
165955
165956
165957
165958
165959
165960
165961
165962
165963
165964
165965
165966
165967
165968
165969
165970
165971
165972
165973
165974
165975
165976
165977
165978
165979
165980
165981
165982
165983
165984
165985
165986
165987
165988
165989
165990
165991
165992
165993
165994
165995
165996
165997
165998
165999
166000
166001
166002
166003
166004
166005
166006
166007
166008
166009
166010
166011
166012
166013
166014
166015
166016
166017
166018
166019
166020
166021
166022
166023
166024
166025
166026
166027
166028
166029
166030
166031
166032
166033
166034
166035
166036
166037
166038
166039
166040
166041
166042
166043
166044
166045
166046
166047
166048
166049
166050
166051
166052
166053
166054
166055
166056
166057
166058
166059
166060
166061
166062
166063
166064
166065
166066
166067
166068
166069
166070
166071
166072
166073
166074
166075
166076
166077
166078
166079
166080
166081
166082
166083
166084
166085
166086
166087
166088
166089
166090
166091
166092
166093
166094
166095
166096
166097
166098
166099
166100
166101
166102
166103
166104
166105
166106
166107
166108
166109
166110
166111
166112
166113
166114
166115
166116
166117
166118
166119
166120
166121
166122
166123
166124
166125
166126
166127
166128
166129
166130
166131
166132
166133
166134
166135
166136
166137
166138
166139
166140
166141
166142
166143
166144
166145
166146
166147
166148
166149
166150
166151
166152
166153
166154
166155
166156
166157
166158
166159
166160
166161
166162
166163
166164
166165
166166
166167
166168
166169
166170
166171
166172
166173
166174
166175
166176
166177
166178
166179
166180
166181
166182
166183
166184
166185
166186
166187
166188
166189
166190
166191
166192
166193
166194
166195
166196
166197
166198
166199
166200
166201
166202
166203
166204
166205
166206
166207
166208
166209
166210
166211
166212
166213
166214
166215
166216
166217
166218
166219
166220
166221
166222
166223
166224
166225
166226
166227
166228
166229
166230
166231
166232
166233
166234
166235
166236
166237
166238
166239
166240
166241
166242
166243
166244
166245
166246
166247
166248
166249
166250
166251
166252
166253
166254
166255
166256
166257
166258
166259
166260
166261
166262
166263
166264
166265
166266
166267
166268
166269
166270
166271
166272
166273
166274
166275
166276
166277
166278
166279
166280
166281
166282
166283
166284
166285
166286
166287
166288
166289
166290
166291
166292
166293
166294
166295
166296
166297
166298
166299
166300
166301
166302
166303
166304
166305
166306
166307
166308
166309
166310
166311
166312
166313
166314
166315
166316
166317
166318
166319
166320
166321
166322
166323
166324
166325
166326
166327
166328
166329
166330
166331
166332
166333
166334
166335
166336
166337
166338
166339
166340
166341
166342
166343
166344
166345
166346
166347
166348
166349
166350
166351
166352
166353
166354
166355
166356
166357
166358
166359
166360
166361
166362
166363
166364
166365
166366
166367
166368
166369
166370
166371
166372
166373
166374
166375
166376
166377
166378
166379
166380
166381
166382
166383
166384
166385
166386
166387
166388
166389
166390
166391
166392
166393
166394
166395
166396
166397
166398
166399
166400
166401
166402
166403
166404
166405
166406
166407
166408
166409
166410
166411
166412
166413
166414
166415
166416
166417
166418
166419
166420
166421
166422
166423
166424
166425
166426
166427
166428
166429
166430
166431
166432
166433
166434
166435
166436
166437
166438
166439
166440
166441
166442
166443
166444
166445
166446
166447
166448
166449
166450
166451
166452
166453
166454
166455
166456
166457
166458
166459
166460
166461
166462
166463
166464
166465
166466
166467
166468
166469
166470
166471
166472
166473
166474
166475
166476
166477
166478
166479
166480
166481
166482
166483
166484
166485
166486
166487
166488
166489
166490
166491
166492
166493
166494
166495
166496
166497
166498
166499
166500
166501
166502
166503
166504
166505
166506
166507
166508
166509
166510
166511
166512
166513
166514
166515
166516
166517
166518
166519
166520
166521
166522
166523
166524
166525
166526
166527
166528
166529
166530
166531
166532
166533
166534
166535
166536
166537
166538
166539
166540
166541
166542
166543
166544
166545
166546
166547
166548
166549
166550
166551
166552
166553
166554
166555
166556
166557
166558
166559
166560
166561
166562
166563
166564
166565
166566
166567
166568
166569
166570
166571
166572
166573
166574
166575
166576
166577
166578
166579
166580
166581
166582
166583
166584
166585
166586
166587
166588
166589
166590
166591
166592
166593
166594
166595
166596
166597
166598
166599
166600
166601
166602
166603
166604
166605
166606
166607
166608
166609
166610
166611
166612
166613
166614
166615
166616
166617
166618
166619
166620
166621
166622
166623
166624
166625
166626
166627
166628
166629
166630
166631
166632
166633
166634
166635
166636
166637
166638
166639
166640
166641
166642
166643
166644
166645
166646
166647
166648
166649
166650
166651
166652
166653
166654
166655
166656
166657
166658
166659
166660
166661
166662
166663
166664
166665
166666
166667
166668
166669
166670
166671
166672
166673
166674
166675
166676
166677
166678
166679
166680
166681
166682
166683
166684
166685
166686
166687
166688
166689
166690
166691
166692
166693
166694
166695
166696
166697
166698
166699
166700
166701
166702
166703
166704
166705
166706
166707
166708
166709
166710
166711
166712
166713
166714
166715
166716
166717
166718
166719
166720
166721
166722
166723
166724
166725
166726
166727
166728
166729
166730
166731
166732
166733
166734
166735
166736
166737
166738
166739
166740
166741
166742
166743
166744
166745
166746
166747
166748
166749
166750
166751
166752
166753
166754
166755
166756
166757
166758
166759
166760
166761
166762
166763
166764
166765
166766
166767
166768
166769
166770
166771
166772
166773
166774
166775
166776
166777
166778
166779
166780
166781
166782
166783
166784
166785
166786
166787
166788
166789
166790
166791
166792
166793
166794
166795
166796
166797
166798
166799
166800
166801
166802
166803
166804
166805
166806
166807
166808
166809
166810
166811
166812
166813
166814
166815
166816
166817
166818
166819
166820
166821
166822
166823
166824
166825
166826
166827
166828
166829
166830
166831
166832
166833
166834
166835
166836
166837
166838
166839
166840
166841
166842
166843
166844
166845
166846
166847
166848
166849
166850
166851
166852
166853
166854
166855
166856
166857
166858
166859
166860
166861
166862
166863
166864
166865
166866
166867
166868
166869
166870
166871
166872
166873
166874
166875
166876
166877
166878
166879
166880
166881
166882
166883
166884
166885
166886
166887
166888
166889
166890
166891
166892
166893
166894
166895
166896
166897
166898
166899
166900
166901
166902
166903
166904
166905
166906
166907
166908
166909
166910
166911
166912
166913
166914
166915
166916
166917
166918
166919
166920
166921
166922
166923
166924
166925
166926
166927
166928
166929
166930
166931
166932
166933
166934
166935
166936
166937
166938
166939
166940
166941
166942
166943
166944
166945
166946
166947
166948
166949
166950
166951
166952
166953
166954
166955
166956
166957
166958
166959
166960
166961
166962
166963
166964
166965
166966
166967
166968
166969
166970
166971
166972
166973
166974
166975
166976
166977
166978
166979
166980
166981
166982
166983
166984
166985
166986
166987
166988
166989
166990
166991
166992
166993
166994
166995
166996
166997
166998
166999
167000
167001
167002
167003
167004
167005
167006
167007
167008
167009
167010
167011
167012
167013
167014
167015
167016
167017
167018
167019
167020
167021
167022
167023
167024
167025
167026
167027
167028
167029
167030
167031
167032
167033
167034
167035
167036
167037
167038
167039
167040
167041
167042
167043
167044
167045
167046
167047
167048
167049
167050
167051
167052
167053
167054
167055
167056
167057
167058
167059
167060
167061
167062
167063
167064
167065
167066
167067
167068
167069
167070
167071
167072
167073
167074
167075
167076
167077
167078
167079
167080
167081
167082
167083
167084
167085
167086
167087
167088
167089
167090
167091
167092
167093
167094
167095
167096
167097
167098
167099
167100
167101
167102
167103
167104
167105
167106
167107
167108
167109
167110
167111
167112
167113
167114
167115
167116
167117
167118
167119
167120
167121
167122
167123
167124
167125
167126
167127
167128
167129
167130
167131
167132
167133
167134
167135
167136
167137
167138
167139
167140
167141
167142
167143
167144
167145
167146
167147
167148
167149
167151
167152
167153
167154
167155
167156
167157
167158
167159
167160
167161
167162
167163
167164
167165
167166
167167
167168
167169
167170
167171
167172
167173
167174
167175
167176
167177
167178
167179
167180
167181
167182
167183
167184
167185
167186
167187
167188
167189
167190
167191
167192
167193
167194
167195
167196
167197
167198
167199
167200
167201
167202
167203
167204
167205
167206
167207
167208
167209
167210
167211
167212
167213
167214
167215
167216
167217
167218
167219
167220
167221
167222
167223
167224
167225
167226
167227
167228
167229
167230
167231
167232
167233
167234
167235
167236
167237
167238
167239
167240
167241
167242
167243
167244
167245
167246
167247
167248
167249
167250
167251
167252
167253
167254
167255
167256
167257
167258
167259
167260
167261
167262
167263
167264
167265
167266
167267
167268
167269
167270
167271
167272
167273
167274
167275
167276
167277
167278
167279
167280
167281
167282
167283
167284
167285
167286
167287
167288
167289
167290
167291
167292
167293
167294
167295
167296
167297
167298
167299
167300
167301
167302
167303
167304
167305
167306
167307
167308
167309
167310
167311
167312
167313
167314
167315
167316
167317
167318
167319
167320
167321
167322
167323
167324
167325
167326
167327
167328
167329
167330
167331
167332
167333
167334
167335
167336
167337
167338
167339
167340
167341
167342
167343
167344
167345
167346
167347
167348
167349
167350
167351
167352
167353
167354
167355
167356
167357
167358
167359
167360
167361
167362
167363
167364
167365
167366
167367
167368
167369
167370
167371
167372
167373
167374
167375
167376
167377
167378
167379
167380
167381
167382
167383
167384
167385
167386
167387
167388
167389
167390
167391
167392
167393
167394
167395
167396
167397
167398
167399
167400
167401
167402
167403
167404
167405
167406
167407
167408
167409
167410
167411
167412
167413
167414
167415
167416
167417
167418
167419
167420
167421
167422
167423
167424
167425
167426
167427
167428
167429
167430
167431
167432
167433
167434
167435
167436
167437
167438
167439
167440
167441
167442
167443
167444
167445
167446
167447
167448
167449
167450
167451
167452
167453
167454
167455
167456
167457
167458
167459
167460
167461
167462
167463
167464
167465
167466
167467
167468
167469
167470
167471
167472
167473
167474
167475
167476
167477
167478
167479
167480
167481
167482
167483
167484
167485
167486
167487
167488
167489
167490
167491
167492
167493
167494
167495
167496
167497
167498
167499
167500
167501
167502
167503
167504
167505
167506
167507
167508
167509
167510
167511
167512
167513
167514
167515
167516
167517
167518
167519
167520
167521
167522
167523
167524
167525
167526
167527
167528
167529
167530
167531
167532
167533
167534
167535
167536
167537
167538
167539
167540
167541
167542
167543
167544
167545
167546
167547
167548
167549
167550
167551
167552
167553
167554
167555
167556
167557
167558
167559
167560
167561
167562
167563
167564
167565
167566
167567
167568
167569
167570
167571
167572
167573
167574
167575
167576
167577
167578
167579
167580
167581
167582
167583
167584
167585
167586
167587
167588
167589
167590
167591
167592
167593
167594
167595
167596
167597
167598
167599
167600
167601
167602
167603
167604
167605
167606
167607
167608
167609
167610
167611
167612
167613
167614
167615
167616
167617
167618
167619
167620
167621
167622
167623
167624
167625
167626
167627
167628
167629
167630
167631
167632
167633
167634
167635
167636
167637
167638
167639
167640
167641
167642
167643
167644
167645
167646
167647
167648
167649
167650
167651
167652
167653
167654
167655
167656
167657
167658
167659
167660
167661
167662
167663
167664
167665
167666
167667
167668
167669
167670
167671
167672
167673
167674
167675
167676
167677
167678
167679
167680
167681
167682
167683
167684
167685
167686
167687
167688
167689
167690
167691
167692
167693
167694
167695
167696
167697
167698
167699
167700
167701
167702
167703
167704
167705
167706
167707
167708
167709
167710
167711
167712
167713
167714
167715
167716
167717
167718
167719
167720
167721
167722
167723
167724
167725
167726
167727
167728
167729
167730
167731
167732
167733
167734
167735
167736
167737
167738
167739
167740
167741
167742
167743
167744
167745
167746
167747
167748
167749
167750
167751
167752
167753
167754
167755
167756
167757
167758
167759
167760
167761
167762
167763
167764
167765
167766
167767
167768
167769
167770
167771
167772
167773
167774
167775
167776
167777
167778
167779
167780
167781
167782
167783
167784
167785
167786
167787
167788
167789
167790
167791
167792
167793
167794
167795
167796
167797
167798
167799
167800
167801
167802
167803
167804
167805
167806
167807
167808
167809
167810
167811
167812
167813
167814
167815
167816
167817
167818
167819
167820
167821
167822
167823
167824
167825
167826
167827
167828
167829
167830
167831
167832
167833
167834
167835
167836
167837
167838
167839
167840
167841
167842
167843
167844
167845
167846
167847
167848
167849
167850
167851
167852
167853
167854
167855
167856
167857
167858
167859
167860
167861
167862
167863
167864
167865
167866
167867
167868
167869
167870
167871
167872
167873
167874
167875
167876
167877
167878
167879
167880
167881
167882
167883
167884
167885
167886
167887
167888
167889
167890
167891
167892
167893
167894
167895
167896
167897
167898
167899
167900
167901
167902
167903
167904
167905
167906
167907
167908
167909
167910
167911
167912
167913
167914
167915
167916
167917
167918
167919
167920
167921
167922
167923
167924
167925
167926
167927
167928
167929
167930
167931
167932
167933
167934
167935
167936
167937
167938
167939
167940
167941
167942
167943
167944
167945
167946
167947
167948
167949
167950
167951
167952
167953
167954
167955
167956
167957
167958
167959
167960
167961
167962
167963
167964
167965
167966
167967
167968
167969
167970
167971
167972
167973
167974
167975
167976
167977
167978
167979
167980
167981
167982
167983
167984
167985
167986
167987
167988
167989
167990
167991
167992
167993
167994
167995
167996
167997
167998
167999
168000
168001
168002
168003
168004
168005
168006
168007
168008
168009
168010
168011
168012
168013
168014
168015
168016
168017
168018
168019
168020
168021
168022
168023
168024
168025
168026
168027
168028
168029
168030
168031
168032
168033
168034
168035
168036
168037
168038
168039
168040
168041
168042
168043
168044
168045
168046
168047
168048
168049
168050
168051
168052
168053
168054
168055
168056
168057
168058
168059
168060
168061
168062
168063
168064
168065
168066
168067
168068
168069
168070
168071
168072
168073
168074
168075
168076
168077
168078
168079
168080
168081
168082
168083
168084
168085
168086
168087
168088
168089
168090
168091
168092
168093
168094
168095
168096
168097
168098
168099
168100
168101
168102
168103
168104
168105
168106
168107
168108
168109
168110
168111
168112
168113
168114
168115
168116
168117
168118
168119
168120
168121
168122
168123
168124
168125
168126
168127
168128
168129
168130
168131
168132
168133
168134
168135
168136
168137
168138
168139
168140
168141
168142
168143
168144
168145
168146
168147
168148
168149
168150
168151
168152
168153
168154
168155
168156
168157
168158
168159
168160
168161
168162
168163
168164
168165
168166
168167
168168
168169
168170
168171
168172
168173
168174
168175
168176
168177
168178
168179
168180
168181
168182
168183
168184
168185
168186
168187
168188
168189
168190
168191
168192
168193
168194
168195
168196
168197
168198
168199
168200
168201
168202
168203
168204
168205
168206
168207
168208
168209
168210
168211
168212
168213
168214
168215
168216
168217
168218
168219
168220
168221
168222
168223
168224
168225
168226
168227
168228
168229
168230
168231
168232
168233
168234
168235
168236
168237
168238
168239
168240
168241
168242
168243
168244
168245
168246
168247
168248
168249
168250
168251
168252
168253
168254
168255
168256
168257
168258
168259
168260
168261
168262
168263
168264
168265
168266
168267
168268
168269
168270
168271
168272
168273
168274
168275
168276
168277
168278
168279
168280
168281
168282
168283
168284
168285
168286
168287
168288
168289
168290
168291
168292
168293
168294
168295
168296
168297
168298
168299
168300
168301
168302
168303
168304
168305
168306
168307
168308
168309
168310
168311
168312
168313
168314
168315
168316
168317
168318
168319
168320
168321
168322
168323
168324
168325
168326
168327
168328
168329
168330
168331
168332
168333
168334
168335
168336
168337
168338
168339
168340
168341
168342
168343
168344
168345
168346
168347
168348
168349
168350
168351
168352
168353
168354
168355
168356
168357
168358
168359
168360
168361
168362
168363
168364
168365
168366
168367
168368
168369
168370
168371
168372
168373
168374
168375
168376
168377
168378
168379
168380
168381
168382
168383
168384
168385
168386
168387
168388
168389
168390
168391
168392
168393
168394
168395
168396
168397
168398
168399
168400
168401
168402
168403
168404
168405
168406
168407
168408
168409
168410
168411
168412
168413
168414
168415
168416
168417
168418
168419
168420
168421
168422
168423
168424
168425
168426
168427
168428
168429
168430
168431
168432
168433
168434
168435
168436
168437
168438
168439
168440
168441
168442
168443
168444
168445
168446
168447
168448
168449
168450
168451
168452
168453
168454
168455
168456
168458
168459
168460
168461
168462
168463
168464
168465
168466
168467
168468
168469
168470
168471
168472
168473
168474
168475
168476
168477
168478
168479
