184765
184766
184767
184768
184769
184770
184771
184772
184773
184774
184775
184776
184777
184778
184779
184780
184781
184782
184783
184784
184785
184786
184787
184788
184789
184790
184791
184792
184793
184794
184795
184796
184798
184799
184800
184801
184802
184803
184804
184805
184806
184807
184808
184809
184810
184811
184812
184813
184814
184815
184816
184817
184818
184819
184820
184821
184822
184823
184824
184825
184826
184827
184828
184829
184830
184831
184832
184833
184834
184835
184836
184837
184838
184839
184841
184842
184843
184844
184845
184846
184847
184848
184849
184850
184851
184852
184853
184854
184855
184856
184857
184858
184859
184860
184861
184862
184863
184864
184865
184866
184867
184868
184869
184870
184871
184872
184873
184874
184875
184876
184877
184878
184879
184880
184881
184882
184883
184884
184885
184886
184887
184888
184889
184890
184891
184892
184893
184894
184895
184896
184897
184898
184899
184900
184901
184902
184903
184904
184905
184906
184907
184908
184909
184910
184911
184912
184913
184914
184915
184916
184917
184918
184919
184920
184921
184922
184923
184924
184925
184926
184927
184928
184929
184930
184931
184932
184933
184934
184935
184936
184937
184938
184939
184940
184941
184942
184943
184944
184945
184946
184947
184948
184949
184950
184951
184952
184953
184954
184955
184956
184957
184958
184959
184960
184961
184962
184963
184964
184965
184966
184967
184968
184969
184970
184971
184972
184973
184974
184975
184976
184977
184978
184979
184980
184981
184982
184983
184984
184985
184986
184987
184988
184989
184990
184991
184992
184993
184994
184995
184996
184997
184998
184999
185000
185001
185002
185003
185004
185005
185006
185007
185008
185009
185010
185011
185012
185013
185014
185015
185016
185017
185018
185019
185020
185021
185022
185023
185024
185025
185026
185027
185028
185029
185030
185031
185032
185033
185034
185035
185036
185037
185038
185039
185040
185041
185042
185043
185044
185045
185046
185047
185048
185049
185050
185051
185052
185053
185054
185055
185056
185057
185058
185059
185060
185061
185062
185063
185064
185065
185066
185067
185068
185069
185070
185071
185072
185073
185074
185075
185076
185077
185078
185079
185080
185081
185082
185083
185084
185085
185086
185087
185088
185089
185090
185091
185092
185093
185094
185095
185096
185097
185098
185099
185100
185101
185102
185103
185104
185105
185106
185107
185108
185109
185110
185111
185112
185113
185114
185115
185116
185117
185118
185119
185120
185121
185122
185123
185124
185125
185126
185127
185128
185129
185130
185131
185132
185133
185134
185135
185136
185137
185138
185139
185140
185141
185142
185143
185144
185145
185146
185147
185148
185149
185150
185151
185152
185153
185154
185155
185156
185157
185158
185159
185160
185161
185162
185163
185164
185165
185166
185167
185168
185169
185170
185171
185172
185173
185174
185175
185176
185177
185178
185179
185180
185181
185182
185183
185184
185185
185186
185187
185188
185189
185190
185191
185192
185193
185194
185195
185196
185197
185198
185199
185200
185201
185202
185203
185204
185205
185206
185207
185208
185209
185210
185211
185212
185213
185214
185215
185216
185217
185218
185219
185220
185221
185222
185223
185224
185225
185226
185227
185228
185229
185230
185231
185232
185233
185234
185235
185236
185237
185238
185239
185240
185241
185242
185243
185244
185245
185246
185247
185248
185249
185250
185251
185252
185253
185254
185255
185256
185257
185258
185259
185260
185261
185262
185263
185264
185265
185266
185267
185268
185269
185270
185271
185272
185273
185274
185275
185276
185277
185278
185279
185280
185281
185282
185283
185284
185285
185286
185287
185288
185289
185290
185291
185292
185293
185294
185295
185296
185297
185298
185299
185300
185301
185302
185303
185304
185305
185306
185307
185308
185309
185310
185311
185312
185313
185314
185315
185316
185317
185318
185319
185320
185321
185322
185323
185324
185325
185326
185327
185328
185329
185330
185331
185332
185333
185334
185335
185336
185337
185338
185339
185340
185341
185342
185343
185344
185345
185346
185347
185348
185349
185350
185351
185352
185353
185354
185355
185356
185357
185358
185359
185360
185361
185362
185363
185364
185365
185366
185367
185368
185369
185370
185371
185372
185373
185374
185375
185376
185377
185378
185379
185380
185381
185382
185383
185384
185385
185386
185387
185388
185389
185390
185391
185392
185393
185394
185395
185396
185397
185398
185399
185400
185401
185402
185403
185404
185405
185406
185407
185408
185409
185410
185411
185412
185413
185414
185415
185416
185417
185418
185419
185420
185421
185422
185423
185424
185425
185426
185427
185428
185429
185430
185431
185432
185433
185434
185435
185436
185437
185438
185439
185440
185441
185442
185443
185444
185445
185446
185447
185448
185449
185450
185451
185452
185453
185454
185455
185456
185457
185458
185459
185460
185461
185462
185463
185464
185465
185466
185467
185468
185469
185470
185471
185472
185473
185474
185475
185476
185477
185478
185479
185480
185481
185482
185483
185484
185485
185486
185487
185488
185489
185490
185491
185492
185493
185494
185495
185496
185497
185498
185499
185500
185501
185502
185503
185504
185505
185506
185507
185508
185509
185510
185511
185512
185513
185514
185515
185516
185517
185518
185519
185520
185521
185522
185523
185524
185525
185526
185527
185528
185529
185530
185531
185532
185533
185534
185535
185536
185537
185538
185539
185540
185541
185542
185543
185544
185545
185546
185547
185548
185549
185550
185551
185552
185553
185554
185555
185556
185557
185558
185559
185560
185561
185562
185563
185564
185565
185566
185567
185568
185569
185570
185571
185572
185573
185574
185575
185576
185577
185578
185579
185580
185581
185582
185583
185584
185585
185586
185587
185588
185589
185590
185591
185592
185593
185594
185595
185596
185597
185598
185599
185600
185601
185602
185603
185604
185605
185606
185607
185608
185609
185610
185611
185612
185613
185614
185615
185616
185617
185618
185619
185620
185621
185622
185623
185624
185625
185626
185627
185628
185629
185630
185631
185632
185633
185634
185635
185636
185637
185638
185639
185640
185641
185642
185643
185644
185645
185646
185647
185648
185649
185650
185651
185652
185653
185654
185655
185656
185657
185658
185659
185660
185661
185662
185663
185664
185665
185666
185667
185668
185669
185670
185671
185672
185673
185674
185675
185676
185677
185678
185679
185680
185681
185682
185683
185684
185685
185686
185687
185688
185689
185690
185691
185692
185693
185694
185695
185696
185697
185698
185699
185700
185701
185702
185703
185704
185705
185706
185707
185708
185709
185710
185711
185712
185713
185714
185715
185716
185717
185718
185719
185720
185721
185722
185723
185724
185725
185726
185727
185728
185729
185730
185731
185732
185733
185734
185735
185736
185737
185738
185739
185740
185741
185742
185743
185744
185745
185746
185747
185748
185749
185750
185751
185752
185753
185754
185755
185756
185757
185758
185759
185760
185761
185762
185763
185764
185765
185766
185767
185768
185769
185770
185771
185772
185773
185774
185775
185776
185777
185778
185779
185780
185781
185782
185783
185784
185785
185786
185787
185788
185789
185790
185791
185792
185793
185794
185795
185796
185797
185798
185799
185800
185801
185802
185803
185804
185805
185806
185807
185808
185809
185810
185811
185812
185813
185814
185815
185816
185817
185818
185819
185820
185821
185822
185823
185824
185825
185826
185827
185828
185829
185830
185831
185832
185833
185834
185835
185836
185837
185838
185839
185840
185841
185842
185843
185844
185845
185846
185847
185848
185849
185850
185851
185852
185853
185854
185855
185856
185857
185858
185859
185860
185861
185862
185863
185864
185865
185866
185867
185868
185869
185870
185871
185872
185873
185874
185875
185876
185877
185878
185879
185880
185881
185882
185883
185884
185885
185886
185887
185888
185889
185890
185891
185892
185893
185894
185895
185896
185897
185898
185899
185900
185901
185902
185903
185904
185905
185906
185907
185908
185909
185910
185911
185912
185913
185914
185915
185916
185917
185918
185919
185920
185921
185922
185923
185924
185925
185926
185927
185928
185929
185930
185931
185932
185933
185934
185935
185936
185937
185938
185939
185940
185941
185942
185943
185944
185945
185946
185947
185948
185949
185950
185951
185952
185953
185954
185955
185956
185957
185958
185959
185960
185961
185962
185963
185964
185965
185966
185967
185968
185969
185970
185971
185972
185973
185974
185975
185976
185977
185978
185979
185980
185981
185982
185983
185984
185985
185986
185987
185988
185989
185990
185991
185992
185993
185994
185995
185996
185997
185998
185999
186000
186001
186002
186003
186004
186005
186006
186007
186008
186009
186010
186011
186012
186013
186014
186015
186016
186017
186018
186019
186020
186021
186022
186023
186024
186025
186026
186027
186028
186029
186030
186031
186032
186033
186034
186035
186036
186037
186038
186039
186040
186041
186042
186043
186044
186045
186046
186047
186048
186049
186050
186051
186052
186053
186054
186055
186056
186057
186058
186059
186060
186061
186062
186063
186064
186065
186066
186067
186068
186069
186070
186071
186072
186073
186074
186075
186076
186077
186078
186079
186080
186081
186082
186083
186084
186085
186086
186087
186088
186089
186090
186091
186092
186093
186094
186095
186096
186097
186098
186099
186100
186101
186102
186103
186104
186105
186106
186107
186108
186109
186110
186111
186112
186113
186114
186115
186116
186117
186118
186119
186120
186121
186122
186123
186124
186125
186126
186127
186128
186129
186130
186131
186132
186133
186134
186135
186136
186137
186138
186139
186140
186141
186142
186143
186144
186145
186146
186147
186148
186149
186150
186151
186152
186153
186154
186155
186156
186157
186158
186159
186160
186161
186162
186163
186164
186165
186166
186167
186168
186169
186170
186171
186172
186173
186174
186175
186176
186177
186178
186179
186180
186181
186182
186183
186184
186185
186186
186187
186188
186189
186190
186191
186192
186193
186194
186195
186196
186197
186198
186199
186200
186201
186202
186203
186204
186205
186206
186207
186208
186209
186210
186211
186212
186213
186214
186215
186216
186217
186218
186219
186220
186221
186222
186223
186224
186225
186226
186227
186228
186229
186230
186231
186232
186233
186234
186235
186236
186237
186238
186239
186240
186241
186242
186243
186244
186245
186246
186247
186248
186249
186250
186251
186252
186253
186254
186255
186256
186257
186258
186259
186260
186261
186262
186263
186264
186265
186266
186267
186268
186269
186270
186271
186272
186273
186274
186275
186276
186277
186278
186279
186280
186281
186282
186283
186284
186285
186286
186287
186288
186289
186290
186291
186292
186293
186294
186295
186296
186297
186298
186299
186300
186301
186302
186303
186304
186305
186306
186307
186308
186309
186310
186311
186312
186313
186314
186315
186316
186317
186318
186319
186320
186321
186322
186323
186324
186325
186326
186327
186328
186329
186330
186331
186332
186333
186334
186335
186336
186337
186338
186339
186340
186341
186342
186343
186344
186345
186346
186347
186348
186349
186350
186351
186352
186353
186354
186355
186356
186357
186358
186359
186360
186361
186362
186363
186364
186365
186366
186367
186368
186369
186370
186371
186372
186373
186374
186375
186376
186377
186378
186379
186380
186381
186382
186383
186384
186385
186386
186387
186388
186389
186390
186391
186392
186393
186394
186395
186396
186397
186398
186399
186400
186401
186402
186403
186404
186405
186406
186407
186408
186409
186410
186411
186412
186413
186414
186415
186416
186417
186418
186419
186420
186421
186422
186423
186424
186425
186426
186427
186428
186429
186430
186431
186432
186433
186434
186435
186436
186437
186438
186439
186440
186441
186442
186443
186444
186445
186446
186447
186448
186449
186450
186451
186452
186453
186454
186455
186456
186457
186458
186459
186460
186461
186462
186463
186464
186465
186466
186467
186468
186469
186470
186471
186472
186473
186474
186475
186476
186477
186478
186479
186480
186481
186482
186483
186484
186485
186486
186487
186488
186489
186490
186491
186492
186493
186494
186495
186496
186497
186498
186499
186500
186501
186502
186503
186504
186505
186506
186507
186508
186509
186510
186511
186512
186513
186514
186515
186516
186517
186518
186519
186520
186521
186522
186523
186524
186525
186526
186527
186528
186529
186530
186531
186532
186533
186534
186535
186536
186537
186538
186539
186540
186541
186542
186543
186544
186545
186546
186547
186548
186549
186550
186551
186552
186553
186554
186555
186556
186557
186558
186559
186560
186561
186562
186563
186564
186565
186566
186567
186568
186569
186570
186571
186572
186573
186574
186575
186576
186577
186578
186579
186580
186581
186582
186583
186584
186585
186586
186587
186588
186589
186590
186591
186592
186593
186594
186595
186596
186597
186598
186599
186600
186601
186602
186603
186604
186605
186606
186607
186608
186609
186610
186611
186612
186613
186614
186615
186616
186617
186618
186619
186620
186621
186622
186623
186624
186625
186626
186627
186628
186629
186630
186631
186632
186633
186634
186635
186636
186637
186638
186639
186640
186641
186642
186643
186644
186645
186646
186647
186648
186649
186650
186651
186652
186653
186654
186655
186656
186657
186658
186659
186660
186661
186662
186663
186664
186665
186666
186667
186668
186669
186670
186671
186672
186673
186674
186675
186676
186677
186678
186679
186680
186681
186682
186683
186684
186685
186686
186687
186688
186689
186690
186691
186692
186693
186694
186695
186696
186697
186698
186699
186700
186701
186702
186703
186704
186705
186706
186707
186708
186709
186710
186711
186712
186713
186714
186715
186716
186717
186718
186719
186720
186721
186722
186723
186724
186725
186726
186727
186728
186729
186730
186731
186732
186733
186734
186735
186736
186737
186738
186739
186740
186741
186742
186743
186744
186745
186746
186747
186748
186749
186750
186751
186752
186753
186754
186755
186756
186757
186758
186759
186760
186761
186762
186763
186764
186765
186766
186767
186768
186769
186770
186771
186772
186773
186774
186775
186776
186777
186778
186779
186780
186781
186782
186783
186784
186785
186786
186787
186788
186789
186790
186791
186792
186793
186794
186795
186796
186797
186798
186799
186800
186801
186802
186803
186804
186805
186806
186807
186808
186809
186810
186811
186812
186813
186814
186815
186816
186817
186818
186819
186820
186821
186822
186823
186824
186825
186826
186827
186828
186829
186830
186831
186832
186833
186834
186835
186836
186837
186838
186839
186840
186841
186842
186843
186844
186845
186846
186847
186848
186849
186850
186851
186852
186853
186854
186855
186856
186857
186858
186859
186860
186861
186862
186863
186864
186865
186866
186867
186868
186869
186870
186871
186872
186873
186874
186875
186876
186877
186878
186879
186880
186881
186882
186883
186884
186885
186886
186887
186888
186889
186890
186891
186892
186893
186894
186895
186896
186897
186898
186899
186900
186901
186902
186903
186904
186905
186906
186907
186908
186909
186910
186911
186912
186913
186914
186915
186916
186917
186918
186919
186920
186921
186922
186923
186924
186925
186926
186927
186928
186929
186930
186931
186932
186933
186934
186935
186936
186937
186938
186939
186940
186941
186942
186943
186944
186945
186946
186947
186948
186949
186950
186951
186952
186953
186954
186955
186956
186957
186958
186959
186960
186961
186962
186963
186964
186965
186966
186967
186968
186969
186970
186971
186972
186973
186974
186975
186976
186977
186978
186979
186980
186981
186982
186983
186984
186985
186986
186987
186988
186989
186990
186991
186992
186993
186994
186995
186996
186997
186998
186999
187000
187001
187002
187003
187004
187005
187006
187007
187008
187009
187010
187011
187012
187013
187014
187015
187016
187017
187018
187019
187020
187021
187022
187023
187024
187025
187026
187027
187028
187029
187030
187031
187032
187033
187034
187035
187036
187037
187038
187039
187040
187041
187042
187043
187044
187045
187046
187047
187048
187049
187050
187051
187052
187053
187054
187055
187056
187057
187058
187059
187060
187061
187062
187063
187064
187065
187066
187067
187068
187069
187070
187071
187072
187073
187074
187075
187076
187077
187078
187079
187080
187081
187082
187083
187084
187085
187086
187087
187088
187089
187090
187091
187092
187093
187094
187095
187096
187097
187098
187099
187100
187101
187102
187103
187104
187105
187106
187107
187108
187109
187110
187111
187112
187113
187114
187115
187116
187117
187118
187119
187120
187121
187122
187123
187124
187125
187126
187127
187128
187129
187130
187131
187132
187133
187134
187135
187136
187137
187138
187139
187140
187141
187142
187143
187144
187145
187146
187147
187148
187149
187150
187151
187152
187153
187154
187155
187156
187157
187158
187159
187160
187161
187162
187163
187164
187165
187166
187167
187168
187169
187170
187171
187172
187173
187174
187175
187176
187177
187178
187179
187180
187181
187182
187183
187184
187185
187186
187187
187188
187189
187190
187191
187192
187193
187194
187195
187196
187197
187198
187199
187200
187201
187202
187203
187204
187205
187206
187207
187208
187209
187210
187211
187212
187213
187214
187215
187216
187217
187218
187219
187220
187221
187222
187223
187224
187225
187226
187227
187228
187229
187230
187231
187232
187233
187234
187235
187236
187237
187238
187239
187240
187241
187242
187243
187244
187245
187246
187247
187248
187249
187250
187251
187252
187253
187254
187255
187256
187257
187258
187259
187260
187261
187262
187263
187264
187265
187266
187267
187268
187269
187270
187271
187272
187273
187274
187275
187276
187277
187278
187279
187280
187281
187282
187283
187284
187285
187286
187287
187288
187289
187290
187291
187292
187293
187294
187295
187296
187297
187298
187299
187300
187301
187302
187303
187304
187305
187306
187307
187308
187309
187310
187311
187312
187313
187314
187315
187316
187317
187318
187319
187320
187321
187322
187323
187324
187325
187326
187327
187328
187329
187330
187331
187332
187333
187334
187335
187336
187337
187338
187339
187340
187341
187342
187343
187344
187345
187346
187347
187348
187349
187350
187351
187352
187353
187354
187355
187356
187357
187358
187359
187360
187361
187362
187363
187364
187365
187366
187367
187368
187369
187370
187371
187372
187373
187374
187375
187376
187377
187378
187379
187380
187381
187382
187383
187384
187385
187386
187387
187388
187389
187390
187391
187392
187393
187394
187395
187396
187397
187398
187399
187400
187401
187402
187403
187404
187405
187406
187407
187408
187409
187410
187411
187412
187413
187414
187415
187416
187417
187418
187419
187420
187421
187422
187423
187424
187425
187426
187427
187428
187429
187430
187431
187432
187433
187434
187435
187436
187437
187438
187439
187440
187441
187442
187443
187444
187445
187446
187447
187448
187449
187450
187451
187452
187453
187454
187455
187456
187457
187458
187459
187460
187461
187462
187463
187464
187465
187466
187467
187468
187469
187470
187471
187472
187473
187474
187475
187476
187477
187478
187479
187480
187481
187482
187483
187484
187485
187486
187487
187488
187489
187490
187491
187492
187493
187494
187495
187496
187497
187498
187499
187500
187501
187502
187503
187504
187505
187506
187507
187508
187509
187510
187511
187512
187513
187514
187515
187516
187517
187518
187519
187520
187521
187522
187523
187524
187525
187526
187527
187528
187529
187530
187531
187532
187533
187534
187535
187536
187537
187538
187539
187540
187541
187542
187543
187544
187545
187546
187547
187548
187549
187550
187551
187552
187553
187554
187555
187556
187557
187558
187559
187560
187561
187562
187563
187564
187565
187566
187567
187568
187569
187570
187571
187572
187573
187574
187575
187576
187577
187578
187579
187580
187581
187582
187583
187584
187585
187586
187587
187588
187589
187590
187591
187592
187593
187594
187595
187596
187597
187598
187599
187600
187601
187602
187603
187604
187605
187606
187607
187608
187609
187610
187611
187612
187613
187614
187615
187616
187617
187618
187619
187620
187621
187622
187623
187624
187625
187626
187627
187628
187629
187630
187631
187632
187633
187634
187635
187636
187637
187638
187639
187640
187641
187642
187643
187644
187645
187646
187647
187648
187649
187650
187651
187652
187653
187654
187655
187656
187657
187658
187659
187660
187661
187662
187663
187664
187665
187666
187667
187668
187669
187670
187671
187672
187673
187674
187675
187676
187677
187678
187679
187680
187681
187682
187683
187684
187685
187686
187687
187688
187689
187690
187691
187692
187693
187694
187695
187696
187697
187698
187699
187700
187701
187702
187703
187704
187705
187706
187707
187708
187709
187710
187711
187712
187713
187714
187715
187716
187717
187718
187719
187720
187721
187722
187723
187724
187725
187726
187727
187728
187729
187730
187731
187732
187733
187734
187735
187736
187737
187738
187739
187740
187741
187742
187743
187744
187745
187746
187747
187748
187749
187750
187751
187752
187753
187754
187755
187756
187757
187758
187759
187760
187761
187762
187763
187764
187765
187766
187767
187768
187769
187770
187771
187772
187773
187774
187775
187776
187777
187778
187779
187780
187781
187782
187783
187784
187785
187786
187787
187788
187789
187790
187791
187792
187793
187794
187795
187796
187797
187798
187799
187800
187801
187802
187803
187804
187805
187806
187807
187808
187809
187810
187811
187812
187813
187814
187815
187816
187817
187818
187819
187820
187821
187822
187823
187824
187825
187826
187827
187828
187829
187830
187831
187832
187833
187834
187835
187836
187837
187838
187839
187840
187841
187842
187843
187844
187845
187846
187847
187848
187849
187850
187851
187852
187853
187854
187855
187856
187857
187858
187859
187860
187861
187862
187863
187864
187865
187866
187867
187868
187869
187870
187871
187872
187873
187874
187875
187876
187877
187878
187879
187880
187881
187882
187883
187884
187885
187886
187887
187888
187889
187890
187891
187892
187893
187894
187895
187896
187897
187898
187899
187900
187901
187902
187903
187904
187905
187906
187907
187908
187909
187910
187911
187912
187913
187914
187915
187916
187917
187918
187919
187920
187921
187922
187923
187924
187925
187926
187927
187928
187929
187930
187931
187932
187933
187934
187935
187936
187937
187938
187939
187940
187941
187942
187943
187944
187945
187946
187947
187948
187949
187950
187951
187952
187953
187954
187955
187956
187957
187958
187959
187960
187961
187962
187963
187964
187965
187967
187968
