122263
122264
122265
122266
122267
122268
122269
122270
122271
122272
122273
122274
122275
122276
122277
122278
122279
122280
122281
122282
122283
122284
122285
122286
122287
122288
122289
122290
122291
122292
122293
122294
122295
122296
122297
122298
122299
122300
122301
122302
122303
122304
122305
122306
122307
122308
122309
122310
122311
122312
122313
122314
122315
122316
122317
122318
122319
122320
122321
122322
122323
122324
122325
122326
122327
122328
122329
122330
122331
122332
122333
122334
122335
122336
122337
122338
122339
122340
122341
122342
122343
122344
122345
122346
122347
122348
122349
122350
122351
122352
122353
122354
122355
122356
122357
122358
122359
122360
122361
122362
122363
122364
122365
122366
122367
122368
122369
122370
122371
122372
122373
122374
122375
122376
122377
122378
122379
122380
122381
122382
122383
122384
122385
122386
122387
122388
122389
122390
122391
122392
122393
122394
122395
122396
122397
122398
122399
122400
122401
122402
122403
122404
122405
122406
122407
122408
122409
122410
122411
122412
122413
122414
122415
122416
122417
122418
122419
122420
122421
122422
122423
122424
122425
122426
122427
122428
122429
122430
122431
122432
122433
122434
122435
122436
122437
122438
122439
122440
122441
122442
122443
122444
122445
122446
122447
122448
122449
122450
122451
122452
122453
122454
122455
122456
122457
122458
122459
122460
122461
122462
122463
122464
122465
122466
122467
122468
122469
122470
122471
122472
122473
122474
122475
122476
122477
122478
122479
122480
122481
122482
122483
122484
122485
122486
122487
122488
122489
122490
122491
122492
122493
122494
122495
122496
122497
122498
122499
122500
122501
122502
122503
122504
122505
122506
122507
122508
122509
122510
122511
122512
122513
122514
122515
122516
122517
122518
122519
122520
122521
122522
122523
122524
122525
122526
122527
122528
122529
122530
122531
122532
122533
122534
122535
122536
122537
122538
122539
122540
122541
122542
122543
122544
122545
122546
122547
122548
122549
122550
122551
122552
122553
122554
122555
122556
122557
122558
122559
122560
122561
122562
122563
122564
122565
122566
122567
122568
122569
122570
122571
122572
122573
122574
122575
122576
122577
122578
122579
122580
122581
122582
122583
122584
122585
122586
122587
122588
122589
122590
122591
122592
122593
122594
122595
122596
122597
122598
122599
122600
122601
122602
122603
122604
122605
122606
122607
122608
122609
122610
122611
122612
122613
122614
122615
122616
122617
122618
122619
122620
122621
122622
122623
122624
122625
122626
122627
122628
122629
122630
122631
122632
122633
122634
122635
122636
122637
122638
122639
122640
122641
122642
122643
122644
122645
122646
122647
122648
122649
122650
122651
122652
122653
122654
122655
122656
122657
122658
122659
122660
122661
122662
122663
122664
122665
122666
122667
122668
122669
122670
122671
122672
122673
122674
122675
122676
122677
122678
122679
122680
122681
122682
122683
122684
122685
122686
122687
122688
122689
122690
122691
122692
122693
122694
122695
122696
122697
122698
122699
122700
122701
122702
122703
122704
122705
122706
122707
122708
122709
122710
122711
122712
122713
122714
122715
122716
122717
122718
122719
122720
122721
122722
122723
122724
122725
122726
122727
122728
122729
122730
122731
122732
122733
122734
122735
122736
122737
122738
122739
122740
122741
122742
122743
122744
122745
122746
122747
122748
122749
122750
122751
122752
122753
122754
122755
122756
122757
122758
122759
122760
122761
122762
122763
122764
122765
122766
122767
122768
122769
122770
122771
122772
122773
122774
122775
122776
122777
122778
122779
122780
122781
122782
122783
122784
122785
122786
122787
122788
122789
122790
122791
122792
122793
122794
122795
122796
122797
122798
122799
122800
122801
122802
122803
122804
122805
122806
122807
122808
122809
122810
122811
122812
122813
122814
122815
122816
122817
122818
122819
122820
122821
122822
122823
122824
122825
122826
122827
122828
122829
122830
122831
122832
122833
122834
122835
122836
122837
122838
122839
122840
122841
122842
122843
122844
122845
122846
122847
122848
122849
122850
122851
122852
122853
122854
122855
122856
122857
122858
122859
122860
122861
122862
122863
122864
122865
122866
122867
122868
122869
122870
122871
122872
122873
122874
122875
122876
122877
122878
122879
122880
122881
122882
122883
122884
122885
122886
122887
122888
122889
122890
122891
122892
122893
122894
122895
122896
122897
122898
122899
122900
122901
122902
122903
122904
122905
122906
122907
122908
122909
122910
122911
122912
122913
122914
122915
122916
122917
122918
122919
122920
122921
122922
122923
122924
122925
122926
122927
122928
122929
122930
122931
122932
122933
122934
122935
122936
122937
122938
122939
122940
122941
122942
122943
122944
122945
122946
122947
122948
122949
122950
122951
122952
122953
122954
122955
122956
122957
122958
122959
122960
122961
122962
122963
122964
122965
122966
122967
122968
122969
122970
122971
122972
122973
122974
122975
122976
122977
122978
122979
122980
122981
122982
122983
122984
122985
122986
122987
122988
122989
122990
122991
122992
122993
122994
122995
122996
122997
122998
122999
123000
123001
123002
123003
123004
123005
123006
123007
123008
123009
123010
123011
123012
123013
123014
123015
123016
123017
123018
123019
123020
123021
123022
123023
123024
123025
123026
123027
123028
123029
123030
123031
123032
123033
123034
123035
123036
123037
123038
123039
123040
123041
123042
123043
123044
123045
123046
123047
123048
123049
123050
123051
123052
123053
123054
123055
123056
123057
123058
123059
123060
123061
123062
123063
123064
123065
123066
123067
123068
123069
123070
123071
123072
123073
123074
123075
123076
123077
123078
123079
123080
123081
123082
123083
123084
123085
123086
123087
123088
123089
123090
123091
123092
123093
123094
123095
123096
123097
123098
123099
123100
123101
123102
123103
123104
123105
123106
123107
123108
123109
123110
123111
123112
123113
123114
123115
123116
123117
123118
123119
123120
123121
123122
123123
123124
123125
123126
123127
123128
123129
123130
123131
123132
123133
123134
123135
123136
123137
123138
123139
123140
123141
123142
123143
123144
123145
123146
123147
123148
123149
123150
123151
123152
123153
123154
123155
123156
123157
123158
123159
123160
123161
123162
123163
123164
123165
123166
123167
123168
123169
123170
123171
123172
123173
123174
123175
123176
123177
123178
123179
123180
123181
123182
123183
123184
123185
123186
123187
123188
123189
123190
123191
123192
123193
123194
123195
123196
123197
123198
123199
123200
123201
123202
123203
123204
123205
123206
123207
123208
123209
123210
123211
123212
123213
123214
123215
123216
123217
123218
123219
123220
123221
123222
123223
123224
123225
123226
123227
123228
123229
123230
123231
123232
123233
123234
123235
123236
123237
123238
123239
123240
123241
123242
123243
123244
123245
123246
123247
123248
123249
123250
123251
123252
123253
123254
123255
123256
123257
123258
123259
123260
123261
123262
123263
123264
123265
123266
123267
123268
123269
123270
123271
123272
123273
123274
123275
123276
123277
123278
123279
123280
123281
123282
123283
123284
123285
123286
123287
123288
123289
123290
123291
123292
123293
123294
123295
123296
123297
123298
123299
123300
123301
123302
123303
123304
123305
123306
123307
123308
123309
123310
123311
123312
123313
123314
123315
123316
123317
123318
123319
123320
123321
123322
123323
123324
123325
123326
123327
123328
123329
123330
123331
123332
123333
123334
123335
123336
123337
123338
123339
123340
123341
123342
123343
123344
123345
123346
123347
123348
123349
123350
123351
123352
123353
123354
123355
123356
123357
123358
123359
123360
123361
123362
123363
123364
123365
123366
123367
123368
123369
123370
123371
123372
123373
123374
123375
123376
123377
123378
123379
123380
123381
123382
123383
123384
123385
123386
123387
123388
123389
123390
123391
123392
123393
123394
123395
123396
123397
123398
123399
123400
123401
123402
123403
123404
123405
123406
123407
123408
123409
123410
123411
123412
123413
123414
123415
123416
123417
123418
123419
123420
123421
123422
123423
123424
123425
123426
123427
123428
123429
123430
123431
123432
123433
123434
123435
123436
123437
123438
123439
123440
123441
123442
123443
123444
123445
123446
123447
123448
123449
123450
123451
123452
123453
123454
123455
123456
123457
123458
123459
123460
123461
123462
123463
123464
123465
123466
123467
123468
123469
123470
123471
123472
123473
123474
123475
123476
123477
123478
123479
123480
123481
123482
123483
123484
123485
123486
123487
123488
123489
123490
123491
123492
123493
123494
123495
123496
123497
123498
123499
123500
123501
123502
123503
123504
123505
123506
123507
123508
123509
123510
123511
123512
123513
123514
123515
123516
123517
123518
123519
123520
123521
123522
123523
123524
123525
123526
123527
123528
123529
123530
123531
123532
123533
123534
123535
123536
123537
123538
123539
123540
123541
123542
123543
123544
123545
123546
123547
123548
123549
123550
123551
123552
123553
123554
123555
123556
123557
123558
123559
123560
123561
123562
123563
123564
123565
123566
123567
123568
123569
123570
123571
123572
123573
123574
123575
123576
123577
123578
123579
123580
123581
123582
123583
123584
123585
123586
123587
123588
123589
123590
123591
123592
123593
123594
123595
123596
123597
123598
123599
123600
123601
123602
123603
123604
123605
123606
123607
123608
123609
123610
123611
123612
123613
123614
123615
123616
123617
123618
123619
123620
123621
123622
123623
123624
123625
123626
123627
123628
123629
123630
123631
123632
123633
123634
123635
123636
123637
123638
123639
123640
123641
123642
123643
123644
123645
123646
123647
123648
123649
123650
123651
123652
123653
123654
123655
123656
123657
123658
123659
123660
123661
123662
123663
123664
123665
123666
123667
123668
123669
123670
123671
123672
123673
123674
123675
123676
123677
123678
123679
123680
123681
123682
123683
123684
123685
123686
123687
123688
123689
123690
123691
123692
123693
123694
123695
123696
123697
123698
123699
123700
123701
123702
123703
123704
123705
123706
123707
123708
123709
123710
123711
123712
123713
123714
123715
123716
123717
123718
123719
123720
123721
123722
123723
123724
123725
123726
123727
123728
123729
123730
123731
123732
123733
123734
123735
123736
123737
123738
123739
123740
123741
123742
123743
123744
123745
123746
123747
123748
123749
123750
123751
123752
123753
123754
123755
123756
123757
123758
123759
123760
123761
123762
123763
123764
123765
123766
123767
123768
123769
123770
123771
123772
123773
123774
123775
123776
123777
123778
123779
123780
123781
123782
123783
123784
123785
123786
123787
123788
123789
123790
123791
123792
123793
123794
123795
123796
123797
123798
123799
123800
123801
123802
123803
123804
123805
123806
123807
123808
123809
123810
123811
123812
123813
123814
123815
123816
123817
123818
123819
123820
123821
123822
123823
123824
123825
123826
123827
123828
123829
123830
123831
123832
123833
123834
123835
123836
123837
123838
123839
123840
123841
123842
123843
123844
123845
123846
123847
123848
123849
123850
123851
123852
123853
123854
123855
123856
123857
123858
123859
123860
123861
123862
123863
123864
123865
123866
123867
123868
123869
123870
123871
123872
123873
123874
123875
123876
123877
123878
123879
123880
123881
123882
123883
123884
123885
123886
123887
123888
123889
123890
123891
123892
123893
123894
123895
123896
123897
123898
123899
123900
123901
123902
123903
123904
123905
123906
123907
123908
123909
123910
123911
123912
123913
123914
123915
123916
123917
123918
123919
123920
123921
123922
123923
123924
123925
123926
123927
123928
123929
123930
123931
123932
123933
123934
123935
123936
123937
123938
123939
123940
123941
123942
123943
123944
123945
123946
123947
123948
123949
123950
123951
123952
123953
123954
123955
123956
123957
123958
123959
123960
123961
123962
123963
123964
123965
123966
123967
123968
123969
123970
123971
123972
123973
123974
123975
123976
123977
123978
123979
123980
123981
123982
123983
123984
123985
123986
123987
123988
123989
123990
123991
123992
123993
123994
123995
123996
123997
123998
123999
124000
124001
124002
124003
124004
124005
124006
124007
124008
124009
124010
124011
124012
124013
124014
124015
124016
124017
124018
124019
124020
124021
124022
124023
124024
124025
124026
124027
124028
124029
124030
124031
124032
124033
124034
124035
124036
124037
124038
124039
124040
124041
124042
124043
124044
124045
124046
124047
124048
124049
124050
124051
124052
124053
124054
124055
124056
124057
124058
124059
124060
124061
124062
124063
124064
124065
124066
124067
124068
124069
124070
124071
124072
124073
124074
124075
124076
124077
124078
124079
124080
124081
124082
124083
124084
124085
124086
124087
124088
124089
124090
124091
124092
124093
124094
124095
124096
124097
124098
124099
124100
124101
124102
124103
124104
124105
124106
124107
124108
124109
124110
124111
124112
124113
124114
124115
124116
124117
124118
124119
124120
124121
124122
124123
124124
124125
124126
124127
124128
124129
124130
124131
124132
124133
124134
124135
124136
124137
124138
124139
124140
124141
124142
124143
124144
124145
124146
124147
124148
124149
124150
124151
124152
124153
124154
124155
124156
124157
124158
124159
124160
124161
124162
124163
124164
124165
124166
124167
124168
124169
124170
124171
124172
124173
124174
124175
124176
124177
124178
124179
124180
124181
124182
124183
124184
124185
124186
124187
124188
124189
124190
124191
124192
124193
124194
124195
124196
124197
124198
124199
124200
124201
124202
124203
124204
124205
124206
124207
124208
124209
124210
124211
124212
124213
124214
124215
124216
124217
124218
124219
124220
124221
124222
124223
124224
124225
124226
124227
124228
124229
124230
124231
124232
124233
124234
124235
124236
124237
124238
124239
124240
124241
124242
124243
124244
124245
124246
124247
124248
124249
124250
124251
124252
124253
124254
124255
124256
124257
124258
124259
124260
124261
124262
124264
124265
124266
124267
124268
124269
124270
124271
124272
124273
124274
124275
124276
124277
124278
124279
124280
124281
124282
124283
124284
124285
124286
124287
124288
124289
124290
124291
124292
124293
124294
124295
124296
124297
124298
124299
124300
124301
124302
124303
124304
124305
124306
124307
124308
124309
124310
124311
124312
124313
124314
124315
124316
124317
124318
124319
124320
124321
124322
124323
124324
124325
124326
124327
124328
124329
124330
124331
124332
124333
124334
124335
124336
124337
124338
124339
124340
124341
124342
124343
124344
124345
124346
124347
124348
124349
124350
124351
124352
124353
124354
124355
124356
124357
124358
124359
124360
124361
124362
124363
124364
124365
124366
124367
124368
124369
124370
124371
124372
124373
124374
124375
124376
124377
124378
124379
124380
124381
124382
124383
124384
124385
124386
124387
124388
124389
124390
124391
124392
124393
124394
124395
124396
124397
124398
124399
124400
124401
124402
124403
124404
124405
124406
124407
124408
124409
124410
124411
124412
124413
124414
124415
124416
124417
124418
124419
124420
124421
124422
124423
124424
124425
124426
124427
124428
124429
124430
124431
124432
124433
124434
124435
124436
124437
124438
124439
124440
124441
124442
124443
124444
124445
124446
124447
124448
124449
124450
124451
124452
124453
124454
124455
124456
124457
124458
124459
124460
124461
124462
124463
124464
124465
124466
124467
124468
124469
124470
124471
124472
124473
124474
124475
124476
124477
124478
124479
124480
124481
124482
124483
124484
124485
124486
124487
124488
124489
124490
124491
124492
124493
124494
124495
124496
124497
124498
124499
124500
124501
124502
124503
124504
124505
124506
124507
124508
124509
124510
124511
124512
124513
124514
124515
124516
124517
124518
124519
124520
124521
124522
124523
124524
124525
124526
124527
124528
124529
124530
124531
124532
124533
124534
124535
124536
124537
124538
124539
124540
124541
124542
124543
124544
124545
124546
124547
124548
124549
124550
124551
124552
124553
124554
124555
124556
124557
124558
124559
124560
124561
124562
124563
124564
124565
124566
124567
124568
124569
124570
124571
124572
124573
124574
124575
124576
124577
124578
124579
124580
124581
124582
124583
124584
124585
124586
124587
124588
124589
124590
124591
124592
124593
124594
124595
124596
124597
124598
124599
124600
124601
124602
124603
124604
124605
124606
124607
124608
124609
124610
124611
124612
124613
124614
124615
124616
124617
124618
124619
124620
124621
124622
124623
124624
124625
124626
124627
124628
124629
124630
124631
124632
124633
124634
124635
124636
124637
124638
124639
124640
124641
124642
124643
124644
124645
124646
124647
124648
124649
124650
124651
124652
124653
124654
124655
124656
124657
124658
124659
124660
124661
124662
124663
124664
124665
124666
124667
124668
124669
124670
124671
124672
124673
124674
124675
124676
124677
124678
124679
124680
124681
124682
124683
124684
124685
124686
124687
124688
124689
124690
124691
124692
124693
124694
124695
124696
124697
124698
124699
124700
124701
124702
124703
124704
124705
124706
124707
124708
124709
124710
124711
124712
124713
124714
124715
124716
124717
124718
124719
124720
124721
124722
124723
124724
124725
124726
124727
124728
124729
124730
124731
124732
124733
124734
124735
124736
124737
124738
124739
124740
124741
124742
124743
124744
124745
124746
124747
124748
124749
124750
124751
124752
124753
124754
124755
124756
124757
124758
124759
124760
124761
124762
124763
124764
124765
124766
124767
124768
124769
124770
124771
124772
124773
124774
124775
124776
124777
124778
124779
124780
124781
124782
124783
124784
124785
124786
124787
124788
124789
124790
124791
124792
124793
124794
124795
124796
124797
124798
124799
124800
124801
124802
124803
124804
124805
124806
124807
124808
124809
124810
124811
124812
124813
124814
124815
124816
124817
124818
124819
124820
124821
124822
124823
124824
124825
124826
124827
124828
124829
124830
124831
124832
124833
124834
124835
124836
124837
124838
124839
124840
124841
124842
124843
124844
124845
124846
124847
124848
124849
124850
124851
124852
124853
124854
124855
124856
124857
124858
124859
124860
124861
124862
124863
124864
124865
124866
124867
124868
124869
124870
124871
124872
124873
124874
124875
124876
124877
124878
124879
124880
124881
124882
124883
124884
124885
124886
124887
124888
124889
124890
124891
124892
124893
124894
124895
124896
124897
124898
124899
124900
124901
124902
124903
124904
124905
124906
124907
124908
124909
124910
124911
124912
124913
124914
124915
124916
124917
124918
124919
124920
124921
124922
124923
124924
124925
124926
124927
124928
124929
124930
124931
124932
124933
124934
124935
124936
124937
124938
124939
124940
124941
124942
124943
124944
124945
124946
124947
124948
124949
124950
124951
124952
124953
124954
124955
124956
124957
124958
124959
124960
124961
124962
124963
124964
124965
124966
124967
124968
124969
124970
124971
124972
124973
124974
124975
124976
124977
124978
124979
124980
124981
124982
124983
124984
124985
124986
124987
124988
124989
124990
124991
124992
124993
124994
124995
124996
124997
124998
124999
125000
125001
125002
125003
125004
125005
125006
125007
125008
125009
125010
125011
125012
125013
125014
125015
125016
125017
125018
125019
125020
125021
125022
125023
125024
125025
125026
125027
125028
125029
125030
125031
125032
125033
125034
125035
125036
125037
125038
125039
125040
125041
125042
125043
125044
125045
125046
125047
125048
125049
125050
125051
125052
125053
125054
125055
125056
125057
125058
125059
125060
125061
125062
125063
125064
125065
125066
125067
125068
125069
125070
125071
125072
125073
125074
125075
125076
125077
125078
125079
125080
125081
125082
125083
125084
125085
125086
125087
125088
125089
125090
125091
125092
125093
125094
125095
125096
125097
125098
125099
125100
125101
125102
125103
125104
125105
125106
125107
125108
125109
125110
125111
125112
125113
125114
125115
125116
125117
125118
125119
125120
125121
125122
125123
125124
125125
125126
125127
125128
125129
125130
125131
125132
125133
125134
125135
125136
125137
125138
125139
125140
125141
125142
125143
125144
125145
125146
125147
125148
125149
125150
125151
125152
125153
125154
125155
125156
125157
125158
125159
125160
125161
125162
125163
125164
125165
125166
125167
125168
125169
125170
125171
125172
125173
125174
125175
125176
125177
125178
125179
125180
125181
125182
125183
125184
125185
125186
125187
125188
125189
125190
125191
125192
125193
125194
125195
125196
125197
125198
125199
125200
125201
125202
125203
125204
125205
125206
125207
125208
125209
125210
125211
125212
125213
125214
125215
125216
125217
125218
125219
125220
125221
125222
125223
125224
125225
125226
125227
125228
125229
125230
125231
125232
125233
125234
125235
125236
125237
125238
125239
125240
125241
125242
125243
125244
125245
125246
125247
125248
125249
125250
125251
125252
125253
125254
125255
125256
125257
125258
125259
125260
125261
125262
125263
125264
125265
125266
125267
125268
125269
125270
125271
125272
125273
125274
125275
125276
125277
125278
125279
125280
125281
125282
125283
125284
125285
125286
125287
125288
125289
125290
125291
125292
125293
125294
125295
125296
125297
125298
125299
125300
125301
125302
125303
125304
125305
125306
125307
125308
125309
125310
125311
125312
125313
125314
125315
125316
125317
125318
125319
125320
125321
125322
125323
125324
125325
125326
125327
125328
125329
125330
125331
125332
125333
125334
125335
125336
125337
125338
125339
125340
125341
125342
125343
125344
125345
125346
125347
125348
125349
125350
125351
125352
125353
125354
125355
125356
125357
125358
125359
125360
125361
125362
125363
125364
125365
125366
125367
125368
125369
125370
125371
125372
125373
125374
125375
125376
125377
125378
125379
125380
125381
125382
125383
125384
125385
125386
125387
125388
125389
125390
125391
125392
125393
125394
125395
125396
125397
125398
125399
125400
125401
125402
125403
125404
125405
125406
125407
125408
125409
125410
125411
125412
125413
125414
125415
125416
125417
125418
125419
125420
125421
125422
125423
125424
125425
125426
125427
125428
125429
125430
125431
125432
125433
125434
125435
125436
125437
125438
125439
125440
125441
125442
125443
125444
125445
125446
125447
125448
125449
125450
125451
125452
125453
125454
125455
125456
125457
125458
125459
125460
125461
125462
125463
125464
125465
125466
125467
125468
125469
125470
125471
125472
125473
125474
125475
125476
125477
125478
125479
125480
125481
125482
125483
125484
125485
125486
125487
125488
125489
125490
125491
125492
125493
125494
125495
125496
125497
125498
125499
125500
125501
125502
125503
125504
125505
125506
125507
125508
125509
125510
125511
125512
125513
125514
125515
125516
125517
125518
125519
125520
125521
125522
125523
125524
125525
125526
125527
125528
125529
125530
125531
125532
125533
125534
125535
125536
125537
125538
125539
125540
125541
125542
125543
125544
125545
125546
125547
125548
125549
125550
125551
125552
125553
125554
125555
125556
125557
125558
125559
125560
125561
125562
125563
125564
125565
125566
125567
125568
125569
125570
125571
125572
125573
125574
125575
125576
125577
