278917
278918
278919
278920
278921
278922
278923
278924
278925
278926
278927
278928
278929
278930
278931
278932
278933
278934
278935
278936
278937
278938
278939
278940
278941
278942
278943
278944
278945
278946
278947
278948
278949
278950
278951
278952
278953
278954
278955
278956
278957
278958
278959
278960
278961
278962
278963
278964
278965
278966
278967
278968
278969
278970
278971
278972
278973
278974
278975
278976
278977
278978
278979
278980
278981
278982
278983
278984
278985
278986
278987
278988
278989
278990
278991
278992
278993
278994
278995
278996
278997
278998
278999
279000
279001
279002
279003
279004
279005
279006
279007
279008
279009
279010
279011
279012
279013
279014
279015
279016
279017
279018
279019
279020
279021
279022
279023
279024
279025
279026
279027
279028
279029
279030
279031
279032
279033
279034
279035
279036
279037
279038
279039
279040
279041
279042
279043
279044
279045
279046
279047
279048
279049
279050
279051
279052
279053
279054
279055
279056
279057
279058
279059
279060
279061
279062
279063
279064
279065
279066
279067
279068
279069
279070
279071
279072
279073
279074
279075
279076
279077
279078
279079
279080
279081
279082
279083
279084
279085
279086
279087
279088
279089
279090
279091
279092
279093
279094
279095
279096
279097
279098
279099
279100
279101
279102
279103
279104
279105
279106
279107
279108
279109
279110
279111
279112
279113
279114
279115
279116
279117
279118
279119
279120
279121
279122
279123
279124
279125
279126
279127
279128
279129
279130
279131
279132
279133
279134
279135
279136
279137
279138
279139
279140
279141
279142
279143
279144
279145
279146
279147
279148
279149
279150
279151
279152
279153
279154
279155
279156
279157
279158
279159
279160
279161
279162
279163
279164
279165
279166
279167
279168
279169
279170
279171
279172
279173
279174
279175
279176
279177
279178
279179
279180
279181
279182
279183
279184
279185
279186
279187
279188
279189
279190
279191
279192
279193
279194
279195
279196
279197
279198
279199
279200
279201
279202
279203
279204
279205
279206
279207
279208
279209
279210
279211
279212
279213
279214
279215
279216
279217
279218
279219
279220
279221
279222
279223
279224
279225
279226
279227
279228
279229
279230
279231
279232
279233
279234
279235
279236
279237
279238
279239
279240
279241
279242
279243
279244
279245
279246
279247
279248
279249
279250
279251
279252
279253
279254
