216158
216159
216160
216161
216162
216163
216164
216165
216166
216167
216168
216169
216170
216171
216172
216173
216174
216175
216176
216177
216178
216179
216180
216181
216182
216183
216184
216185
216186
216187
216188
216189
216190
216191
216192
216193
216194
216195
216196
216197
216198
216199
216200
216201
216202
216203
216204
216205
216206
216207
216208
216209
216210
216211
216212
216213
216214
216215
216216
216217
216218
216219
216220
216221
216222
216223
216224
216225
216226
216227
216228
216229
216230
216231
216232
216233
216234
216235
216236
216237
216238
216239
216240
216241
216242
216243
216244
216245
216246
216247
216248
216249
216250
216251
216252
216253
216254
216255
216256
216257
216258
216259
216260
216261
216262
216263
216264
216265
216266
216267
216268
216269
216270
216271
216272
216273
216274
216275
216276
216277
216278
216279
216280
216281
216282
216283
216284
216285
216286
216287
216288
216289
216290
216291
216292
216293
216294
216295
216296
216297
216298
216299
216300
216301
216302
216303
216304
216305
216306
216307
216308
216309
216310
216311
216312
216313
216314
216315
216316
216317
216318
216319
216320
216321
216322
216323
216324
216325
216326
216327
216328
216329
216330
216331
216332
216333
216334
216335
216336
216337
216338
216339
216340
216341
216342
216343
216344
216345
216346
216347
216348
216349
216350
216351
216352
216353
216354
216355
216356
216357
216358
216359
216360
216361
216362
216363
216364
216365
216366
216367
216368
216369
216370
216371
216372
216373
216374
216375
216376
216377
216378
216379
216380
216381
216382
216383
216384
216385
216386
216387
216388
216389
216390
216391
216392
216393
216394
216395
216396
216397
216398
216399
216400
216401
216402
216403
216404
216405
216406
216407
216408
216409
216410
216411
216412
216413
216414
216415
216416
216417
216418
216419
216420
216421
216422
216423
216424
216425
216426
216427
216428
216429
216430
216431
216432
216433
216434
216435
216436
216437
216438
216439
216440
216441
216442
216443
216444
216445
216446
216447
216448
216449
216450
216451
216452
216453
216454
216455
216456
216457
216458
216459
216460
216461
216462
216463
216464
216465
216466
216467
216468
216469
216470
216471
216472
216473
216474
216475
216476
216477
216478
216479
216480
216481
216482
216483
216484
216485
216486
216487
216488
216489
216490
216491
216492
216493
216494
216495
216496
216497
216498
216499
216500
216501
216502
216503
216504
216505
216506
216507
216508
216509
216510
216511
216512
216513
216514
216515
216516
216517
216518
216519
216520
216521
216522
216523
216524
216525
216526
216527
216528
216529
216530
216531
216532
216533
216534
216535
216536
216537
216538
216539
216540
216541
216542
216543
216544
216545
216546
216547
216548
216549
216550
216551
216552
216553
216554
216555
216556
216557
216558
216559
216560
216561
216562
216563
216564
216565
216566
216567
216568
216569
216570
216571
216572
216573
216574
216575
216576
216577
216578
216579
216580
216581
216582
216583
216584
216585
216586
216587
216588
216589
216590
216591
216592
216593
216594
216595
216596
216597
216598
216599
216600
216601
216602
216603
216604
216605
216606
216607
216608
216609
216610
216611
216612
216613
216614
216615
216616
216617
216618
216619
216620
216621
216622
216623
216624
216625
216626
216627
216628
216629
216630
216631
216632
216633
216634
216635
216636
216637
216638
216639
216640
216641
216642
216643
216644
216645
216646
216647
216648
216649
216650
216651
216652
216653
216654
216655
216656
216657
216658
216659
216660
216661
216662
216663
216664
216665
216666
216667
216668
216669
216670
216671
216672
216673
216674
216675
216676
216677
216678
216679
216680
216681
216682
216683
216684
216685
216686
216687
216688
216689
216690
216691
216692
216693
216694
216695
216696
216697
216698
216699
216700
216701
216702
216703
216704
216705
216706
216707
216708
216709
216710
216711
216712
216713
216714
216715
216716
216717
216718
216719
216720
216721
216722
216723
216724
216725
216726
216727
216728
216729
216730
216731
216732
216733
216734
216735
216736
216737
216738
216739
216740
216741
216742
216743
216744
216745
216746
216747
216748
216749
216750
216751
216752
216753
216754
216755
216756
216757
216758
216759
216760
216761
216762
216763
216764
216765
216766
216767
216768
216769
216770
216771
216772
216773
216774
216775
216776
216777
216778
216779
216780
216781
216782
216783
216784
216785
216786
216787
216788
216789
216790
216791
216792
216793
216794
216795
216796
216797
216798
216799
216800
216801
216802
216803
216804
216805
216806
216807
216808
216809
216810
216811
216812
216813
216814
216815
216816
216817
216818
216819
216820
216821
216822
216823
216824
216825
216826
216827
216828
216829
216830
216831
216832
216833
216834
216835
216836
216837
216838
216839
216840
216841
216842
216843
216844
216845
216846
216847
216848
216849
216850
216851
216852
216853
216854
216855
216856
216857
216858
216859
216860
216861
216862
216863
216864
216865
216866
216867
216868
216869
216870
216871
216872
216873
216874
216875
216876
216877
216878
216879
216880
216881
216882
216883
216884
216885
216886
216887
216888
216889
216890
216891
216892
216893
216894
216895
216896
216897
216898
216899
216900
216901
216902
216903
216904
216905
216906
216907
216908
216909
216910
216911
216912
216913
216914
216915
216916
216917
216918
216919
216920
216921
216922
216923
216924
216925
216926
216927
216928
216929
216930
216931
216932
216933
216934
216935
216936
216937
216938
216939
216940
216941
216942
216943
216944
216945
216946
216947
216948
216949
216950
216951
216952
216953
216954
216955
216956
216957
216958
216959
216960
216961
216962
216963
216964
216965
216966
216967
216968
216969
216970
216971
216972
216973
216974
216975
216976
216977
216978
216979
216980
216981
216982
216983
216984
216985
216986
216987
216988
216989
216990
216991
216992
216993
216994
216995
216996
216997
216998
216999
217000
217001
217002
217003
217004
217005
217006
217007
217008
217009
217010
217011
217012
217013
217014
217015
217016
217017
217018
217019
217020
217021
217022
217023
217024
217025
217026
217027
217028
217029
217030
217031
217032
217033
217034
217035
217036
217037
217038
217039
217040
217041
217042
217043
217044
217045
217046
217047
217048
217049
217050
217051
217052
217053
217054
217055
217056
217057
217058
217059
217060
217061
217062
217063
217064
217065
217066
217067
217068
217069
217070
217071
217072
217073
217074
217075
217076
217077
217078
217079
217080
217081
217082
217083
217084
217085
217086
217087
217088
217089
217090
217091
217092
217093
217094
217095
217096
217097
217098
217099
217100
217101
217102
217103
217104
217105
217106
217107
217108
217109
217110
217111
217112
217113
217114
217115
217116
217117
217118
217119
217120
217121
217122
217123
217124
217125
217126
217127
217128
217129
217130
217131
217132
217133
217134
217135
217136
217137
217138
217139
217140
217141
217142
217143
217144
217145
217146
217147
217148
217149
217150
217151
217152
217153
217154
217155
217156
217157
217158
217159
217160
217161
217162
217163
217164
217165
217166
217167
217168
217169
217170
217171
217172
217173
217174
217175
217176
217177
217178
217179
217180
217181
217182
217183
217184
217185
217186
217187
217188
217189
217190
217191
217192
217193
217194
217195
217196
217197
217198
217199
217200
217201
217202
217203
217204
217205
217206
217207
217208
217209
217210
217211
217212
217213
217214
217215
217216
217217
217218
217219
217220
217221
217222
217223
217224
217225
217226
217227
217228
217229
217230
217231
217232
217233
217234
217235
217236
217237
217238
217239
217240
217241
217242
217243
217244
217245
217246
217247
217248
217249
217250
217251
217252
217253
217254
217255
217256
217257
217258
217259
217260
217261
217262
217263
217264
217265
217266
217267
217268
217269
217270
217271
217272
217273
217274
217275
217276
217277
217278
217279
217280
217281
217282
217283
217284
217285
217286
217287
217288
217289
217290
217291
217292
217293
217294
217295
217296
217297
217298
217299
217300
217301
217302
217303
217304
217305
217306
217307
217308
217309
217310
217311
217312
217313
217314
217315
217316
217317
217318
217319
217320
217321
217322
217323
217324
217325
217326
217327
217328
217329
217330
217331
217332
217333
217334
217335
217336
217337
217338
217339
217340
217341
217342
217343
217344
217345
217346
217347
217348
217349
217350
217351
217352
217353
217354
217355
217356
217357
217358
217359
217360
217361
217362
217363
217364
217365
217366
217367
217368
217369
217370
217371
217372
217373
217374
217375
217376
217377
217378
217379
217380
217381
217382
217383
217384
217385
217386
217387
217388
217389
217390
217391
217392
217393
217394
217395
217396
217397
217398
217399
217400
217401
217402
217403
217404
217405
217406
217407
217408
217409
217410
217411
217412
217413
217414
217415
217416
217417
217418
217419
217420
217421
217422
217423
217424
217425
217426
217427
217428
217429
217430
217431
217432
217433
217434
217435
217436
217437
217438
217439
217440
217441
217442
217443
217444
217445
217446
217447
217448
217449
217450
217451
217452
217453
217454
217455
217456
217457
217458
217459
217460
217461
217462
217463
217464
217465
217466
217467
217468
217469
217470
217471
217472
217473
217474
217475
217476
217477
217478
217479
217480
217481
217482
217483
217484
217485
217486
217487
217488
217489
217490
217491
217492
217493
217494
217495
217496
217497
217498
217499
217500
217501
217502
217503
217504
217505
217506
217507
217508
217509
217510
217511
217512
217513
217514
217515
217516
217517
217518
217519
217520
217521
217522
217523
217524
217525
217526
217527
217528
217529
217530
217531
217532
217533
217534
217535
217536
217537
217538
217539
217540
217541
217542
217543
217544
217545
217546
217547
217548
217549
217550
217551
217552
217553
217554
217555
217556
217557
217558
217559
217560
217561
217562
217563
217564
217565
217566
217567
217568
217569
217570
217571
217572
217573
217574
217575
217576
217577
217578
217579
217580
217581
217582
217583
217584
217585
217586
217587
217588
217589
217590
217591
217592
217593
217594
217595
217596
217597
217598
217599
217600
217601
217602
217603
217604
217605
217606
217607
217608
217609
217610
217611
217612
217613
217614
217615
217616
217617
217618
217619
217620
217621
217622
217623
217624
217625
217626
217627
217628
217629
217630
217631
217632
217633
217634
217635
217636
217637
217638
217639
217640
217641
217642
217643
217644
217645
217646
217647
217648
217649
217650
217651
217652
217653
217654
217655
217656
217657
217658
217659
217660
217661
217662
217663
217664
217665
217666
217667
217668
217669
217670
217671
217672
217673
217674
217675
217676
217677
217678
217679
217680
217681
217682
217683
217684
217685
217686
217687
217688
217689
217690
217691
217692
217693
217694
217695
217696
217697
217698
217699
217700
217701
217702
217703
217704
217705
217706
217707
217708
217709
217710
217711
217712
217713
217714
217715
217716
217717
217718
217719
217720
217721
217722
217723
217724
217725
217726
217727
217728
217729
217730
217731
217732
217733
217734
217735
217736
217737
217738
217739
217740
217741
217742
217743
217744
217745
217746
217747
217748
217749
217750
217751
217752
217753
217754
217755
217756
217757
217758
217759
217760
217761
217762
217763
217764
217765
217766
217767
217768
217769
217770
217771
217772
217773
217774
217775
217776
217777
217778
217779
217780
217781
217782
217783
217784
217785
217786
217787
217788
217789
217790
217791
217792
217793
217794
217795
217796
217797
217798
217799
217800
217801
217802
217803
217804
217805
217806
217807
217808
217809
217810
217811
217812
217813
217814
217815
217816
217817
217818
217819
217820
217821
217822
217823
217824
217825
217826
217827
217828
217829
217830
217831
217832
217833
217834
217835
217836
217837
217838
217839
217840
217841
217842
217843
217844
217845
217846
217847
217848
217849
217850
217851
217852
217853
217854
217855
217856
217857
217858
217859
217860
217861
217862
217863
217864
217865
217866
217867
217868
217869
217870
217871
217872
217873
217874
217875
217876
217877
217878
217879
217880
217881
217882
217883
217884
217885
217886
217887
217888
217889
217890
217891
217892
217893
217894
217895
217896
217897
217898
217899
217900
217902
217903
217904
217905
217906
217907
217908
217909
217910
217911
217912
217913
217914
217915
217916
217917
217918
217919
217920
217921
217922
217923
217924
217925
217926
217927
217928
217929
217930
217931
217932
217933
217934
217935
217936
217937
217938
217939
217940
217941
217942
217943
217944
217945
217946
217947
217948
217949
217950
217951
217952
217953
217954
217955
217956
217957
217958
217959
217960
217961
217962
217963
217964
217965
217966
217967
217968
217969
217970
217971
217972
217973
217974
217975
217976
217977
217978
217979
217980
217981
217982
217983
217984
217985
217986
217987
217988
217989
217990
217991
217992
217993
217994
217995
217996
217997
217998
217999
218000
218001
218002
218003
218004
218005
218006
218007
218008
218009
218010
218011
218012
218013
218014
218015
218016
218017
218018
218019
218020
218021
218022
218023
218024
218025
218026
218027
218028
218029
218030
218031
218032
218033
218034
218035
218036
218037
218038
218039
218040
218041
218042
218043
218044
218045
218046
218047
218048
218049
218050
218051
218052
218053
218054
218055
218056
218057
218058
218059
218060
218061
218062
218063
218064
218065
218066
218067
218068
218069
218070
218071
218072
218073
218074
218075
218076
218077
218078
218079
218080
218081
218082
218083
218084
218085
218086
218087
218088
218089
218090
218091
218092
218093
218094
218095
218096
218097
218098
218099
218100
218101
218102
218103
218104
218105
218106
218107
218108
218109
218110
218111
218112
218113
218114
218115
218116
218117
218118
218119
218120
218121
218122
218123
218124
218125
218126
218127
218128
218129
218130
218131
218132
218133
218134
218135
218136
218137
218138
218139
218140
218141
218142
218143
218144
218145
218146
218147
218148
218149
218150
218151
218152
218153
218154
218155
218156
218157
218158
218159
218160
218161
218162
218163
218164
218165
218166
218167
218168
218169
218170
218171
218172
218173
218174
218175
218176
218177
218178
218179
218180
218181
218182
218183
218184
218185
218186
218187
218188
218189
218190
218191
218192
218193
218194
218195
218196
218197
218198
218199
218200
218201
218202
218203
218204
218205
218206
218207
218208
218209
218210
218211
218212
218213
218214
218215
218216
218217
218218
218219
218220
218221
218222
218223
218224
218225
218226
218227
218228
218229
218230
218231
218232
218233
218234
218235
218236
218237
218238
218239
218240
218241
218242
218243
218244
218245
218246
218247
218248
218249
218250
218251
218252
218253
218254
218255
218256
218257
218258
218259
218260
218261
218262
218263
218264
218265
218266
218267
218268
218269
218270
218271
218272
218273
218274
218275
218276
218277
218278
218279
218280
218281
218282
218283
218284
218285
218286
218287
218288
218289
218290
218291
218292
218293
218294
218295
218296
218297
218298
218299
218300
218301
218302
218303
218304
218305
218306
218307
218308
218309
218310
218311
218312
218313
218314
218315
218316
218317
218318
218319
218320
218321
218322
218323
218324
218325
218326
218327
218328
218329
218330
218331
218332
218333
218334
218335
218336
218337
218338
218339
218340
218341
218342
218343
218344
218345
218346
218347
218348
218349
218350
218351
218352
218353
218354
218355
218356
218357
218358
218359
218360
218361
218362
218363
218364
218365
218366
218367
218368
218369
218370
218371
218372
218373
218374
218375
218376
218377
218378
218379
218380
218381
218382
218383
218384
218385
218386
218387
218388
218389
218390
218391
218392
218393
218394
218395
218396
218397
218398
218399
218400
218401
218402
218403
218404
218405
218406
218407
218408
218409
218410
218411
218412
218413
218414
218415
218416
218417
218418
218419
218420
218421
218422
218423
218424
218425
218426
218427
218428
218429
218430
218431
218432
218433
218434
218435
218436
218437
218438
218439
218440
218441
218442
218443
218444
218445
218446
218447
218448
218449
218450
218451
218452
218453
218454
218455
218456
218457
218458
218459
218460
218461
218462
218463
218464
218465
218466
218467
218468
218469
218470
218471
218472
218473
218474
218475
218476
218477
218478
218479
218480
218481
218482
218483
218484
218485
218486
218487
218488
218489
218490
218491
218492
218493
218494
218495
218496
218497
218498
218499
218500
218501
218502
218503
218504
218505
218506
218507
218508
218509
218510
218511
218512
218513
218514
218515
218516
218517
218518
218519
218520
218521
218522
218523
218524
218525
218526
218527
218528
218529
218530
218531
218532
218533
218534
218535
218536
218537
218538
218539
218540
218541
218542
218543
218544
218545
218546
218547
218548
218549
218550
218551
218552
218553
218554
218555
218556
218557
218558
218559
218560
218561
218562
218563
218564
218565
218566
218567
218568
218569
218570
218571
218572
218573
218574
218575
218576
218577
218578
218579
218580
218581
218582
218583
218584
218585
218586
218587
218588
218589
218590
218591
218592
218593
218594
218595
218596
218597
218598
218599
218600
218601
218602
218603
218604
218605
218606
218607
218608
218609
218610
218611
218612
218613
218614
218615
218616
218617
218618
218619
218620
218621
218622
218623
218624
218625
218626
218627
218628
218629
218630
218631
218632
218633
218634
218635
218636
218637
218638
218639
218640
218641
218642
218643
218644
218645
218646
218647
218648
218649
218650
218651
218652
218653
218654
218655
218656
218657
218658
218659
218660
218661
218662
218663
218664
218665
218666
218667
218668
218669
218670
218671
218672
218673
218674
218675
218676
218677
218678
218679
218680
218681
218682
218683
218684
218685
218686
218687
218688
218689
218690
218691
218692
218693
218694
218695
218696
218697
218698
218699
218700
218701
218702
218703
218704
218705
218706
218707
218708
218709
218710
218711
218712
218713
218714
218715
218716
218717
218718
218719
218720
218721
218722
218723
218724
218725
218726
218727
218728
218729
218730
218731
218732
218733
218734
218735
218736
218737
218738
218739
218740
218741
218742
218743
218744
218745
218746
218747
218748
218749
218750
218751
218752
218753
218754
218755
218756
218757
218758
218759
218760
218761
218762
218763
218764
218765
218766
218767
218768
218769
218770
218771
218772
218773
218774
218775
218776
218777
218778
218779
218780
218781
218782
218783
218784
218785
218786
218787
218788
218789
218790
218791
218792
218793
218794
218795
218796
218797
218798
218799
218800
218801
218802
218803
218804
218805
218806
218807
218808
218809
218810
218811
218812
218813
218814
218815
218816
218817
218818
218819
218820
218821
218822
218823
218824
218825
218826
218827
218828
218829
218830
218831
218832
218833
218834
218835
218836
218837
218838
218839
218840
218841
218842
218843
218844
218845
218846
218847
218848
218849
218850
218851
218852
218853
218854
218855
218856
218857
218858
218859
218860
218861
218862
218863
218864
218865
218866
218867
218868
218869
218870
218871
218872
218873
218874
218875
218876
218877
218878
218879
218880
218881
218882
218883
218884
218885
218886
218887
218888
218889
218890
218891
218892
218893
218894
218895
218896
218897
218898
218899
218900
218901
218902
218903
218904
218905
218906
218907
218908
218909
218910
218911
218912
218913
218914
218915
218916
218917
218918
218919
218920
218921
218922
218923
218924
218925
218926
218927
218928
218929
218930
218931
218932
218933
218934
218935
218936
218937
218938
218939
218940
218941
218942
218943
218944
218945
218946
218947
218948
218949
218950
218951
218952
218953
218954
218955
218956
218957
218958
218959
218960
218961
218962
218963
218964
218965
218966
218967
218968
218969
218970
218971
218972
218973
218974
218975
218976
218977
218978
218979
218980
218981
218982
218983
218984
218985
218986
218987
218988
218989
218990
218991
218992
218993
218994
218995
218996
218997
218998
218999
219000
219001
219002
219003
219004
219005
219006
219007
219008
219009
219010
219011
219012
219013
219014
219015
219016
219017
219018
219019
219020
219021
219022
219023
219024
219025
219026
219027
219028
219029
219030
219031
219032
219033
219034
219035
219036
219037
219038
219039
219040
219041
219042
219043
219044
219045
219046
219047
219048
219049
219050
219051
219052
219053
219054
219055
219056
219057
219058
219059
219060
219061
219062
219063
219064
219065
219066
219067
219068
219069
219070
219071
219072
219073
219074
219075
219076
219077
219078
219079
219080
219081
219082
219083
219084
219085
219086
219087
219088
219089
219090
219091
219092
219093
219094
219095
219096
219097
219098
219099
219100
219101
219102
219103
219104
219105
219106
219107
219108
219109
219110
219111
219112
219113
219114
219115
219116
219117
219118
219119
219120
219121
219122
219123
219124
219125
219126
219127
219128
219129
219130
219131
219132
219133
219134
219135
219136
219137
219138
219139
219140
219141
219142
219143
219144
219145
219146
219147
219148
219149
219150
219151
219152
219153
219154
219155
219156
219157
219158
219159
219160
219161
219162
219163
219164
219165
219166
219167
219168
219169
219170
219171
219172
219174
219175
219176
219177
219178
219179
219180
219181
219182
219183
219184
219186
219187
219188
219189
219190
