83433
83434
83435
83436
83437
83438
83439
83440
83441
83442
83443
83444
83445
83446
83447
83448
83449
83450
83451
83452
83453
83454
83455
83456
83457
83458
83459
83460
83461
83462
83463
83464
83465
83466
83467
83468
83469
83470
83471
83472
83473
83474
83475
83476
83477
83478
83479
83480
83481
83482
83483
83484
83485
83486
83487
83488
83489
83490
83491
83492
83493
83494
83495
83496
83497
83498
83499
83500
83501
83502
83503
83504
83505
83506
83507
83508
83509
83510
83511
83512
83513
83514
83515
83516
83517
83518
83519
83520
83521
83522
83523
83524
83525
83526
83527
83528
83529
83530
83531
83532
83533
83534
83535
83536
83537
83538
83539
83540
83541
83542
83543
83544
83545
83546
83547
83548
83549
83550
83551
83552
83553
83554
83555
83556
83557
83558
83559
83560
83561
83562
83563
83564
83565
83566
83567
83568
83569
83570
83571
83572
83573
83574
83575
83576
83577
83578
83579
83580
83581
83582
83583
83584
83585
83586
83587
83588
83589
83590
83591
83592
83593
83594
83595
83596
83597
83598
83599
83600
83601
83602
83603
83604
83605
83606
83607
83608
83609
83610
83611
83612
83613
83614
83615
83616
83617
83618
83619
83620
83621
83622
83623
83624
83625
83626
83627
83628
83629
83630
83631
83632
83633
83634
83635
83636
83637
83638
83639
83640
83641
83642
83643
83644
83645
83646
83647
83648
83649
83650
83651
83652
83653
83654
83655
83656
83657
83658
83659
83660
83661
83662
83663
83664
83665
83666
83667
83668
83669
83670
83671
83672
83673
83674
83675
83676
83677
83678
83679
83680
83681
83682
83683
83684
83685
83686
83687
83688
83689
83690
83691
83692
83693
83694
83695
83696
83697
83698
83699
83700
83701
83702
83703
83704
83705
83706
83707
83708
83709
83710
83711
83712
83713
83714
83715
83716
83717
83718
83719
83720
83721
83722
83723
83724
83725
83726
83727
83728
83729
83730
83731
83732
83733
83734
83735
83736
83737
83738
83739
83740
83741
83742
83743
83744
83745
83746
83747
83748
83749
83750
83751
83752
83753
83754
83755
83756
83757
83758
83759
83760
83761
83762
83763
83764
83765
83766
83767
83768
83769
83770
83771
83772
83773
83774
83775
83776
83777
83778
83779
83780
83781
83782
83783
83784
83785
83786
83787
83788
83789
83790
83791
83792
83793
83794
83795
83796
83797
83798
83799
83800
83801
83802
83803
83804
83805
83806
83807
83808
83809
83810
83811
83812
83813
83814
83815
83816
83817
83818
83819
83820
83821
83822
83823
83824
83825
83826
83827
83828
83829
83830
83831
83832
83833
83834
83835
83836
83837
83838
83839
83840
83841
83842
83843
83844
83845
83846
83847
83848
83849
83850
83851
83852
83853
83854
83855
83856
83857
83858
83859
83860
83861
83862
83863
83864
83865
83866
83867
83868
83869
83870
83871
83872
83873
83874
83875
83876
83877
83878
83879
83880
83881
83882
83883
83884
83885
83886
83887
83888
83889
83890
83891
83892
83893
83894
83895
83896
83897
83898
83899
83900
83901
83902
83903
83904
83905
83906
83907
83908
83909
83910
83911
83912
83913
83914
83915
83916
83917
83918
83919
83920
83921
83922
83923
83924
83925
83926
83927
83928
83929
83930
83931
83932
83933
83934
83935
83936
83937
83938
83939
83940
83941
83942
83943
83944
83945
83946
83947
83948
83949
83950
83951
83952
83953
83954
83955
83956
83957
83958
83959
83960
83961
83962
83963
83964
83965
83966
83967
83968
83969
83970
83971
83972
83973
83974
83975
83976
83977
83978
83979
83980
83981
83982
83983
83984
83985
83986
83987
83988
83989
83990
83991
83992
83993
83994
83995
83996
83997
83998
83999
84000
84001
84002
84003
84004
84005
84006
84007
84008
84009
84010
84011
84012
84013
84014
84015
84016
84017
84018
84019
84020
84021
84022
84023
84024
84025
84026
84027
84028
84029
84030
84031
84032
84033
84034
84035
84036
84037
84038
84039
84040
84041
84042
84043
84044
84045
84046
84047
84048
84049
84050
84051
84052
84053
84054
84055
84056
84057
84058
84059
84060
84061
84062
84063
84064
84065
84066
84067
84068
84069
84070
84071
84072
84073
84074
84075
84076
84077
84078
84079
84080
84082
84083
84084
84085
84086
84087
84088
84089
