213267
213268
213269
213270
213271
213272
213273
213274
213275
213276
213277
213278
213279
213280
213281
213282
213283
213284
213285
213286
213287
213288
213289
213290
213291
213292
213293
213294
213295
213296
213297
213298
213299
213300
213301
213302
213303
213304
213305
213306
213307
213308
213309
213310
213311
213312
213313
213314
213315
213316
213317
213318
213319
213320
213321
213322
213323
213324
213325
213326
213327
213328
213329
213330
213331
213332
213333
213334
213335
213336
213337
213338
213339
213340
213341
213342
213343
213344
213345
213346
213347
213348
213349
213350
213351
213352
213353
213354
213355
213356
213357
213358
213359
213360
213361
213362
213363
213364
213365
213366
213367
213368
213369
213370
213371
213372
213373
213374
213375
213376
213377
213378
213379
213380
213381
213382
213383
213384
213385
213386
213387
213388
213389
213390
213391
213392
213393
213394
213395
213396
213397
213398
213399
213400
213401
213402
213403
213404
213405
213406
213407
213408
213409
213410
213411
213412
213413
213414
213415
213416
213417
213418
213419
213420
213421
213422
213423
213424
213425
213426
213427
213428
213429
213430
213431
213432
213433
213434
213435
213436
213437
213438
213439
213440
213441
213442
213443
213444
213445
213446
213447
213448
213449
213450
213451
213452
213453
213454
213455
213456
213457
213458
213459
213460
213461
213462
213463
213464
213465
213466
213467
213468
213469
213470
213471
213472
213473
213474
213475
213476
213477
213478
213479
213480
213481
213482
213483
213484
213485
213486
213487
213488
213489
213490
213491
213492
213493
213494
213495
213496
213497
213498
213499
213500
213501
213502
213503
213504
213505
213506
213507
213508
213509
213510
213511
213512
213513
213514
213515
213516
213517
213518
213519
213520
213521
213522
213523
213524
213525
213526
213527
213528
213529
213530
213531
213532
213533
213534
213535
213536
213537
213538
213539
213540
213541
213542
213543
213544
213545
213546
213547
213548
213549
213550
213551
213552
213553
213554
213555
213556
213557
213558
213559
213560
213561
213562
213563
213564
213565
213566
213567
213568
213569
213570
213571
213572
213573
213574
213575
213576
213577
213578
213579
213580
213581
213582
213583
213584
213585
213586
213587
213588
213589
213590
213591
213592
213593
213594
213595
213596
213597
213598
213599
213600
213601
213602
213603
213604
213605
213606
213607
213608
213609
213610
213611
213612
213613
213614
213615
213616
213617
213618
213619
213620
213621
213622
213623
213624
213625
213626
213627
213628
213629
213630
213631
213632
213633
213634
213635
213636
213637
213638
213639
213640
213641
213642
213643
213644
213645
213646
213647
213648
213649
213650
213651
213652
213653
213654
213655
213656
213657
213658
213659
213660
213661
213662
213663
213664
213665
213666
213667
213668
213669
213670
213671
213672
213673
213674
213675
213676
213677
213678
213679
213680
213681
213682
213683
213684
213685
213686
213687
213688
213689
213690
213691
213692
213693
213694
213695
213696
213697
213698
213699
213700
213701
213702
213703
213704
213705
213706
213707
213708
213709
213710
213711
213712
213713
213714
213715
213716
213717
213718
213719
213720
213721
213722
213723
213724
213725
213726
213727
213728
213729
213730
213731
213732
213733
213734
213735
213736
213737
213738
213739
213740
213741
213742
213743
213744
213745
213746
213747
213748
213749
213750
213751
213752
213753
213754
213755
213756
213757
213758
213759
213760
213761
213762
213763
213764
213765
213766
213767
213768
213769
213770
213771
213772
213773
213774
213775
213776
213777
213778
213779
213780
213781
213782
213783
213784
213785
213786
213787
213788
213789
213790
213791
213792
213793
213794
213795
213796
213797
213798
213799
213800
213801
213802
213803
213804
213805
213806
213807
213808
213809
213810
213811
213812
213813
213814
213815
213816
213817
213818
213819
213820
213821
213822
213823
213824
213825
213826
213827
213828
213829
213830
213831
213832
213833
213834
213835
213836
213837
213838
213839
213840
213841
213842
213843
213844
213845
213846
213847
213848
213849
213850
213851
213852
213853
213854
213855
213856
213857
213858
213859
213860
213861
213862
213863
213864
213865
213866
213867
213868
213869
213870
213871
213872
213873
213874
213875
213876
213877
213878
213879
213880
213881
213882
213883
213884
213885
213886
213887
213888
213889
213890
213891
213892
213893
213894
213895
213896
213897
213898
213899
213900
213901
213902
213903
213904
213905
213906
213907
213908
213909
213910
213911
213912
213913
213914
213915
213916
213917
213918
213919
213920
213921
213922
213923
213924
213925
213926
213927
213928
213929
213930
213931
213932
213933
213934
213935
213936
213937
213938
213939
213940
213941
213942
213943
213944
213945
213946
213947
213948
213949
213950
213951
213952
213953
213954
213955
213956
213957
213958
213959
213960
213961
213962
213963
213964
213965
213966
213967
213968
213969
213970
213971
213972
213973
213974
213975
213976
213977
213978
213979
213980
213981
213982
213983
213984
213985
213986
213987
213988
213989
213990
213991
213992
213993
213994
213995
213996
213997
213998
213999
214000
214001
214002
214003
214004
214005
214006
214007
214008
214009
214010
214011
214012
214013
214014
214015
214016
214017
214018
214019
214020
214021
214022
214023
214024
214025
214026
214027
214028
214029
214030
214031
214032
214033
214034
214035
214036
214037
214038
214039
214040
214041
214042
214043
214044
214045
214046
214047
214048
214049
214050
214051
214052
214053
214054
214055
214056
214057
214058
214059
214060
214061
214062
214063
214064
214065
214066
214067
214068
214069
214070
214071
214072
214073
214074
214075
214076
214077
214078
214079
214080
214081
214082
214083
214084
214085
214086
214087
214088
214089
214090
214091
214092
214093
214094
214095
214096
214097
214098
214099
214100
214101
214102
214103
214104
214105
214106
214107
214108
214109
214110
214111
214112
214113
214114
214115
214116
214117
214118
214119
214120
214121
214122
214123
214124
214125
214126
214127
214128
214129
214130
214131
214132
214133
214134
214135
214136
214137
214138
214139
214140
214141
214142
214143
214144
214145
214146
214147
214148
214149
214150
214151
214152
214153
214154
214155
214156
214157
214158
214159
214160
214161
214162
214163
214164
214165
214166
214167
214168
214169
214170
214171
214172
214173
214174
214175
214176
214177
214178
214179
214180
214181
214182
214183
214184
214185
214186
214187
214188
214189
214190
214191
214192
214193
214194
214195
214196
214197
214198
214199
214200
214201
214202
214203
214204
214205
214206
214207
214208
214209
214210
214211
214212
214213
214214
214215
214216
214217
214218
214219
214220
214221
214222
214223
214224
214225
214226
214227
214228
214229
214230
214231
214232
214233
214234
214235
214236
214237
214238
214239
214240
214241
214242
214243
214244
214245
214246
214247
214248
214249
214250
214251
214252
214253
214254
214255
214256
214257
214258
214259
214260
214261
214262
214263
214264
214265
214266
214267
214268
214269
214270
214271
214272
214273
214274
214275
214276
214277
214278
214279
214280
214281
214282
214283
214284
214285
214286
214287
214288
214289
214290
214291
214292
214293
214294
214295
214296
214297
214298
214299
214300
214301
214302
214303
214304
214305
214306
214307
214308
214309
214310
214311
214312
214313
214314
214315
214316
214317
214318
214319
214320
214321
214322
214323
214324
214325
214326
214327
214328
214329
214330
214331
214332
214333
214334
214335
214336
214337
214338
214339
214340
214341
214342
214343
214344
214345
214346
214347
214348
214349
214350
214351
214352
214353
214354
214355
214356
214357
214358
214359
214360
214361
214362
214363
214364
214365
214366
214367
214368
214369
214370
214371
214372
214373
214374
214375
214376
214377
214378
214379
214380
214381
214382
214383
214384
214385
214386
214387
214388
214389
214390
214391
214392
214393
214394
214395
214396
214397
214398
214399
214400
214401
214402
214403
214404
214405
214406
214407
214408
214409
214410
214411
214412
214413
214414
214415
214416
214417
214418
214419
214420
214421
214422
214423
214424
214425
214426
214427
214428
214429
214430
214431
214432
214433
214434
214435
214436
214437
214438
214439
214440
214441
214442
214443
214444
214445
214446
214447
214448
214449
214450
214451
214452
214453
214454
214455
214456
214457
214458
214459
214460
214461
214462
214463
214464
214465
214466
214467
214468
214469
214470
214471
214472
214473
214474
214475
214476
214477
214478
214479
214480
214481
214482
214483
214484
214485
214486
214487
214488
214489
214490
214491
214492
214493
214494
214495
214496
214497
214498
214499
214500
214501
214502
214503
214504
214505
214506
214507
214508
214509
214510
214511
214512
214513
214514
214515
214516
214517
214518
214519
214520
214521
214522
214523
214524
214525
214526
214527
214528
214529
214530
214531
214532
214533
214534
214535
214536
214537
214538
214539
214540
214541
214542
214543
214544
214545
214546
214547
214548
214549
214550
214551
214552
214553
214554
214555
214556
214557
214558
214559
214560
214561
214562
214563
214564
214565
214566
214567
214568
214569
214570
214571
214572
214573
214574
214575
214576
214577
214578
214579
214580
214581
214582
214583
214584
214585
214586
214587
214588
214589
214590
214591
214592
214593
214594
214595
214596
214597
214598
214599
214600
214601
214602
214603
214604
214605
214606
214607
214608
214609
214610
214611
214612
214613
214614
214615
214616
214617
214618
214619
214620
214621
214622
214623
214624
214625
214626
214627
214628
214629
214630
214631
214632
214633
214634
214635
214636
214637
214638
214639
214640
214641
214642
214643
214644
214645
214646
214647
214648
214649
214650
214651
214652
214653
214654
214655
214656
214657
214658
214659
214660
214661
214662
214663
214664
214665
214666
214667
214668
214669
214670
214671
214672
214673
214674
214675
214676
214677
214678
214679
214680
214681
214682
214683
214684
214685
214686
214687
214688
214689
214690
214691
214692
214693
214694
214695
214696
214697
214698
214699
214700
214701
214702
214703
214704
214705
214706
214707
214708
214709
214710
214711
214712
214713
214714
214715
214716
214717
214718
214719
214720
214721
214722
214723
214724
214725
214726
214727
214728
214729
214730
214731
214732
214733
214734
214735
214736
214737
214738
214739
214740
214741
214742
214743
214744
214746
214747
214748
214749
214750
214751
214752
214753
214754
214755
214756
214757
214758
214759
214760
214761
214762
214763
214764
214765
214766
214767
214768
214769
214770
214771
214772
214773
214774
214775
214776
214777
214778
214779
214780
214781
214782
214783
214784
214785
214786
214787
214788
214789
214790
214791
214792
214793
214794
214795
214796
214797
214798
214799
214800
214801
214802
214803
214804
214805
214806
214807
214808
214809
214810
214811
214812
214813
214814
214815
214816
214817
214818
214819
214820
214821
214822
214823
214824
214825
214826
214827
214828
214829
214830
214831
214832
214833
214834
214835
214836
214837
214838
214839
214840
214841
214842
214843
214844
214845
214846
214847
214848
214849
214850
214851
214852
214853
214854
214855
214856
214857
214858
214859
214860
214861
214862
214863
214864
214865
214866
214867
214868
214869
214870
214871
214872
214873
214874
214875
214876
214877
214878
214879
214880
214881
214882
214883
214884
214885
214886
214887
214888
214889
214890
214891
214892
214893
214894
214895
214896
214897
214898
214899
214900
214901
214902
214903
214904
214905
214906
214907
214908
214909
214910
214911
214912
214913
214914
214915
214916
214917
214918
214919
214920
214921
214922
214923
214924
214925
214926
214927
214928
214929
214930
214931
214932
214933
214934
214935
214936
214937
214938
214939
214940
214941
214942
214943
214944
214945
214946
214947
214948
214949
214950
214951
214952
214953
214954
214955
214956
214957
214958
214959
214960
214961
214962
214963
214964
214965
214966
214967
214968
214969
214970
214971
214972
214973
214974
214975
214976
214977
214978
214979
214980
214981
214982
214983
214984
214985
214986
214987
214988
214989
214990
214991
214992
214993
214994
214995
214996
214997
214998
214999
215000
215001
215002
215003
215004
215005
215006
215007
215008
215009
215010
215011
215012
215013
215014
215015
215016
215017
215018
215019
215020
215021
215022
215023
215024
215025
215026
215027
215028
215029
215030
215031
215032
215033
215034
215035
215036
215037
215038
215039
215040
215041
215042
215043
215044
215045
215046
215047
215048
215049
215050
215051
215052
215053
215054
215055
215056
215057
215058
215059
215060
215061
215062
215063
215064
215065
215066
215067
215068
215069
215070
215071
215072
215073
215074
215075
215076
215077
215078
215079
215080
215081
215082
215083
215084
215085
215086
215087
215088
215089
215090
215091
215092
215093
215094
215095
215096
215097
215098
215099
215100
215101
215102
215103
215104
215105
215106
215107
215108
215109
215110
215111
215112
215113
215114
215115
215116
215117
215118
215119
215120
215121
215122
215123
215124
215125
215126
215127
215128
215129
215130
215131
215132
215133
215134
215135
215136
215137
215138
215139
215140
215141
215142
215143
215144
215145
215146
215147
215148
215149
215150
215151
215152
215153
215154
215155
215156
215157
215158
215159
215160
215161
215162
215163
215164
215165
215166
215167
215168
215169
215170
215171
215172
215173
215174
215175
215176
215177
215178
215179
215180
215181
215182
215183
215184
215185
215186
215187
215188
215189
215190
215191
215192
215193
215194
215195
215196
215197
215198
215199
215200
215201
215202
215203
215204
215205
215206
215207
215208
215209
215210
215211
215212
215213
215214
215215
215216
215217
215218
215219
215220
215221
215222
215223
215224
215225
215226
215227
215228
215229
215230
215231
215232
215233
215234
215235
215236
215237
215238
215239
215240
215241
215242
215243
215244
215245
215246
215247
215248
215249
215250
215251
215252
215253
215254
215255
215256
215257
215258
215259
215260
215261
215262
215263
215264
215265
215266
215267
215268
215269
215270
215271
215272
215273
215274
215275
215276
215277
215278
215279
215280
215281
215282
215283
215284
215285
215286
215287
215288
215289
215290
215291
215292
215293
215294
215295
215296
215297
215298
215299
215300
215301
215302
215303
215304
215305
215306
215307
215308
215309
215310
215311
215312
215313
215314
215315
215316
215317
215318
215319
215320
215321
215322
215323
215324
215325
215326
215327
215328
215329
215330
215331
215332
215333
215334
215335
215336
215337
215338
215339
215340
215341
215342
215343
215344
215345
215346
215347
215348
215349
215350
215351
215352
215353
215354
215355
215356
215357
215358
215359
215360
215361
215362
215363
215364
215365
215366
215367
215368
215369
215370
215371
215372
215373
215374
215375
215376
215377
215378
215379
215380
215381
215382
215383
215384
215385
215386
215387
215388
215389
215390
215391
215392
215393
215394
215395
215396
215397
215398
215399
215400
215401
215402
215403
215404
215405
215406
215407
215408
215409
215410
215411
215412
215413
215414
215415
215416
215417
215418
215419
215420
215421
215422
215423
215424
215425
215426
215427
215428
215429
215430
215431
215432
215433
215434
215435
215436
215437
215438
215439
215440
215441
215442
215443
215444
215445
215446
215447
215448
215449
215450
215451
215452
215453
215454
215455
215456
215457
215458
215459
215460
215461
215462
215463
215464
215465
215466
215467
215468
215469
215470
215471
215472
215473
215474
215475
215476
215477
215478
215479
215480
215481
215482
215483
215484
215485
215486
215487
215488
215489
215490
215491
215492
215493
215494
215495
215496
215497
215498
215499
215500
215501
215502
215503
215504
215505
215506
215507
215508
215509
215510
215511
215512
215513
215514
215515
215516
215517
215518
215519
215520
215521
215522
215523
215524
215525
215526
215527
215528
215529
215530
215531
215532
215533
215534
215535
215536
215537
215538
215539
215540
215541
215542
215543
215544
215545
215546
215547
215548
215549
215550
215551
215552
215553
215554
215555
215556
215557
215558
215559
215560
215561
215562
215563
215564
215565
215566
215567
215568
215569
215570
215571
215572
215573
215574
215575
215576
215577
215578
215579
215580
215581
215582
215583
215584
215585
215586
215587
215588
215589
215590
215591
215592
215593
215594
215595
215596
215597
215598
215599
215600
215601
215602
215603
215604
215605
215606
215607
215608
215609
215610
215611
215612
215613
215614
215615
215616
215617
215618
215619
215620
215621
215622
215623
215624
215625
215626
215627
215628
215629
215630
215631
215632
215633
215634
215635
215636
215637
215638
215639
215640
215641
215642
215643
215644
215645
215646
215647
215648
215649
215650
215651
215652
215653
215654
215655
215656
215657
215658
215659
215660
215661
215662
215663
215664
215665
215666
215667
215668
215669
215670
215671
215672
215673
215674
215675
215676
215677
215678
215679
215680
215681
215682
215683
215684
215685
215686
215687
215688
215689
215690
215691
215692
215693
215694
215695
215696
215697
215698
215699
215700
215701
215702
215703
215704
215705
215706
215707
215708
215709
215710
215711
215712
215713
215714
215715
215716
215717
215718
215719
215720
215721
215722
215723
215724
215725
215726
215727
215728
215729
215730
215731
215732
215733
215734
215735
215736
215737
215738
215739
215740
215741
215742
215743
215744
215745
215746
215747
215748
215749
215750
215751
215752
215753
215754
215755
215756
215757
215758
215759
215760
215761
215762
215763
215764
215765
215766
215767
215768
215769
215770
215771
215772
215773
215774
215775
215776
215777
215778
215779
215780
215781
215782
215783
215784
215785
215786
215787
215788
215789
215790
215791
215792
215793
215794
215795
215796
215797
215798
215799
215800
215801
215802
215803
215804
215805
215806
215807
215808
215809
215810
215811
215812
215813
215814
215815
215816
215817
215818
215819
215820
215821
215822
215823
215824
215825
215826
215827
215828
215829
215830
215831
215832
215833
215834
215835
215836
215837
215838
215839
215840
215841
215842
215843
215844
215845
215846
215847
215848
215849
215850
215851
215852
215853
215854
215855
215856
215857
215858
215859
215860
215861
215862
215863
215864
215865
215866
215867
215868
215869
215870
215871
215872
215873
215874
215875
215876
215877
215878
215879
215880
215881
215882
215883
215884
215885
215886
215887
215888
215889
215890
215891
215892
215893
215894
215895
215896
215897
215898
215899
215900
215901
215902
215903
215904
215905
215906
215907
215908
215909
215910
215911
215912
215913
215914
215915
215916
215917
215918
215919
215920
215921
215922
215923
215924
215925
215926
215927
215928
215929
215930
215931
215932
215933
215934
215935
215936
215937
215938
215939
215940
215941
215942
215943
215944
215945
215946
215947
215948
215949
215950
215951
215952
215953
215954
215955
215956
215957
215958
215959
215960
215961
215962
215963
215964
215965
215966
215967
215968
215969
215970
215971
215972
215973
215974
215975
215976
215977
215978
215979
215980
215981
215982
215983
215984
215985
215986
215987
215988
215989
215990
215991
215992
215993
215994
215995
215996
215997
215998
215999
216000
216001
216002
216003
216004
216005
216006
216007
216008
216009
216010
216011
216012
216013
216014
216015
216016
216017
216018
216019
216020
216021
216022
216023
216024
216025
216026
216027
216028
216029
216030
216031
216032
216033
216034
216035
216036
216037
216038
216039
216040
216041
216042
216043
216044
216045
216046
216047
216048
216049
216050
216051
216052
216053
216054
216055
216056
216057
216058
216059
216060
216061
216062
216063
216064
216065
216066
216067
216068
216069
216070
216071
216072
216073
216074
216075
216076
216077
216078
216079
216080
216081
216082
216083
216084
216085
216086
216087
216088
216089
216090
216091
216092
216093
216094
216095
216096
216097
216098
216099
216100
216101
216102
216103
216104
216105
216106
216107
216108
216109
216110
216111
216112
216113
216114
216115
216116
216117
216118
216119
216120
216121
216122
216123
216124
216125
216126
216127
216128
216129
216130
216131
216132
216133
216134
216135
216136
216137
216138
216139
216140
216141
216142
216143
216144
216145
216146
216147
216148
216149
216150
216151
216152
216153
216154
216155
216156
216157
