230193
230194
230195
230196
230197
230198
230199
230200
230201
230202
230203
230204
230205
230206
230207
230208
230209
230210
230211
230212
230213
230214
230215
230216
230217
230218
230219
230220
230221
230222
230223
230224
230225
230226
230227
230228
230229
230230
230231
230232
230233
230234
230235
230236
230237
230238
230239
230240
230241
230242
230243
230244
230245
230246
230247
230248
230249
230250
230251
230252
230253
230254
230255
230256
230257
230258
230259
230260
230261
230262
230263
230264
230265
230266
230267
230268
230269
230270
230271
230272
230273
230274
230275
230276
230277
230278
230279
230280
230281
230282
230283
230284
230285
230286
230287
230288
230289
230290
230291
230292
230293
230294
230295
230296
230297
230298
230299
230300
230301
230302
230303
230304
230305
230306
230307
230308
230309
230310
230311
230312
230313
230314
230315
230316
230317
230318
230319
230320
230321
230322
230323
230324
230325
230326
230327
230328
230329
230330
230331
230332
230333
230334
230335
230336
230337
230338
230339
230340
230341
230342
230343
230344
230345
230346
230347
230348
230349
230350
230351
230352
230353
230354
230355
230356
230357
230358
230359
230360
230361
230362
230363
230364
230365
230366
230367
230368
230369
230370
230371
230372
230373
230374
230375
230376
230377
230378
230379
230380
230381
230382
230383
230384
230385
230386
230387
230388
230389
230390
230391
230392
230393
230394
230395
230396
230397
230398
230399
230400
230401
230402
230403
230404
230405
230406
230407
230408
230409
230410
230411
230412
230413
230414
230415
230416
230417
230418
230419
230420
230421
230422
230423
230424
230425
230426
230427
230428
230429
230430
230431
230432
230433
230434
230435
230436
230437
230438
230439
230440
230441
230442
230443
230444
230445
230446
230447
230448
230449
230450
230451
230452
230453
230454
230455
230456
230457
230458
230459
230460
230461
230462
230463
230464
230465
230466
230467
230468
230469
230470
230471
230472
230473
230474
230475
230476
230477
230478
230479
230480
230481
230482
230483
230484
230485
230486
230487
230488
230489
230490
230491
230492
230493
230494
230495
230496
230497
230498
230499
230500
230501
230502
230503
230504
230505
230506
230507
230508
230509
230510
230511
230512
230513
230514
230515
230516
230517
230518
230519
230520
230521
230522
230523
230524
230525
230526
230527
230528
230529
230530
230531
230532
230533
230534
230535
230536
230537
230538
230539
230540
230541
230542
230543
230544
230545
230546
230547
230548
230549
230550
230551
230552
230553
230554
230555
230556
230557
230558
230559
230560
230561
230562
230563
230564
230565
230566
230567
230568
230569
230570
230571
230572
230573
230574
230575
230576
230577
230578
230579
230580
230581
230582
230583
230584
230585
230586
230587
230588
230589
230590
230591
230592
230593
230594
230595
230596
230597
230598
230599
230600
230601
230602
230603
230604
230605
230606
230607
230608
230609
230610
230611
230612
230613
230614
230615
230616
230617
230618
230619
230620
230621
230622
230623
230624
230625
230626
230627
230628
230629
230630
230631
230632
230633
230634
230635
230636
230637
230638
230639
230640
230641
230642
230643
230644
230645
230646
230647
230648
230649
230650
230651
230652
230653
230654
230655
230656
230657
230658
230659
230660
230661
230662
230663
230664
230665
230666
230667
230668
230669
230670
230671
230672
230673
230674
230675
230676
230677
230678
230679
230680
230681
230682
230683
230684
230685
230686
230687
230688
230689
230690
230691
230692
230693
230694
230695
230696
230697
230698
230699
230700
230701
230702
230703
230704
230705
230706
230707
230708
230709
230710
230711
230712
230713
230714
230715
230716
230717
230718
230719
230720
230721
230722
230723
230724
230725
230726
230727
230728
230729
230730
230731
230732
230733
230734
230735
230736
230737
230738
230739
230740
230741
230742
230743
230744
230745
230746
230747
230748
230749
230750
230751
230752
230753
230754
230755
230756
230757
230758
230759
230760
230761
230762
230763
230764
230765
230766
230767
230768
230769
230770
230771
230772
230773
230774
230775
230776
230777
230778
230779
230780
230781
230782
230783
230784
230785
230786
230787
230788
230789
230790
230791
230792
230793
230794
230795
230796
230797
230798
230799
230800
230801
230802
230803
230804
230805
230806
230807
230808
230809
230810
230811
230812
230813
230814
230815
230816
230817
230818
230819
230820
230821
230822
230823
230824
230825
230826
230827
230828
230829
230830
230831
230832
230833
230834
230835
230836
230837
230838
230839
230840
230841
230842
230843
230844
230845
230846
230847
230848
230849
230850
230851
230852
230853
230854
230855
230856
230857
230858
230859
230860
230861
230862
230863
230864
230865
230866
230867
230868
230869
230870
230871
230872
230873
230874
230875
230876
230877
230878
230879
230880
230881
230882
230883
230884
230885
230886
230887
230888
230889
230890
230891
230892
230893
230894
230895
230896
230897
230898
230899
230900
230901
230902
230903
230904
230905
230906
230907
230908
230909
230910
230911
230912
230913
230914
230915
230916
230917
230918
230919
230920
230921
230922
230923
230924
230925
230926
230927
230928
230929
230930
230931
230932
230933
230934
230935
230936
230937
230938
230939
230940
230941
230942
230943
230944
230945
230946
230947
230948
230949
230950
230951
230952
230953
230954
230955
230956
230957
230958
230959
230960
230961
230962
230963
230964
230965
230966
230967
230968
230969
230970
230971
230972
230973
230974
230975
230976
230977
230978
230979
230980
230981
230982
230983
230984
230985
230986
230987
230988
230989
230990
230991
230992
230993
230994
230995
230996
230997
230998
230999
231000
231001
231002
231003
231004
231005
231006
231007
231008
231009
231010
231011
231012
231013
231014
231015
231016
231017
231018
231019
231020
231021
231022
231023
231024
231025
231026
231027
231028
231029
231030
231031
231032
231033
231034
231035
231036
231037
231038
231039
231040
231041
231042
231043
231044
231045
231046
231047
231048
231049
231050
231051
231052
231053
231054
231055
231056
231057
231058
231059
231060
231061
231062
231063
231064
231065
231066
231067
231068
231069
231070
231071
231072
231073
231074
231075
231076
231077
231078
231079
231080
231081
231082
231083
231084
231085
231086
231087
231088
231089
231090
231091
231092
231093
231094
231095
231096
231097
231098
231099
231100
231101
231102
231103
231104
231105
231106
231107
231108
231109
231110
231111
231112
231113
231114
231115
231116
231117
231118
231119
231120
231121
231122
231123
231124
231125
231126
231127
231128
231129
231130
231131
231132
231133
231134
231135
231136
231137
231138
231139
231140
231141
231142
231143
231144
231145
231146
231147
231148
231149
231150
231151
231152
231153
231154
231155
231156
231157
231158
231159
231160
231161
231162
231163
231164
231165
231166
231167
231168
231169
231170
231171
231172
231173
231174
231175
231176
231177
231178
231179
231180
231181
231182
231183
231184
231185
231186
231187
231188
231189
231190
231191
231192
231193
231194
231195
231196
231197
231198
231199
231200
231201
231202
231203
231204
231205
231206
231207
231208
231209
231210
231211
231212
231213
231214
231215
231216
231217
231218
231219
231220
231221
231222
231223
231224
231225
231226
231227
231228
231229
231230
231231
231232
231233
231234
231235
231236
231237
231238
231239
231240
231241
231242
231243
231244
231245
231246
231247
231248
231249
231250
231251
231252
231253
231254
231255
231256
231257
231258
231259
231260
231261
231262
231263
231264
231265
231266
231267
231268
231269
231270
231271
231272
231273
231274
231275
231276
231277
231278
231279
231280
231281
231282
231283
231284
231285
231286
231287
231288
231289
231290
231291
231292
231293
231294
231295
231296
231297
231298
231299
231300
231301
231302
231303
231304
231305
231306
231307
231308
231309
231310
231311
231312
231313
231314
231315
231316
231317
231318
231319
231320
231321
231322
231323
231324
231325
231326
231327
231328
231329
231330
231331
231332
231333
231334
231335
231336
231337
231338
231339
231340
231341
231342
231343
231344
231345
231346
231347
231348
231349
231350
231351
231352
231353
231354
231355
231356
231357
231358
231359
231360
231361
231362
231363
231364
231365
231366
231367
231368
231369
231370
231371
231372
231373
231374
231375
231376
231377
231378
231379
231380
231381
231382
231383
231384
231385
231386
231387
231388
231389
231390
231391
231392
231393
231394
231395
231396
231397
231398
231399
231400
231401
231402
231403
231404
231405
231406
231407
231408
231409
231410
231411
231412
231413
231414
231415
231416
231417
231418
231419
231420
231421
231422
231423
231424
231425
231426
231427
231428
231429
231430
231431
231432
231433
231434
231435
231436
231437
231438
231439
231440
231441
231442
231443
231444
231445
231446
231447
231448
231449
231450
231451
231452
231453
231454
231455
231456
231457
231458
231459
231460
231461
231462
231463
231464
231465
231466
231467
231468
231469
231470
231471
231472
231473
231474
231475
231476
231477
231478
231479
231480
231481
231482
231483
231484
231485
231486
231487
231488
231489
231490
231491
231492
231493
231494
231495
231496
231497
231498
231499
231500
231501
231502
231503
231504
231505
231506
231507
231508
231509
231510
231511
231512
231513
231514
231515
231516
231517
231518
231519
231520
231521
231522
231523
231524
231525
231526
231527
231528
231529
231530
231531
231532
231533
231534
231535
231536
231537
231538
231539
231540
231541
231542
231543
231544
231545
231546
231547
231548
231549
231550
231551
231552
231553
231554
231555
231556
231557
231558
231559
231560
231561
231562
231563
231564
231565
231566
231567
231568
231569
231570
231571
231572
231573
231574
231575
231576
231577
231578
231579
231580
231581
231582
231583
231584
231585
231586
231587
231588
231589
231590
231591
231592
231593
231594
231595
231596
231597
231598
231599
231600
231601
231602
231603
231604
231605
231606
231607
231608
231609
231610
231611
231612
231613
231614
231615
231616
231617
231618
231619
231620
231621
231622
231623
231624
231625
231626
231627
231628
231629
231630
231631
231632
231633
231634
231635
231636
231637
231638
231639
231640
231641
231642
231643
231644
231645
231646
231647
231648
231649
231650
231651
231652
231653
231654
231655
231656
231657
231658
231659
231660
231661
231662
231663
231664
231665
231666
231667
231668
231669
231670
231671
231672
231673
231674
231675
231676
231677
231678
231679
231680
231681
231682
231683
231684
231685
231686
231687
231688
231689
231690
231691
231692
231693
231694
231695
231696
231697
231698
231699
231700
231701
231702
231703
231704
231705
231706
231707
231708
231709
231710
231711
231712
231713
231714
231715
231716
231717
231718
231719
231720
231721
231722
231723
231724
231725
231726
231727
231728
231729
231730
231731
231732
231733
231734
231735
231736
231737
231738
231739
231740
231741
231742
231743
231744
231745
231746
231747
231748
231749
231750
231751
231752
231753
231754
231755
231756
231757
231758
231759
231760
231761
231762
231763
231764
231765
231766
231767
231768
231769
231770
231771
231772
231773
231774
231775
231776
231777
231778
231779
231780
231781
231782
231783
231784
231785
231786
231787
231788
231789
231790
231791
231792
231793
231794
231795
231796
231797
231798
231799
231800
231801
231802
231803
231804
231805
231806
231807
231808
231809
231810
231811
231812
231813
231814
231815
231816
231817
231818
231819
231820
231821
231822
231823
231824
231825
231826
231827
231828
231829
231830
231831
231832
231833
231834
231835
231836
231837
231838
231839
231840
231841
231842
231843
231844
231845
231846
231847
231848
231849
231850
231851
231852
231853
231854
231855
231856
231857
231858
231859
231860
231861
231862
231863
231864
231865
231866
231867
231868
231869
231870
231871
231872
231873
231875
231876
231877
231878
231880
231881
231882
231883
231884
231885
231886
231887
231888
231889
231890
231891
231892
231893
231894
231895
231896
231897
231898
231899
231900
231901
231902
231903
231904
231905
231906
231907
231908
231909
231910
231911
231912
231913
231914
231915
231916
231917
231918
231919
231920
231921
231922
231923
231924
231925
231926
231927
231928
231929
231930
231931
231932
231933
231934
231935
231936
231937
231938
231939
231940
231941
231942
231943
231944
231945
231946
231947
231948
231949
231950
231951
231952
231953
231954
231955
231956
231957
231958
231959
231960
231961
231962
231963
231964
231965
231966
231967
231968
231969
231970
231971
231972
231973
231974
231975
231976
231977
231978
231979
231980
231981
231982
231983
231984
231985
231986
231987
231988
231989
231990
231991
231992
231993
231994
231995
231996
231997
231998
231999
232000
232001
232002
232003
232004
232005
232006
232007
232008
232009
232010
232011
232012
232013
232014
232015
232016
232017
232018
232019
232020
232021
232022
232023
232024
232025
232026
232027
232028
232029
232030
232031
232032
232033
232034
232035
232036
232037
232038
232039
232040
232041
232042
232043
232044
232045
232046
232047
232048
232049
232050
232051
232052
232053
232054
232055
232056
232057
232058
232059
232060
232061
232062
232063
232064
232065
232066
232067
232068
232069
232070
232071
232072
232073
232074
232075
232076
232077
232078
232079
232080
232081
232082
232083
232084
232085
232086
232087
232088
232089
232090
232091
232092
232093
232094
232095
232096
232097
232098
232099
232100
232101
232102
232103
232104
232105
232106
232107
232108
232109
232110
232111
232112
232113
232114
232115
232116
232117
232118
232119
232120
232121
232122
232123
232124
232125
232126
232127
232128
232129
232130
232131
232132
232133
232134
232135
232136
232137
232138
232139
232140
232141
232142
232143
232144
232145
232146
232147
232148
232149
232150
232151
232152
232153
232154
232155
232156
232157
232158
232159
232160
232161
232162
232163
232164
232165
232166
232167
232168
232169
232170
232171
232172
232173
232174
232175
232176
232177
232178
232179
232180
232181
232182
232183
232184
232185
232186
232187
232188
232189
232190
232191
232192
232193
232194
232195
232196
232197
232198
232199
232200
232201
232202
232203
232204
232205
232206
232207
232208
232209
232210
232211
232212
232213
232214
232215
232216
232217
232218
232219
232220
232221
232222
232223
232224
232225
232226
232227
232228
232229
232230
232231
232232
232233
232234
232235
232236
232237
232238
232239
232240
232241
232242
232243
232244
232245
232246
232247
232248
232249
232250
232251
232252
232253
232254
232255
232256
232257
232258
232259
232260
232261
232262
232263
232264
232265
232266
232267
232268
232269
232270
232271
232272
232273
232274
232275
232276
232277
232278
232279
232280
232281
232282
232283
232284
232285
232286
232287
232288
232289
232290
232291
232292
232293
232294
232295
232296
232297
232298
232299
232300
232301
232302
232303
232304
232305
232306
232307
232308
232309
232310
232311
232312
232313
232314
232315
232316
232317
232318
232319
232320
232321
232322
232323
232324
232325
232326
232327
232328
232329
232330
232331
232332
232333
232334
232335
232336
232337
232338
232339
232340
232341
232342
232343
232344
232345
232346
232347
232348
232349
232350
232351
232352
232353
232354
232355
232356
232357
232358
232359
232360
232361
232362
232363
232364
232365
232366
232367
232368
232369
232370
232371
232372
232373
232374
232375
232376
232377
232378
232379
232380
232381
232382
232383
232384
232385
232386
232387
232388
232389
232390
232391
232392
232393
232394
232395
232396
232397
232398
232399
232400
232401
232402
232403
232404
232405
232406
232407
232408
232409
232410
232411
232412
232413
232414
232415
232416
232417
232418
232419
232420
232421
232422
232423
232424
232425
232426
232427
232428
232429
232430
232431
232432
232433
232434
232435
232436
232437
232438
232439
232440
232441
232442
232443
232444
232445
232446
232447
232448
232449
232450
232451
232452
232453
232454
232455
232456
232457
232458
232459
232460
232461
232462
232463
232464
232465
232466
232467
232468
232469
232470
232471
232472
232473
232474
232475
232476
232477
232478
232479
232480
232481
232482
232483
232484
232485
232486
232487
232488
232489
232490
232491
232492
232493
232494
232495
232496
232497
232498
232499
232500
232501
232502
232503
232504
232505
232506
232507
232508
232509
232510
232511
232512
232513
232514
232515
232516
232517
232518
232519
232520
232521
232522
232523
232524
232525
232526
232527
232528
232529
232530
232531
232532
232533
232534
232535
232536
232537
232538
232539
232540
232541
232542
232543
232544
232545
232546
232547
232548
232549
232550
232551
232552
232553
232554
232555
232556
232557
232558
232559
232560
232561
232562
232563
232564
232565
232566
232567
232568
232569
232570
232571
232572
232573
232574
232575
232576
232577
232578
232579
232580
232581
232582
232583
232584
232585
232586
232587
232588
232589
232590
232591
232592
232593
232594
232595
232596
232597
232598
232599
232600
232601
232602
232603
232604
232605
232606
232607
232608
232609
232610
232611
232612
232613
232614
232615
232616
232617
232618
232619
232620
232621
232622
232623
232624
232625
232626
232627
232628
232629
232630
232631
232632
232633
232634
232635
232636
232637
232638
232639
232640
232641
232642
232643
232644
232645
232646
232647
232648
232649
232650
232651
232652
232653
232654
232655
232656
232657
232658
232659
232660
232661
232662
232663
232664
232665
232666
232667
232668
232669
232670
232671
232672
232673
232674
232675
232676
232677
232678
232679
232680
232681
232682
232683
232684
232685
232686
232687
232688
232689
232690
232691
232692
232693
232694
232695
232696
232697
232698
232699
232700
232701
232702
232703
232704
232705
232706
232707
232708
232709
232710
232711
232712
232713
232714
232715
232716
232717
232718
232719
232720
232721
232722
232723
232724
232725
232726
232727
232728
232729
232730
232731
232732
232733
232734
232735
232736
232737
232738
232739
232740
232741
232742
232743
232744
232745
232746
232747
232748
232749
232750
232751
232752
232753
232754
232755
232756
232757
232758
232759
232760
232761
232762
232763
232764
232765
232766
232767
232768
232769
232770
232771
232772
232773
232774
232775
232776
232777
232778
232779
232780
232781
232782
232783
232784
232785
232786
232787
232788
232789
232790
232791
232792
232793
232794
232795
232796
232797
232798
232799
232800
232801
232802
232803
232804
232805
232806
232807
232808
232809
232810
232811
232812
232813
232814
232815
232816
232817
232818
232819
232820
232821
232822
232823
232824
232825
232826
232827
232828
232829
232830
232831
232832
232833
232834
232835
232836
232837
232838
232839
232840
232841
232842
232843
232844
232845
232846
232847
232848
232849
232850
232851
232852
232853
232854
232855
232856
232857
232858
232859
232860
232861
232862
232863
232864
232865
232866
232867
232868
232869
232870
232871
232872
232873
232874
232875
232876
232877
232878
232879
232880
232881
232882
232883
232884
232885
232886
232887
232888
232889
232890
232891
232892
232893
232894
232895
232896
232897
232898
232899
232900
232901
232902
232903
232904
232905
232906
232907
232908
232909
232910
232911
232912
232913
232914
232915
232916
232917
232918
232919
232920
232921
232922
232923
232924
232925
232926
232927
232928
232929
232930
232931
232932
232933
232934
232935
232936
232937
232938
232939
232940
232941
232942
232943
232944
232945
232946
232947
232948
232949
232950
232951
232952
232953
232954
232955
232956
232957
232958
232959
232960
232961
232962
232963
232964
232965
232966
232967
232968
232969
232970
232971
232972
232973
232974
232975
232976
232977
232978
232979
232980
232981
232982
232983
232984
232985
232986
232987
232988
232989
232990
232991
232992
232993
232994
232995
232996
232997
232998
232999
233000
233001
233002
233003
233004
233005
233006
233007
233008
233009
233010
233011
233012
233013
233014
233015
233016
233017
233018
233019
233020
233021
233022
233023
233024
233025
233026
233027
233028
233029
233030
233031
233032
233033
233034
233035
233036
233037
233038
233039
233040
233041
233042
233043
233044
233045
233046
233047
233048
233049
233050
233051
233052
233053
233054
233055
233056
233057
233058
233059
233061
233063
233064
233065
233066
233067
233068
233069
233071
233072
233073
233074
233075
