260411
260412
260413
260414
260415
260416
260417
260418
260419
260420
260421
260422
260423
260424
260425
260426
260427
260428
260429
260430
260431
260432
260433
260434
260435
260436
260437
260438
260439
260440
260441
260442
260443
260444
260445
260446
260447
260448
260449
260450
260451
260452
260453
260454
260455
260456
260457
260458
260459
260460
260461
260462
260463
260464
260465
260466
260467
260468
260469
260470
260471
260472
260473
260474
260475
260476
260477
260478
260479
260480
260481
260482
260483
260484
260485
260486
260487
260488
260489
260490
260491
260492
260493
260494
260495
260496
260497
260498
260499
260500
260501
260502
260503
260504
260505
260506
260507
260508
260509
260510
260511
260512
260513
260514
260515
260516
260517
260518
260519
260520
260521
260522
260523
260524
260525
260526
260527
260528
260529
260530
260531
260532
260533
260534
260535
260536
260537
260538
260539
260540
260541
260542
260543
260544
260545
260546
260547
260548
260549
260550
260551
260552
260553
260554
260555
260556
260557
260558
260559
260560
260561
260562
260563
260564
260565
260566
260567
260568
260569
260570
260571
260572
260573
260574
260575
260576
260577
260578
260579
260580
260581
260582
260583
260584
260585
260586
260587
260588
260589
260590
260591
260592
260593
260594
260595
260596
260597
260598
260599
260600
260601
260602
260603
260604
260605
260606
260607
260608
260609
260610
260611
260612
260613
260614
260615
260616
260617
260618
260619
260620
260621
260622
260623
260624
260625
260626
260627
260628
260629
260630
260631
260632
260633
260634
260635
260636
260637
260638
260639
260640
260641
260642
260643
260644
260645
260646
260647
260648
260649
260650
260651
260652
260653
260654
260655
260656
260657
260658
260659
260660
260661
260662
260663
260664
260665
260666
260667
260668
260669
260670
260671
260672
260673
260674
260675
260676
260677
260678
260679
260680
260681
260682
260683
260684
260685
260686
260687
260688
260689
260690
260691
260692
260693
260694
260695
260696
260697
260698
260699
260700
260701
260702
260703
260704
260705
260706
260707
260708
260709
260710
260711
260712
260713
260714
260715
260716
260717
260718
260719
260720
260721
260722
260723
260724
260725
260726
260727
260728
260729
260730
260731
260732
260733
260734
260735
260736
260737
260738
260739
260740
260741
260742
260743
260744
260745
260746
260747
260748
260749
260750
260751
260752
260753
260754
260755
260756
260757
260758
260759
260760
260761
260762
260763
260764
260765
260766
260767
260768
260769
260770
260771
260772
260773
260774
260775
260776
260777
260778
260779
260780
260781
260782
260783
260784
260785
260786
260787
260788
260789
260790
260791
260792
260793
260794
260795
260796
260797
260798
260799
260800
260801
260802
260803
260804
260805
260806
260807
260808
260809
260810
260811
260812
260813
260814
260815
260816
260817
260818
260819
260820
260821
260822
260823
260824
260825
260826
260827
260828
260829
260830
260831
260832
260833
260834
260835
260836
260837
260838
260839
260840
260841
260842
260843
260844
260845
260846
260847
260848
260849
260850
260851
260852
260853
260854
260855
260856
260857
260858
260859
260860
260861
260862
260863
260864
260865
260866
260867
260868
260869
260870
260871
260872
260873
260874
260875
260876
260877
260878
260879
260880
260881
260882
260883
260884
260885
260886
260887
260888
260889
260890
260891
260892
260893
260894
260895
260896
260897
260898
260899
260900
260901
260902
260903
260904
260905
260906
260907
260908
260909
260910
260911
260912
260913
260914
260915
260916
260917
260918
260919
260920
260921
260922
260923
260924
260925
260926
260927
260928
260929
260930
260931
260932
260933
260934
260935
260936
260937
260938
260939
260940
260941
260942
260943
260944
260945
260946
260947
260948
260949
260950
260951
260952
260953
260954
260955
260956
260957
260958
260959
260960
260961
260962
260963
260964
260965
260966
260967
260968
260969
260970
260971
260972
260973
260974
260975
260976
260977
260978
260979
260980
260981
260982
260983
260984
260985
260986
260987
260988
260989
260990
260991
260992
260993
260994
260995
260996
260997
260998
260999
261000
261001
261002
261003
261004
261005
261006
261007
261008
261009
261010
261011
261012
261013
261014
261015
261016
261017
261018
261019
261020
261021
261022
261023
261024
261025
261026
261027
261028
261029
261030
261031
261032
261033
261034
261035
261036
261037
261038
261039
261040
261041
261042
261043
261044
261045
261046
261047
261048
261049
261050
261051
261052
261053
261054
261055
261056
261057
261058
261059
261060
261061
261062
261063
261064
261065
261066
261067
261068
261069
261070
261071
261072
261073
261074
261075
261076
261077
261078
261079
261080
261081
261082
261083
261084
261085
261086
261087
261088
261089
261090
261091
261092
261093
261094
261095
261096
261097
261098
261099
261100
261101
261102
261103
261104
261105
261106
261107
261108
261109
261110
261111
261112
261113
261114
261115
261116
261117
261118
261119
261120
261121
261122
261123
261124
261125
261126
261127
261128
261129
261130
261131
261132
261133
261134
261135
261136
261137
261138
261139
261140
261141
261142
261143
261144
261145
261146
261147
261148
261149
261150
261151
261152
261153
261154
261155
261156
261157
261158
261159
261160
261161
261162
261163
261164
261165
261166
261167
261168
261169
261170
261171
261172
261173
261174
261175
261176
261177
261178
261179
261180
261181
261182
261183
261184
261185
261186
261187
261188
261189
261190
261191
261192
261193
261194
261195
261196
261197
261198
261199
261200
261201
261202
261203
261204
261205
261206
261207
261208
261209
261210
261211
261212
261213
261214
261215
261216
261217
261218
261219
261220
261221
261222
261223
261224
261225
261226
261227
261228
261229
261230
261231
261232
261233
261234
261235
261236
261237
261238
261239
261240
261241
261242
261243
261244
261245
261246
261247
261248
261249
261250
261251
261252
261253
261254
261255
261256
261257
261258
261259
261260
261261
261262
261263
261264
261265
261266
261267
261268
261269
261270
261271
261272
261273
261274
261275
261276
261277
261278
261279
261280
261281
261282
261283
261284
261285
261286
261287
261288
261289
261290
261291
261292
261293
261294
261295
261296
261297
261298
261299
261300
261301
261302
261303
261304
261305
261306
261307
261308
261309
261310
261311
261312
261313
261314
261315
261316
261317
261318
261319
261320
261321
261322
261323
261324
261325
261326
261327
261328
261329
261330
261331
261332
261333
261334
261335
261336
261337
261338
261339
261340
261341
261342
261343
261344
261345
261346
261347
261348
261349
261350
261351
261352
261353
261354
261355
261356
261357
261358
261359
261360
261361
261362
261363
261364
261365
261366
261367
261368
261369
261370
261371
261372
261373
261374
261375
261376
261377
261378
261379
261380
261381
261382
261383
261384
261385
261386
261387
261388
261389
261390
261391
261392
261393
261394
261395
261396
261397
261398
261399
261400
261401
261402
261403
261404
261405
261406
261407
261408
261409
261410
261411
261412
261413
261414
261415
261416
261417
261418
261419
261420
261421
261422
261423
261424
261425
261426
261427
261428
261429
261430
261431
261432
261433
261434
261435
261436
261437
261438
261439
261440
261441
261442
261443
261444
261445
261446
261447
261448
261449
261450
261451
261452
261453
261454
261455
261456
261457
261458
261459
261460
261461
261462
261463
261464
261465
261466
261467
261468
261469
261470
261471
261472
261473
261474
261475
261476
261477
261478
261479
261480
261481
261482
261483
261484
261485
261486
261487
261488
261489
261490
261491
261492
261493
261494
261495
261496
261497
261498
261499
261500
261501
261502
261503
261504
261505
261506
261507
261508
261509
261510
261511
261512
261513
261514
261515
261516
261517
261518
261519
261520
261521
261522
261523
261524
261525
261526
261527
261528
261529
261530
261531
261532
261533
261534
261535
261536
261537
261538
261539
261540
261541
261542
261543
261544
261545
261546
261547
261548
261549
261550
261551
261552
261553
261554
261555
261556
261557
261558
261559
261560
261561
261562
261563
261564
261565
261566
261567
261568
261569
261570
261571
261572
261573
261574
261575
261576
261577
261578
261579
261580
261581
261582
261583
261584
261585
261586
261587
261588
261589
261590
261591
261592
261593
261594
261595
261596
261597
261598
261599
261600
261601
261602
261603
261604
261605
261606
261607
261608
261609
261610
261611
261612
261613
261614
261615
261616
261617
261618
261619
261620
261621
261622
261623
261624
261625
261626
261627
261628
261629
261630
261631
261632
261633
261634
261635
261636
261637
261638
261639
261640
261641
261642
261643
261644
261645
261646
261647
261648
261649
261650
261651
261652
261653
261654
261655
261656
261657
261658
261659
261660
261661
261662
261663
261664
261665
261666
261667
261668
261669
261670
261671
261672
261673
261674
261675
261676
261677
261678
261679
261680
261681
261682
261683
261684
261685
261686
261687
261688
261689
261690
261691
261692
261693
261694
261695
261696
261697
261698
261699
261700
261701
261702
261703
261704
261705
261706
261707
261708
261709
261710
261711
261712
261713
261714
261715
261716
261717
261718
261719
261720
261721
261722
261723
261724
261725
261726
261727
261728
261729
261730
261731
261732
261733
261734
261735
261736
261737
261738
261739
261740
261741
261742
261743
261744
261745
261746
261747
261748
261749
261750
261751
261752
261753
261754
261755
261756
261757
261758
261759
261760
261761
261762
261763
261764
261765
261766
261767
261768
261769
261770
261771
261772
261773
261774
261775
261776
261777
261778
261779
261780
261781
261782
261783
261784
261785
261786
261787
261788
261789
261790
261791
261792
261793
261794
261795
261796
261797
261798
261799
261800
261801
261802
261803
261804
261805
261806
261807
261808
261809
261810
261811
261812
261813
261814
261815
261816
261817
261818
261819
261820
261821
261822
261823
261824
261825
261826
261827
261828
261829
261830
261831
261832
261833
261834
261835
261836
261837
261838
261839
261840
261841
261842
261843
261844
261845
261846
261847
261848
261849
261850
261851
261852
261853
261854
261855
261856
261857
261858
261859
261860
261861
261862
261863
261864
261865
261866
261867
261868
261869
261870
261871
261872
261873
261874
261875
261876
261877
261878
261879
261880
261881
261882
261883
261884
261885
261886
261887
261888
261889
261890
261891
261892
261893
261894
261895
261896
261897
261898
261899
261900
261901
261902
261903
261904
261905
261906
261907
261908
261909
261910
261911
261912
261913
261914
261915
261916
261917
261918
261919
261920
261921
261922
261923
261924
261925
261926
261927
261928
261929
261930
261931
261932
261933
261934
261935
261936
261937
261938
261939
261940
261941
261942
261943
261944
261945
261946
261947
261948
261949
261950
261951
261952
261953
261954
261955
261956
261957
261958
261959
261960
261961
261962
261963
261964
261965
261966
261967
261968
261969
261970
261971
261972
261973
261974
261975
261976
261977
261978
261979
261980
261981
261982
261983
261984
261985
261986
261987
261988
261989
261990
261991
261992
261993
261994
261995
261996
261997
261998
261999
262000
262001
262002
262003
262004
262005
262006
262007
262008
262009
262010
262011
262012
262013
262014
262015
262016
262017
262018
262019
262020
262021
262022
262023
262024
262025
262026
262027
262028
262029
262030
262031
262032
262033
262034
262035
262036
262037
262038
262039
262040
262041
262042
262043
262044
262045
262046
262047
262048
262049
262050
262051
262052
262053
262054
262055
262056
262057
262058
262059
262060
262061
262062
262063
262064
262065
262066
262067
262068
262069
262070
262071
262072
262073
262074
262075
262076
262077
262078
262079
262080
262081
262082
262083
262084
262085
262086
262087
262088
262089
262090
262091
262092
262093
262094
262095
262096
262097
262098
262099
262100
262101
262102
262103
262104
262105
262106
262107
262108
262109
262110
262111
262112
262113
262114
262115
262116
262117
262118
262119
262120
262121
262122
262123
262124
262125
262126
262127
262128
262129
262130
262131
262132
262133
262134
262135
262136
262137
262138
262139
262140
262141
262142
262143
262144
262145
262146
262147
262148
262149
262150
262151
262152
262153
262154
262155
262156
262157
262158
262159
262160
262161
262162
262163
262164
262165
262166
262167
262168
262169
262170
262171
262172
262173
262174
262175
262176
262177
262178
262179
262180
262181
262182
262183
262184
262185
262186
262187
262188
262189
262190
262191
262192
262193
262194
262195
262196
262197
262198
262199
262200
262201
262202
262203
262204
262205
262206
262207
262208
262209
262210
262211
262212
262213
262214
262215
262216
262217
262218
262219
262220
262221
262222
262223
262224
262225
262226
262227
262228
262229
262230
262231
262232
262233
262234
262235
262236
262237
262238
262239
262240
262241
262242
262243
262244
262245
262246
262247
262248
262249
262250
262251
262252
262253
262254
262255
262256
262257
262258
262259
262260
262261
262262
262263
262264
262265
262268
262269
262270
262271
262272
262273
262274
262275
262276
262277
262278
262279
262280
262281
262282
262283
262284
262285
262286
262287
262288
262289
262290
262291
262292
262293
262294
262295
262296
262297
262298
262299
262300
262301
262302
262303
262304
262305
262306
262307
262308
262309
262310
262311
262312
262313
262314
262315
262316
262317
262318
262319
262320
262321
262322
262323
262324
262325
262326
262327
262328
262329
262330
262331
262332
262333
262334
262335
262336
262337
262338
262339
262340
262341
262342
262343
262344
262345
262346
262347
262348
262349
262350
262351
262352
262353
262354
262355
262356
262357
262358
262359
262360
262361
262362
262363
262364
262365
262366
262367
262368
262369
262370
262371
262372
262373
262374
262375
262376
262377
262378
262379
262380
262381
262382
262383
262384
262385
262386
262387
262388
262389
262390
262391
262392
262393
262394
262395
262396
262397
262398
262399
262400
262401
262402
262403
262404
262405
262406
262407
262408
262409
262410
262411
262412
262413
262414
262415
262416
262417
262418
262419
262420
262421
262422
262423
262424
262425
262426
262427
262428
262429
262430
262431
262432
262433
262434
262435
262436
262437
262438
262439
262440
262441
262442
262443
262444
262445
262446
262447
262448
262449
262450
262451
262452
262453
262454
262455
262456
262457
262458
262459
262460
262461
262462
262463
262464
262465
262466
262467
262468
262469
262470
262471
262472
262473
262474
262475
262476
262477
262478
262479
262480
262481
262482
262483
262484
262485
262486
262487
262488
262489
262490
262491
262492
262493
262494
262495
262496
262497
262498
262499
262500
262501
262502
262503
262504
262505
262506
262507
262508
262509
262510
262511
262512
262513
262514
262515
262516
262517
262518
262519
262520
262521
262522
262523
262524
262525
262526
262527
262528
262529
262530
262531
262532
262533
262534
262535
262536
262537
262538
262539
262540
262541
262542
262543
262544
262545
262546
262547
262548
262549
262550
262551
262552
262553
262554
262555
262556
262557
262558
262559
262560
262561
262562
262563
262564
262565
262566
262567
262568
262569
262570
262571
262572
262573
262574
262575
262576
262577
262578
262579
262580
262581
262582
262583
262584
262585
262586
262587
262588
262589
262590
262591
262592
262593
262594
262595
262596
262597
262598
262599
262600
262601
262602
262603
262604
262605
262606
262607
262608
262609
262610
262611
262612
262613
262614
262615
262616
262617
262618
262619
262620
262621
262622
262623
262624
262625
262626
262627
262628
262629
262630
262631
262632
262633
262634
262635
262636
262637
262638
262639
262640
262641
262642
262643
262644
262645
262646
262647
262648
262649
262650
262651
262652
262653
262654
262655
262656
262657
262658
262659
262660
262661
262662
262663
262664
262665
262666
262667
262668
262669
262670
262671
262672
262673
262674
262675
262676
262677
262678
262679
262680
262681
262682
262683
262684
262685
262686
262687
262688
262689
262690
262691
262692
262693
262694
262695
262696
262697
262698
262699
262700
262701
262702
262703
262704
262705
262706
262707
262708
262709
262710
262711
262712
262713
262714
262715
262716
262717
262718
262719
262720
262721
262722
262723
262724
262725
262726
262727
262728
262729
262730
262731
262732
262733
262734
262735
262736
262737
262738
262739
262740
262741
262742
262743
262744
262745
262746
262747
262748
262749
262750
262751
262752
262753
262754
262755
262756
262757
262758
262759
262760
262761
262762
262763
262764
262765
262766
262767
262768
262769
262770
262771
262772
262773
262774
262775
262776
262777
262778
262779
262780
262781
262782
262783
262784
262785
262786
262787
262788
262789
262790
262791
262792
262793
262794
262795
262796
262797
262798
262799
262800
262801
262802
262803
262804
262805
262806
262807
262808
262809
262810
262811
262812
262813
262814
262815
262816
262817
262818
262819
262820
262821
262822
262823
262824
262825
262826
262827
262828
262829
262830
262831
262832
262833
262834
262835
262836
262837
262838
262839
262840
262841
262842
262843
262844
262845
262846
262847
262848
262849
262850
262851
262852
262853
262854
262855
262856
262857
262858
262859
262860
262861
262862
262863
262864
262865
262866
262867
262868
262869
262870
262871
262872
262873
262874
262875
262876
262877
262878
262879
262880
262881
262882
262883
262884
262885
262886
262887
262888
262889
262890
262891
262892
262893
262894
262895
262896
262897
262898
262899
262900
262901
262902
262903
262904
262905
262906
262907
262908
262909
262910
262911
262912
262913
262914
262915
262916
262917
262918
262919
262920
262921
262922
262923
262924
262925
262926
262927
262928
262929
262930
262931
262932
262933
262934
262935
262936
262937
262938
262939
262940
262941
262942
262943
262944
262945
262946
262947
262948
262949
262950
262951
262952
262953
262954
262955
262956
262957
262958
262959
262960
262961
262962
262963
262964
262965
262966
262967
262968
262969
262970
262971
262972
262973
262974
262975
262976
262977
262978
262979
262980
262981
262982
262983
262984
262985
262986
262987
262988
262989
262990
262991
262992
262993
262994
262995
262996
262997
262998
262999
263000
263001
263002
263003
263004
263005
263006
263007
263008
263009
263010
263011
263012
263013
263014
263015
263016
263017
263018
263019
263020
263021
263022
263023
263024
263025
263026
263027
263028
263029
263030
263031
263032
263033
263034
263035
263036
263037
263038
263039
263040
263041
263042
263043
263044
263045
263046
263047
263048
263049
263050
263051
263052
263053
263054
263055
263056
263057
263058
263059
263060
263061
263062
263063
263064
263065
263066
263067
263068
263069
263070
263071
263072
263073
263074
263075
263076
