219191
219192
219193
219194
219195
219196
219197
219198
219199
219200
219201
219202
219203
219204
219205
219206
219207
219208
219209
219210
219211
219212
219213
219214
219215
219216
219217
219218
219219
219220
219221
219222
219223
219224
219225
219226
219227
219228
219229
219230
219231
219232
219233
219234
219235
219236
219237
219238
219239
219240
219241
219242
219243
219244
219245
219246
219247
219248
219249
219250
219251
219252
219253
219254
219255
219256
219257
219258
219259
219260
219261
219262
219263
219264
219265
219266
219267
219268
219269
219270
219271
219272
219273
219274
219275
219276
219277
219278
219279
219280
219281
219282
219283
219284
219285
219286
219287
219288
219289
219290
219291
219292
219293
219294
219295
219296
219297
219298
219299
219300
219301
219302
219303
219304
219305
219306
219307
219308
219309
219310
219311
219312
219313
219314
219315
219316
219317
219318
219319
219320
219321
219322
219323
219324
219325
219326
219327
219328
219329
219330
219331
219332
219333
219334
219335
219336
219337
219338
219339
219340
219341
219342
219343
219344
219345
219346
219347
219348
219349
219350
219351
219352
219353
219354
219355
219356
219357
219358
219359
219360
219361
219362
219363
219364
219365
219366
219367
219368
219369
219370
219371
219372
219373
219374
219375
219376
219377
219378
219379
219380
219381
219382
219383
219384
219385
219386
219387
219388
219389
219390
219391
219392
219393
219394
219395
219396
219397
219398
219399
219400
219401
219402
219403
219404
219405
219406
219407
219408
219409
219410
219411
219412
219413
219414
219415
219416
219417
219418
219419
219420
219421
219422
219423
219424
219425
219426
219427
219428
219429
219430
219431
219432
219433
219434
219435
219436
219437
219438
219439
219440
219441
219442
219443
219444
219445
219446
219447
219448
219449
219450
219451
219452
219453
219454
219455
219456
219457
219458
219459
219460
219461
219462
219463
219464
219465
219466
219467
219468
219469
219470
219471
219472
219473
219474
219475
219476
219477
219478
219479
219480
219481
219482
219483
219484
219485
219486
219487
219488
219489
219490
219491
219492
219493
219494
219495
219496
219497
219498
219499
219500
219501
219502
219503
219504
219505
219506
219507
219508
219509
219510
219511
219512
219513
219514
219515
219516
219517
219518
219519
219520
219521
219522
219523
219524
219525
219526
219527
219528
219529
219530
219531
219532
219533
219534
219535
219536
219537
219538
219539
219540
219541
219542
219543
219544
219545
219546
219547
219548
219549
219550
219551
219552
219553
219554
219555
219556
219557
219558
219559
219560
219561
219562
219563
219564
219565
219566
219567
219568
219569
219570
219571
219572
219573
219574
219575
219576
219577
219578
219579
219580
219581
219582
219583
219584
219585
219586
219587
219588
219589
219590
219591
219592
219593
219594
219595
219596
219597
219598
219599
219600
219601
219602
219603
219604
219605
219606
219607
219608
219609
219610
219611
219612
219613
219614
219615
219616
219617
219618
219619
219620
219621
219622
219623
219624
219625
219626
219627
219628
219629
219630
219631
219632
219633
219634
219635
219636
219637
219638
219639
219640
219641
219642
219643
219644
219645
219646
219647
219648
219649
219650
219651
219652
219653
219654
219655
219656
219657
219658
219659
219660
219661
219662
219663
219664
219665
219666
219667
219668
219669
219670
219671
219672
219673
219674
219675
219676
219677
219678
219679
219680
219681
219682
219683
219684
219685
219686
219687
219688
219689
219690
219691
219692
219693
219694
219695
219696
219697
219698
219699
219700
219701
219702
219703
219704
219705
219706
219707
219708
219709
219710
219711
219712
219713
219714
219715
219716
219717
219718
219719
219720
219721
219722
219723
219724
219725
219726
219727
219728
219729
219730
219731
219732
219733
219734
219735
219736
219737
219738
219739
219740
219741
219742
219743
219744
219745
219746
219747
219748
219749
219750
219751
219752
219753
219754
219755
219756
219757
219758
219759
219760
219761
219762
219763
219764
219765
219766
219767
219768
219769
219770
219771
219772
219773
219774
219775
219776
219777
219778
219779
219780
219781
219782
219783
219784
219785
219786
219787
219788
219789
219790
219791
219792
219793
219794
219795
219796
219797
219798
219799
219800
219801
219802
219803
219804
219805
219806
219807
219808
219809
219810
219811
219812
219813
219814
219815
219816
219817
219818
219819
219820
219821
219822
219823
219824
219825
219826
219827
219828
219829
219830
219831
219832
219833
219834
219835
219836
219837
219838
219839
219840
219841
219842
219843
219844
219845
219846
219847
219848
219849
219850
219851
219852
219853
219854
219855
219856
219857
219858
219859
219860
219861
219862
219863
219864
219865
219866
219867
219868
219869
219870
219871
219872
219873
219874
219875
219876
219877
219878
219879
219880
219881
219882
219883
219884
219885
219886
219887
219888
219889
219890
219891
219892
219893
219894
219895
219896
219897
219898
219899
219900
219901
219902
219903
219904
219905
219906
219907
219908
219909
219910
219911
219912
219913
219914
219915
219916
219917
219918
219919
219920
219921
219922
219923
219924
219925
219926
219927
219928
219929
219930
219931
219932
219933
219934
219935
219936
219937
219938
219939
219940
219941
219942
219943
219944
219945
219946
219947
219948
219949
219950
219951
219952
219953
219954
219955
219956
219957
219958
219959
219960
219961
219962
219963
219964
219965
219966
219967
219968
219969
219970
219971
219972
219973
219974
219975
219976
219977
219978
219979
219980
219981
219982
219983
219984
219985
219986
219987
219988
219989
219990
219991
219992
219993
219994
219995
219996
219997
219998
219999
220000
220001
220002
220003
220004
220005
220006
220007
220008
220009
220010
220011
220012
220013
220014
220015
220016
220017
220018
220019
220020
220021
220022
220023
220024
220025
220026
220027
220028
220029
220030
220031
220032
220033
220034
220035
220036
220037
220038
220039
220040
220041
220042
220043
220044
220045
220046
220047
220048
220049
220050
220051
220052
220053
220054
220055
220056
220057
220058
220059
220060
220061
220062
220063
220064
220065
220066
220067
220068
220069
220070
220071
220072
220073
220074
220075
220076
220077
220078
220079
220080
220081
220082
220083
220084
220085
220086
220087
220088
220089
220090
220091
220092
220093
220094
220095
220096
220097
220098
220099
220100
220101
220102
220103
220104
220105
220106
220107
220108
220109
220110
220111
220112
220113
220114
220115
220116
220117
220118
220119
220120
220121
220122
220123
220124
220125
220126
220127
220128
220129
220130
220131
220132
220133
220134
220135
220136
220137
220138
220139
220140
220141
220142
220143
220144
220145
220146
220147
220148
220149
220150
220151
220152
220153
220154
220155
220156
220157
220158
220159
220160
220161
220162
220163
220164
220165
220166
220167
220168
220169
220170
220171
220172
220173
220174
220175
220176
220177
220178
220179
220180
220181
220182
220183
220184
220185
220186
220187
220188
220189
220190
220191
220192
220193
220194
220195
220196
220197
220198
220199
220200
220201
220202
220203
220204
220205
220206
220207
220208
220209
220210
220211
220212
220213
220214
220215
220216
220217
220218
220219
220220
220221
220222
220223
220224
220225
220226
220227
220228
220229
220230
220231
220232
220233
220234
220235
220236
220237
220238
220239
220240
220241
220242
220243
220244
220245
220246
220247
220248
220249
220250
220251
220252
220253
220254
220255
220256
220257
220258
220259
220260
220261
220262
220263
220264
220265
220266
220267
220268
220269
220270
220271
220272
220273
220274
220275
220276
220277
220278
220279
220280
220281
220282
220283
220284
220285
220286
220287
220288
220289
220290
220291
220292
220293
220294
220295
220296
220297
220298
220299
220300
220301
220302
220303
220304
220305
220306
220307
220308
220309
220310
220311
220312
220313
220314
220315
220316
220317
220318
220319
220320
220321
220322
220323
220324
220325
220326
220327
220328
220329
220330
220331
220332
220333
220334
220335
220336
220337
220338
220339
220340
220341
220342
220343
220344
220345
220346
220347
220348
220349
220350
220351
220352
220353
220354
220355
220356
220357
220358
220359
220360
220361
220362
220363
220364
220365
220366
220367
220368
220369
220370
220371
220372
220373
220374
220375
220376
220377
220378
220379
220380
220381
220382
220383
220384
220385
220386
220387
220388
220389
220390
220391
220392
220393
220394
220395
220396
220397
220398
220399
220400
220401
220402
220403
220404
220405
220406
220407
220408
220409
220410
220411
220412
220413
220414
220415
220416
220417
220418
220419
220420
220421
220422
220423
220424
220425
220426
220427
220428
220429
220430
220431
220432
220433
220434
220435
220436
220437
220438
220439
220440
220441
220442
220443
220444
220445
220446
220447
220448
220449
220450
220451
220452
220453
220454
220455
220456
220457
220458
220459
220460
220461
220462
220463
220464
220465
220466
220467
220468
220469
220470
220471
220472
220473
220474
220475
220476
220477
220478
220479
220480
220481
220482
220483
220484
220485
220486
220487
220488
220489
220490
220491
220492
220493
220494
220495
220496
220497
220498
220499
220500
220501
220502
220503
220504
220505
220506
220507
220508
220509
220510
220511
220512
220513
220514
220515
220516
220517
220518
220519
220520
220521
220522
220523
220524
220525
220526
220527
220528
220529
220530
220531
220532
220533
220534
220535
220536
220537
220538
220539
220540
220541
220542
220543
220544
220545
220546
220547
220548
220549
220550
220551
220552
220553
220554
220555
220556
220557
220558
220559
220560
220561
220562
220563
220564
220565
220566
220567
220568
220569
220570
220571
220572
220573
220574
220575
220576
220577
220578
220579
220580
220581
220582
220583
220584
220585
220586
220587
220588
220589
220590
220591
220592
220593
220594
220595
220596
220597
220598
220599
220600
220601
220602
220603
220604
220605
220606
220607
220608
220609
220610
220611
220612
220613
220614
220615
220616
220617
220618
220619
220620
220621
220622
220623
220624
220625
220626
220627
220628
220629
220630
220631
220632
220633
220634
220635
220636
220637
220638
220639
220640
220641
220642
220643
220644
220645
220646
220647
220648
220649
220650
220651
220652
220653
220654
220655
220656
220657
220658
220659
220660
220661
220662
220663
220664
220665
220666
220667
220668
220669
220670
220671
220672
220673
220674
220675
220676
220677
220678
220679
220680
220681
220682
220683
220684
220685
220686
220687
220688
220689
220690
220691
220692
220693
220694
220695
220696
220697
220698
220699
220700
220701
220702
220703
220704
220705
220706
220707
220708
220709
220710
220711
220712
220713
220714
220715
220716
220717
220718
220719
220720
220721
220722
220723
220724
220725
220726
220727
220728
220729
220730
220731
220732
220733
220734
220735
220736
220737
220738
220739
220740
220741
220742
220743
220744
220745
220746
220747
220748
220749
220750
220751
220752
220753
220754
220755
220756
220757
220758
220759
220760
220761
220762
220763
220764
220765
220766
220767
220768
220769
220770
220771
220772
220773
220774
220775
220776
220777
220778
220779
220780
220781
220782
220783
220784
220785
220786
220787
220788
220789
220790
220791
220792
220793
220794
220795
220796
220797
220798
220799
220800
220801
220802
220803
220804
220805
220806
220807
220808
220809
220810
220811
220812
220813
220814
220815
220816
220817
220818
220819
220820
220821
220822
220823
220824
220825
220826
220827
220828
220829
220830
220831
220832
220833
220834
220835
220836
220837
220838
220839
220840
220841
220842
220843
220844
220845
220846
220847
220848
220849
220850
220851
220852
220853
220854
220855
220856
220857
220858
220859
220860
220861
220862
220863
220864
220865
220866
220867
220868
220869
220870
220871
220872
220873
220874
220875
220876
220877
220878
220879
220880
220881
220882
220883
220884
220885
220886
220887
220888
220889
220890
220891
220892
220893
220894
220895
220896
220897
220898
220899
220900
220901
220902
220903
220904
220905
220906
220907
220908
220909
220910
220911
220912
220913
220914
220915
220916
220917
220918
220919
220920
220921
220922
220923
220924
220925
220926
220927
220928
220929
220930
220931
220932
220933
220934
220935
220936
220937
220938
220939
220940
220941
220942
220943
220944
220945
220946
220947
220948
220949
220950
220951
220952
220953
220954
220955
220956
220957
220958
220959
220960
220961
220962
220963
220964
220965
220966
220967
220968
220969
220970
220971
220972
220973
220974
220975
220976
220977
220978
220979
220980
220981
220982
220983
220984
220985
220986
220987
220988
220989
220990
220991
220992
220993
220994
220995
220996
220997
220998
220999
221000
221001
221002
221003
221004
221005
221006
221007
221008
221009
221010
221011
221012
221013
221014
221015
221016
221017
221018
221019
221020
221021
221022
221023
221024
221025
221026
221027
221028
221029
221030
221031
221032
221033
221034
221035
221036
221037
221038
221039
221040
221041
221042
221043
221044
221045
221046
221047
221048
221049
221050
221051
221052
221053
221054
221055
221056
221057
221058
221059
221060
221061
221062
221063
221064
221065
221066
221067
221068
221069
221070
221071
221072
221073
221074
221075
221076
221077
221078
221079
221080
221081
221082
221083
221084
221085
221086
221087
221088
221089
221090
221091
221092
221093
221094
221095
221096
221097
221098
221099
221100
221101
221102
221103
221104
221105
221106
221107
221108
221109
221110
221111
221112
221113
221114
221115
221116
221117
221118
221119
221120
221121
221122
221123
221124
221125
221126
221127
221128
221129
221130
221131
221132
221133
221134
221135
221136
221137
221138
221139
221140
221141
221142
221143
221144
221145
221146
221147
221148
221149
221150
221151
221152
221153
221154
221155
221156
221157
221158
221159
221160
221161
221162
221163
221164
221165
221166
221167
221168
221169
221170
221171
221172
221173
221174
221175
221176
221177
221178
221179
221180
221181
221182
221183
221184
221185
221186
221187
221188
221189
221190
221191
221192
221193
221194
221195
221196
221197
221198
221199
221200
221201
221202
221203
221204
221205
221206
221207
221208
221209
221210
221211
221212
221213
221214
221215
221216
221217
221218
221219
221220
221221
221222
221223
221224
221225
221226
221227
221228
221229
221230
221231
221232
221233
221234
221235
221236
221237
221238
221239
221240
221241
221242
221243
221244
221245
221246
221247
221248
221249
221250
221251
221252
221253
221254
221255
221256
221257
221258
221259
221260
221261
221262
221263
221264
221265
221266
221267
221268
221269
221270
221271
221272
221273
221274
221275
221276
221277
221278
221279
221280
221281
221282
221283
221284
221285
221286
221287
221288
221289
221290
221291
221292
221293
221294
221295
221296
221297
221298
221299
221300
221301
221302
221303
221304
221305
221306
221307
221308
221309
221310
221311
221312
221313
221314
221315
221316
221317
221318
221319
221320
221321
221322
221323
221324
221325
221326
221327
221328
221329
221330
221331
221332
221333
221334
221335
221336
221337
221338
221339
221340
221341
221342
221343
221344
221345
221346
221347
221348
221349
221350
221351
221352
221353
221354
221355
221356
221357
221358
221359
221360
221361
221362
221363
221364
221365
221366
221367
221368
221369
221370
221371
221372
221373
221374
221375
221376
221377
221378
221379
221380
221381
221382
221383
221384
221385
221386
221387
221388
221389
221390
221391
221392
221393
221394
221395
221396
221397
221398
221399
221400
221401
221402
221403
221404
221405
221406
221407
221408
221409
221410
221411
221412
221413
221414
221415
221416
221417
221418
221419
221420
221421
221422
221423
221424
221425
221426
221427
221428
221429
221430
221431
221432
221433
221434
221435
221436
221437
221438
221439
221440
221441
221442
221443
221444
221445
221446
221447
221448
221449
221450
221451
221452
221453
221454
221455
221456
221457
221458
221459
221460
221461
221462
221463
221464
221465
221466
221467
221468
221469
221470
221471
221472
221473
221474
221475
221476
221477
221478
221479
221480
221481
221482
221483
221484
221485
221486
221487
221488
221489
221490
221491
221492
221493
221494
221495
221496
221497
221498
221499
221500
221501
221502
221503
221504
221505
221506
221507
221508
221509
221510
221511
221512
221513
221514
221515
221516
221517
221518
221519
221520
221521
221522
221523
221524
221525
221526
221527
221528
221529
221530
221531
221532
221533
221534
221535
221536
221537
221538
221539
221540
221541
221542
221543
221544
221545
221546
221547
221548
221549
221550
221551
221552
221553
221554
221555
221556
221557
221558
221559
221560
221561
221562
221563
221564
221565
221566
221567
221568
221569
221570
221571
221572
221573
221574
221575
221576
221577
221578
221579
221580
221581
221582
221583
221584
221585
221586
221587
221588
221589
221590
221591
221592
221593
221594
221595
221596
221597
221598
221599
221600
221601
221602
221603
221604
221605
221606
221607
221608
221609
221610
221611
221612
221613
221614
221615
221616
221617
221618
221619
221620
221621
221622
221623
221624
221625
221626
221627
221628
221629
221630
221631
221632
221633
221634
221635
221636
221637
221638
221639
221640
221641
221642
221643
221644
221645
221646
221647
221648
221649
221650
221651
221652
221653
221654
221655
221656
221657
221658
221659
221660
221661
221662
221663
221664
221665
221666
221667
221668
221669
221670
221671
221672
221673
221674
221675
221676
221677
221678
221679
221680
221681
221682
221683
221684
221685
221686
221687
221688
221689
221690
221691
221692
221693
221694
221695
221696
221697
221698
221699
221700
221701
221702
221703
221704
221705
221706
221707
221708
221709
221710
221711
221712
221713
221714
221715
221716
221717
221718
221719
221720
221721
221722
221723
221724
221725
221726
221727
221728
221729
221730
221731
221732
221733
221734
221735
221736
221737
221738
221739
221740
221741
221742
221743
221744
221745
221746
221747
221748
221749
221750
221751
221752
221753
221754
221755
221756
221757
221758
221759
221760
221761
221762
221763
221764
221765
221766
221767
221768
221769
221770
221771
221772
221773
221774
221775
221776
221777
221778
221779
221780
221781
221782
221783
221784
221785
221786
221787
221788
221789
221790
221791
221792
221793
221794
221795
221796
221797
221798
221799
221800
221801
221802
221803
221804
221805
221806
221807
221808
221809
221810
221811
221812
221813
221814
221815
221816
221817
221818
221819
221820
221821
221822
221823
221824
221825
221826
221827
221828
221829
221830
221831
221832
221833
221834
221835
221836
221837
221838
221839
221840
221841
221842
221843
221844
221845
221846
221847
221848
221849
221850
221851
221852
221853
221854
221855
221856
221857
221858
221859
221860
221861
221862
221863
221864
221865
221866
221867
221868
221869
221870
221871
221872
221873
221874
221875
221876
221877
221878
221879
221880
221881
221882
221883
221884
221885
221886
221887
221888
221889
221890
221891
221892
221893
221894
221895
221896
221897
221898
221899
221900
221901
221902
221903
221904
221905
221906
221907
221908
221909
221910
221911
221912
221913
221914
221915
221916
221917
221918
221919
221920
221921
221922
221923
221924
221925
221926
221927
221928
221929
221930
221931
221932
221933
221934
221935
221936
221937
221938
221939
221940
221941
221942
221943
221944
221945
221946
221947
221948
221949
221950
221951
221952
221953
221954
221955
221956
221957
221958
221959
221960
221961
221962
221963
221964
221965
221966
221967
221968
221969
221970
221971
221972
221973
221974
221975
221976
221977
221978
221979
221980
221981
221982
221983
221984
221985
221986
221987
221988
221989
221990
221991
221992
221993
221994
221995
221996
221997
221998
221999
222000
222001
222002
222003
222004
222005
222006
222007
222008
222009
222010
222011
222012
222013
222014
222015
222016
222017
222018
222019
222020
222021
222022
222023
222024
222025
222026
222027
222028
222029
222030
222031
222032
222033
222034
222035
222036
222037
222038
222039
222040
222041
222042
222043
222044
222045
222046
222047
222048
222049
222050
222051
222052
222053
222054
222055
222056
222057
222058
222059
222060
222061
222062
222063
222064
222065
222066
222067
222068
222069
222070
222071
222072
222073
222074
222075
222076
222077
222078
222079
222080
222081
222082
222083
222084
222085
222086
222087
222088
222089
222090
222091
222092
222093
222094
222095
222096
222097
222098
