222099
222100
222101
222102
222103
222104
222105
222106
222107
222108
222109
222110
222111
222112
222113
222114
222115
222116
222117
222118
222119
222120
222121
222122
222123
222124
222125
222126
222127
222128
222129
222130
222131
222132
222133
222134
222135
222136
222137
222138
222139
222140
222141
222142
222143
222144
222145
222146
222147
222148
222149
222150
222151
222152
222153
222154
222155
222156
222157
222158
222159
222160
222161
222162
222163
222164
222165
222166
222167
222168
222169
222170
222171
222172
222173
222174
222175
222176
222177
222178
222179
222180
222181
222182
222183
222184
222185
222186
222187
222188
222189
222190
222191
222192
222193
222194
222195
222196
222197
222198
222199
222200
222201
222202
222203
222204
222205
222206
222207
222208
222209
222210
222211
222212
222213
222214
222215
222216
222217
222218
222219
222220
222221
222222
222223
222224
222225
222226
222227
222228
222229
222230
222231
222232
222233
222234
222235
222236
222237
222238
222239
222240
222241
222242
222243
222244
222245
222246
222247
222248
222249
222250
222251
222252
222253
222254
222255
222256
222257
222258
222259
222260
222261
222262
222263
222264
222265
222266
222267
222268
222269
222270
222271
222272
222273
222274
222275
222276
222277
222278
222279
222280
222281
222282
222283
222284
222285
222286
222287
222288
222289
222290
222291
222292
222293
222294
222295
222296
222297
222298
222299
222300
222301
222302
222303
222304
222305
222306
222307
222308
222309
222310
222311
222312
222313
222314
222315
222316
222317
222318
222319
222320
222321
222322
222323
222324
222325
222326
222327
222328
222329
222330
222331
222332
222333
222334
222335
222336
222337
222338
222339
222340
222341
222342
222343
222344
222345
222346
222347
222348
222349
222350
222351
222352
222353
222354
222355
222356
222357
222358
222359
222360
222361
222362
222363
222364
222365
222366
222367
222368
222369
222370
222371
222372
222373
222374
222375
222376
222377
222378
222379
222380
222381
222382
222383
222384
222385
222386
222387
222388
222389
222390
222391
222392
222393
222394
222395
222396
222397
222398
222399
222400
222401
222402
222403
222404
222405
222406
222407
222408
222409
222410
222411
222412
222413
222414
222415
222416
222417
222418
222419
222420
222421
222422
222423
222424
222425
222426
222427
222428
222429
222430
222431
222432
222433
222434
222435
222436
222437
222438
222439
222440
222441
222442
222443
222444
222445
222446
222447
222448
222449
222450
222451
222452
222453
222454
222455
222456
222457
222458
222459
222460
222461
222462
222463
222464
222465
222466
222467
222468
222469
222470
222471
222472
222473
222474
222475
222476
222477
222478
222479
222480
222481
222482
222483
222484
222485
222486
222487
222488
222489
222490
222491
222492
222493
222494
222495
222496
222497
222498
222499
222500
222501
222502
222503
222504
222505
222506
222507
222508
222509
222510
222511
222512
222513
222514
222515
222516
222517
222518
222519
222520
222521
222522
222523
222524
222525
222526
222527
222528
222529
222530
222531
222532
222533
222534
222535
222536
222537
222538
222539
222540
222541
222542
222543
222544
222545
222546
222547
222548
222549
222550
222551
222552
222553
222554
222555
222556
222557
222558
222559
222560
222561
222562
222563
222564
222565
222566
222567
222568
222569
222570
222571
222572
222573
222574
222575
222576
222577
222578
222579
222580
222581
222582
222583
222584
222585
222586
222587
222588
222589
222590
222591
222592
222593
222594
222595
222596
222597
222598
222599
222600
222601
222602
222603
222604
222605
222606
222607
222608
222609
222610
222611
222612
222613
222614
222615
222616
222617
222618
222619
222620
222621
222622
222623
222624
222625
222626
222627
222628
222629
222630
222631
222632
222633
222634
222635
222636
222637
222638
222639
222640
222641
222642
222643
222644
222645
222646
222647
222648
222649
222650
222651
222652
222653
222654
222655
222656
222657
222658
222659
222660
222661
222662
222663
222664
222665
222666
222667
222668
222669
222670
222671
222672
222673
222674
222675
222676
222677
222678
222679
222680
222681
222682
222683
222684
222685
222686
222687
222688
222689
222690
222691
222692
222693
222694
222695
222696
222697
222698
222699
222700
222701
222702
222703
222704
222705
222706
222707
222708
222709
222710
222711
222712
222713
222714
222715
222716
222717
222718
222719
222720
222721
222722
222723
222724
222725
222726
222727
222728
222729
222730
222731
222732
222733
222734
222735
222736
222737
222738
222739
222740
222741
222742
222743
222744
222745
222746
222747
222748
222749
222750
222751
222752
222753
222754
222755
222756
222757
222758
222759
222760
222761
222762
222763
222764
222765
222766
222767
222768
222769
222770
222771
222772
222773
222774
222775
222776
222777
222778
222779
222780
222781
222782
222783
222784
222785
222786
222787
222788
222789
222790
222791
222792
222793
222794
222795
222796
222797
222798
222799
222800
222801
222802
222803
222804
222805
222806
222807
222808
222809
222810
222811
222812
222813
222814
222815
222816
222817
222818
222819
222820
222821
222822
222823
222824
222825
222826
222827
222828
222829
222830
222831
222832
222833
222834
222835
222836
222837
222838
222839
222840
222841
222842
222843
222844
222845
222846
222847
222848
222849
222850
222851
222852
222853
222854
222855
222856
222857
222858
222859
222860
222861
222862
222863
222864
222865
222866
222867
222868
222869
222870
222871
222872
222873
222874
222875
222876
222877
222878
222879
222880
222881
222882
222883
222884
222885
222886
222887
222888
222889
222890
222891
222892
222893
222894
222895
222896
222897
222898
222899
222900
222901
222902
222903
222904
222905
222906
222907
222908
222909
222910
222911
222912
222913
222914
222915
222916
222917
222918
222919
222920
222921
222922
222923
222924
222925
222926
222927
222928
222929
222930
222931
222932
222933
222934
222935
222936
222937
222938
222939
222940
222941
222942
222943
222944
222945
222946
222947
222948
222949
222950
222951
222952
222953
222954
222955
222956
222957
222958
222959
222960
222961
222962
222963
222964
222965
222966
222967
222968
222969
222970
222971
222972
222973
222974
222975
222976
222977
222978
222979
222980
222981
222982
222983
222984
222985
222986
222987
222988
222989
222990
222991
222992
222993
222994
222995
222996
222997
222998
222999
223000
223001
223002
223003
223004
223005
223006
223007
223008
223009
223010
223011
223012
223013
223014
223015
223016
223017
223018
223019
223020
223021
223022
223023
223024
223025
223026
223027
223028
223029
223030
223031
223032
223033
223034
223035
223036
223037
223038
223039
223040
223041
223042
223043
223044
223045
223046
223047
223048
223049
223050
223051
223052
223053
223054
223055
223056
223057
223058
223059
223060
223062
223063
223064
223065
223066
223067
223068
223069
223070
223071
223072
223073
223074
223075
223076
223077
223078
223079
223080
223081
223082
223083
223084
223085
223086
223087
223088
223089
223090
223091
223092
223093
223094
223095
223096
223097
223098
223099
223100
223101
223102
223103
223104
223105
223106
223107
223108
223109
223110
223111
223112
223113
223114
223115
223116
223117
223118
223119
223120
223121
223122
223123
223124
223125
223126
223127
223128
223129
223130
223131
223132
223133
223134
223135
223136
223137
223138
223139
223140
223141
223142
223143
223144
223145
223146
223147
223148
223149
223150
223151
223152
223153
223154
223155
223156
223157
223158
223159
223160
223161
223162
223163
223164
223165
223166
223167
223168
223169
223170
223171
223172
223173
223174
223175
223176
223177
223178
223179
223180
223181
223182
223183
223184
223185
223186
223187
223188
223189
223190
223191
223192
223193
223194
223195
223196
223197
223198
223199
223200
223201
223202
223203
223204
223205
223206
223207
223208
223209
223210
223211
223212
223213
223214
223215
223216
223217
223218
223219
223220
223221
223222
223223
223224
223225
223226
223227
223228
223229
223230
223231
223232
223233
223234
223235
223236
223237
223238
223239
223240
223241
223242
223243
223244
223245
223246
223247
223248
223249
223250
223251
223252
223253
223254
223255
223256
223257
223258
223259
223260
223261
223262
223263
223264
223265
223266
223267
223268
223269
223270
223271
223272
223273
223274
223275
223276
223277
223278
223279
223280
223281
223282
223283
223284
223285
223286
223287
223288
223289
223290
223291
223292
223293
223294
223295
223296
223297
223298
223299
223300
223301
223302
223303
223304
223305
223306
223307
223308
223309
223310
223311
223312
223313
223314
223315
223316
223317
223318
223319
223320
223321
223322
223323
223324
223325
223326
223327
223328
223329
223330
223331
223332
223333
223334
223335
223336
223337
223338
223339
223340
223341
223342
223343
223344
223345
223346
223347
223348
223349
223350
223351
223352
223353
223354
223355
223356
223357
223358
223359
223360
223361
223362
223363
223364
223365
223366
223367
223368
223369
223370
223371
223372
223373
223374
223375
223376
223377
223378
223379
223380
223381
223382
223383
223384
223385
223386
223387
223388
223389
223390
223391
223392
223393
223394
223395
223396
223397
223398
223399
223400
223401
223402
223403
223404
223405
223406
223407
223408
223409
223410
223411
223412
223413
223414
223415
223416
223417
223418
223419
223420
223421
223422
223423
223424
223425
223426
223427
223428
223429
223430
223431
223432
223433
223434
223435
223436
223437
223438
223439
223440
223441
223442
223443
223444
223445
223446
223447
223448
223449
223450
223451
223452
223453
223454
223455
223456
223457
223458
223459
223460
223461
223462
223463
223464
223465
223466
223467
223468
223469
223470
223471
223472
223473
223474
223475
223476
223477
223478
223479
223480
223481
223482
223483
223484
223485
223486
223487
223488
223489
223490
223491
223492
223493
223494
223495
223496
223497
223498
223499
223500
223501
223502
223503
223504
223505
223506
223507
223508
223509
223510
223511
223512
223513
223514
223515
223516
223517
223518
223519
223520
223521
223522
223523
223524
223525
223526
223527
223528
223529
223530
223531
223532
223533
223534
223535
223536
223537
223538
223539
223540
223541
223542
223543
223544
223545
223546
223547
223548
223549
223550
223551
223552
223553
223554
223555
223556
223557
223558
223559
223560
223561
223562
223563
223564
223565
223566
223567
223568
223569
223570
223571
223572
223573
223574
223575
223576
223577
223578
223579
223580
223581
223582
223583
223584
223585
223586
223587
223588
223589
223590
223591
223592
223593
223594
223595
223596
223597
223598
223599
223600
223601
223602
223603
223604
223605
223606
223607
223608
223609
223610
223611
223612
223613
223614
223615
223616
223617
223618
223619
223620
223621
223622
223623
223624
223625
223626
223627
223628
223629
223630
223631
223632
223633
223634
223635
223636
223637
223638
223639
223640
223641
223642
223643
223644
223645
223646
223647
223648
223649
223650
223651
223652
223653
223654
223655
223656
223657
223658
223659
223660
223661
223662
223663
223664
223665
223666
223667
223668
223669
223670
223671
223672
223673
223674
223675
223676
223677
223678
223679
223680
223681
223682
223683
223684
223685
223686
223687
223688
223689
223690
223691
223692
223693
223694
223695
223696
223697
223698
223699
223700
223701
223702
223703
223704
223705
223706
223707
223708
223709
223710
223711
223712
223713
223714
223715
223716
223717
223718
223719
223721
223722
223723
223724
223725
223726
223727
223728
223729
223730
223731
223732
223733
223734
223735
223736
223737
223738
223739
223740
223741
223742
223744
223745
223746
223747
223748
223749
223750
223751
223752
223753
223754
223755
223756
223757
223758
223759
223760
223761
223762
223763
223764
223765
223766
223767
223768
223769
223770
223771
223772
223773
223774
223775
223776
223777
223778
223779
223780
223781
223782
223783
223784
223785
223786
223787
223788
223789
223790
223791
223792
223793
223794
223795
223796
223797
223798
223799
223800
223801
223802
223803
223804
223805
223806
223807
223808
223809
223810
223811
223812
223813
223814
223815
223816
223817
223818
223819
223820
223821
223822
223823
223824
223825
223826
223827
223828
223829
223830
223831
223832
223833
223834
223835
223836
223837
223838
223839
223840
223841
223842
223843
223844
223845
223846
223847
223848
223849
223850
223851
223852
223853
223854
223855
223856
223857
223858
223859
223860
223861
223862
223863
223864
223865
223866
223867
223868
223869
223870
223871
223872
223873
223874
223875
223876
223877
223878
223879
223880
223881
223882
223883
223884
223885
223886
223887
223888
223889
223890
223891
223892
223893
223894
223895
223896
223897
223898
223899
223900
223901
223902
223903
223904
223905
223906
223907
223908
223909
223910
223911
223912
223913
223914
223915
223916
223917
223918
223919
223920
223921
223922
223923
223924
223925
223926
223927
223928
223929
223930
223931
223932
223933
223934
223935
223936
223937
223938
223939
223940
223941
223942
223943
223944
223945
223946
223947
223948
223949
223950
223951
223952
223953
223954
223955
223956
223957
223958
223959
223960
223961
223962
223963
223964
223965
223966
223967
223968
223969
223970
223971
223972
223973
223974
223975
223976
223977
223978
223979
223980
223981
223982
223983
223984
223985
223986
223987
223988
223989
223990
223991
223992
223993
223994
223995
223996
223997
223998
223999
224000
224001
224002
224003
224004
224005
224006
224007
224008
224009
224010
224011
224012
224013
224014
224015
224016
224017
224018
224019
224020
224021
224022
224023
224024
224025
224026
224027
224028
224029
224030
224031
224032
224033
224034
224035
224036
224037
224038
224039
224040
224041
224042
224043
224044
224045
224046
224047
224048
224049
224050
224051
224052
224053
224054
224055
224056
224057
224058
224059
224060
224061
224062
224063
224064
224065
224066
224067
224068
224069
224070
224071
224072
224073
224074
224075
224076
224077
224078
224079
224080
224081
224082
224083
224084
224085
224086
224087
224088
224089
224090
224091
224092
224093
224094
224095
224096
224097
224098
224099
224100
224101
224102
224103
224104
224105
224106
224107
224108
224109
224110
224111
224112
224113
224114
224115
224116
224117
224118
224119
224120
224121
224122
224123
224124
224125
224126
224127
224128
224129
224130
224131
224132
224133
224134
224135
224136
224137
224138
224139
224140
224141
224142
224143
224144
224145
224146
224147
224148
224149
224150
224151
224152
224153
224154
224155
224156
224157
224158
224159
224160
224161
224162
224163
224164
224165
224166
224167
224168
224169
224170
224171
224172
224173
224174
224175
224176
224177
224178
224179
224180
224181
224182
224183
224184
224185
224186
224187
224188
224189
224190
224191
224192
224193
224194
224195
224196
224197
224198
224199
224200
224201
224202
224203
224204
224205
224206
224207
224208
224209
224210
224211
224212
224213
224214
224215
224216
224217
224218
224219
224220
224221
224222
224223
224224
224225
224226
224227
224228
224229
224230
224231
224232
224233
224234
224235
224236
224237
224238
224239
224240
224241
224242
224243
224244
224245
224246
224247
224248
224249
224250
224251
224252
224253
224254
224255
224256
224257
224258
224259
224260
224261
224262
224263
224264
224265
224266
224267
224268
224269
224270
224271
224272
224273
224274
224275
224276
224277
224278
224279
224280
224281
224282
224283
224284
224285
224286
224287
224288
224289
224290
224291
224292
224293
224294
224295
224296
224297
224298
224299
224300
224301
224302
224303
224304
224305
224306
224307
224308
224309
224310
224311
224312
224313
224314
224315
224316
224317
224318
224319
224320
224321
224322
224323
224324
224325
224326
224327
224328
224329
224330
224331
224332
224333
224334
224335
224336
224337
224338
224339
224340
224341
224342
224343
224344
224345
224346
224347
224348
224349
224350
224351
224352
224353
224354
224355
224356
224357
224358
224359
224360
224361
224362
224363
224364
224365
224366
224367
224368
224369
224370
224371
224372
224373
224374
224375
224376
224377
224378
224379
224380
224381
224382
224383
224384
224385
224386
224387
224388
224389
224390
224391
224392
224393
224394
224395
224396
224397
224398
224399
224400
224401
224402
224403
224404
224405
224406
224407
224408
224409
224410
224411
224412
224413
224414
224415
224416
224417
224418
224419
224420
224421
224422
224423
224424
