279255
279256
279257
279258
279259
279260
279261
279262
279263
279264
279265
279266
279267
279268
279269
279270
279271
279272
279273
279274
279275
279276
279277
279278
279279
279280
279281
279282
279283
279284
279285
279286
279287
279288
279289
279290
279291
279292
279293
279294
279295
279296
279297
279298
279299
279300
279301
279302
279303
279304
279305
279306
279307
279308
279309
279310
279311
279312
279313
279314
279315
279316
279317
279318
279319
279320
279321
279322
279323
279324
279325
279326
279327
279328
279329
279330
279331
279332
279333
279334
279335
279336
279337
279338
279339
279340
279341
279342
279343
279344
279345
279346
279347
279348
279349
279350
279351
279352
279353
279354
279355
279356
279357
279358
279359
279360
279361
279362
279363
279364
279365
279366
279367
279368
279369
279370
279371
279372
279373
279374
279375
279376
279377
279378
279379
279380
279381
279382
279383
279384
279385
279386
279387
279388
279389
279390
279391
279392
279393
279394
279395
279396
279397
279398
279399
279400
279401
279402
279403
279404
279405
279406
279407
279408
279409
279410
279411
279412
279413
279414
279415
279416
279417
279418
279419
279420
279421
279422
279423
279424
279425
279426
279427
279428
279429
279430
279431
279432
279433
279434
279435
279436
279437
279438
279439
279440
279441
279442
279443
279444
279445
279446
279447
279448
279449
279450
279451
279452
279453
279454
279455
279456
279457
279458
279459
279460
279461
279462
279463
279464
279465
279466
279467
279468
279469
279470
279471
279472
279473
279474
279475
279476
279477
279478
279479
279480
279481
279482
279483
279484
279485
279486
279487
279488
279489
279490
279491
279492
279493
279494
279495
279496
279497
279498
279499
279500
279501
279502
279503
279504
279505
279506
279507
279508
279509
279510
279511
279512
279513
279514
279515
279516
279517
279518
279519
279520
279521
279522
279523
279524
279525
279526
279527
279528
279529
279530
279531
279532
279533
279534
279535
279536
279537
279538
279539
279540
279541
279542
279543
279544
279545
279546
279547
279548
279549
279550
279551
279552
279553
279554
279555
279556
279557
279558
279559
279560
279561
279562
279563
279564
279565
279566
279567
279568
279569
279570
279571
279572
279573
279574
279575
279576
279577
279578
279579
279580
279581
279582
279583
279584
279585
279586
279587
279588
279589
279590
279591
279592
279593
279594
279595
279596
279597
279598
279599
279600
279601
279602
279603
279604
279605
279606
279607
279608
279609
279610
279611
279612
279613
279614
279615
279616
279617
279618
279619
279620
279621
279622
279623
279624
279625
279626
279627
279628
279629
279630
279631
279632
279633
279634
279635
279636
279637
279638
279639
279640
279641
279642
279643
279644
279645
279646
279647
279648
279649
279650
279651
279652
279653
279654
279655
279656
279657
279658
279659
279660
279661
279662
279663
279664
279665
279666
279667
279668
