195623
195624
195625
195626
195627
195628
195629
195630
195631
195632
195633
195634
195635
195636
195637
195638
195639
195640
195641
195642
195643
195644
195645
195646
195647
195648
195649
195650
195651
195652
195653
195654
195655
195656
195657
195658
195659
195660
195661
195662
195663
195664
195665
195666
195667
195668
195669
195670
195671
195672
195673
195674
195675
195676
195677
195678
195679
195680
195681
195682
195683
195684
195685
195686
195687
195688
195689
195690
195691
195692
195693
195694
195695
195696
195697
195698
195699
195700
195701
195702
195703
195704
195705
195706
195707
195708
195709
195710
195711
195712
195713
195714
195715
195716
195717
195718
195719
195720
195721
195722
195723
195724
195725
195726
195727
195728
195729
195730
195731
195732
195733
195734
195735
195736
195737
195738
195739
195740
195741
195742
195743
195744
195745
195746
195747
195748
195749
195750
195751
195752
195753
195754
195755
195756
195757
195758
195759
195760
195761
195762
195763
195764
195765
195766
195767
195768
195769
195770
195771
195772
195773
195774
195775
195776
195777
195778
195779
195780
195781
195782
195783
195784
195785
195786
195787
195788
195789
195790
195791
195792
195793
195794
195795
195796
195797
195798
195799
195800
195801
195802
195803
195804
195805
195806
195807
195808
195809
195810
195811
195812
195813
195814
195815
195816
195817
195818
195819
195820
195821
195822
195823
195824
195825
195826
195827
195828
195829
195830
195831
195832
195833
195834
195835
195836
195837
195838
195839
195840
195841
195842
195843
195844
195845
195846
195847
195848
195849
195850
195851
195852
195853
195854
195855
195856
195857
195858
195859
195860
195861
195862
195863
195864
195865
195866
195867
195868
195869
195870
195871
195872
195873
195874
195875
195876
195877
195878
195879
195880
195881
195882
195883
195884
195885
195886
195887
195888
195889
195890
195891
195892
195893
195894
195895
195896
195897
195898
195899
195900
195901
195902
195903
195904
195905
195906
195907
195908
195909
195910
195911
195912
195913
195914
195915
195916
195917
195918
195919
195920
195921
195922
195923
195924
195925
195926
195927
195928
195929
195930
195931
195932
195933
195934
195935
195936
195937
195938
195939
195940
195941
195942
195943
195944
195945
195946
195947
195948
195949
195950
195951
195952
195953
195954
195955
195956
195957
195958
195959
195960
195961
195962
195963
195964
195965
195966
195967
195968
195969
195970
195971
195972
195973
195974
195975
195976
195977
195978
195979
195980
195981
195982
195983
195984
195985
195986
195987
195988
195989
195990
195991
195992
195993
195994
195995
195996
195997
195998
195999
196000
196001
196002
196003
196004
196005
196006
196007
196008
196009
196010
196011
196012
196013
196014
196015
196016
196017
196018
196019
196020
196021
196022
196023
196024
196025
196026
196027
196028
196029
196030
196031
196032
196033
196034
196035
196036
196037
196038
196039
196040
196041
196042
196043
196044
196045
196046
196047
196048
196049
196050
196051
196052
196053
196054
196055
196056
196057
196058
196059
196060
196061
196062
196063
196064
196065
196066
196067
196068
196069
196070
196071
196072
196073
196074
196075
196076
196077
196078
196079
196080
196081
196082
196083
196084
196085
196086
196087
196088
196089
196090
196091
196092
196093
196094
196095
196096
196097
196098
196099
196100
196101
196102
196103
196104
196105
196106
196107
196108
196109
196110
196111
196112
196113
196114
196115
196116
196117
196118
196119
196120
196121
196122
196123
196124
196125
196126
196127
196128
196129
196130
196131
196132
196133
196134
196135
196136
196137
196138
196139
196140
196141
196142
196143
196144
196145
196146
196147
196148
196149
196150
196151
196152
196153
196154
196155
196156
196157
196158
196159
196160
196161
196162
196163
196164
196165
196166
196167
196168
196169
196170
196171
196172
196173
196174
196175
196176
196177
196178
196179
196180
196181
196182
196183
196184
196185
196186
196187
196188
196189
196190
196191
196192
196193
196194
196195
196196
196197
196198
196199
196200
196201
196202
196203
196204
196205
196206
196207
196208
196209
196210
196211
196212
196213
196214
196215
196216
196217
196218
196219
196220
196221
196222
196223
196224
196225
196226
196227
196228
196229
196230
196231
196232
196233
196234
196235
196236
196237
196238
196239
196240
196241
196242
196243
196244
196245
196246
196247
196248
196249
196250
196251
196252
196253
196254
196255
196256
196257
196258
196259
196260
196261
196262
196263
196264
196265
196266
196267
196268
196269
196270
196271
196272
196273
196274
196275
196276
196277
196278
196279
196280
196281
196282
196283
196284
196285
196286
196287
196288
196289
196290
196291
196292
196293
196294
196295
196296
196297
196298
196299
196300
196301
196302
196303
196304
196305
196306
196307
196308
196309
196310
196311
196312
196313
196314
196315
196316
196317
196318
196319
196320
196321
196322
196323
196324
196325
196326
196327
196328
196329
196330
196331
196332
196333
196334
196335
196336
196337
196338
196339
196340
196341
196342
196343
196344
196345
196346
196347
196348
196349
196350
196351
196352
196353
196354
196355
196356
196357
196358
196359
196360
196361
196362
196363
196364
196365
196366
196367
196368
196369
196370
196371
196372
196373
196374
196375
196376
196377
196378
196379
196380
196381
196382
196383
196384
196385
196386
196387
196388
196389
196390
196391
196392
196393
196394
196395
196396
196397
196398
196399
196400
196401
196402
196403
196404
196405
196406
196407
196408
196409
196410
196411
196412
196413
196414
196415
196416
196417
196418
196419
196420
196421
196422
196423
196424
196425
196426
196427
196428
196429
196430
196431
196432
196433
196434
196435
196436
196437
196438
196439
196440
196441
196442
196443
196444
196445
196446
196447
196448
196449
196450
196451
196452
196453
196454
196455
196456
196457
196458
196459
196460
196461
196462
196463
196464
196465
196466
196467
196468
196469
196470
196471
196472
196473
196474
196475
196476
196477
196478
196479
196480
196481
196482
196483
196484
196485
196486
196487
196488
196489
196490
196491
196492
196493
196494
196495
196496
196497
196498
196499
196500
196501
196502
196503
196504
196505
196506
196507
196508
196509
196510
196511
196512
196513
196514
196515
196516
196517
196518
196519
196520
196521
196522
196523
196524
196525
196526
196527
196528
196529
196530
196531
196532
196533
196534
196535
196536
196537
196538
196539
196540
196541
196542
196543
196544
196545
196546
196547
196548
196549
196550
196551
196552
196553
196554
196555
196556
196557
196558
196559
196560
196561
196562
196563
196564
196565
196566
196567
196568
196569
196570
196571
196572
196573
196574
196575
196576
196577
196578
196579
196580
196581
196582
196583
196584
196585
196586
196587
196588
196589
196590
196591
196592
196593
196594
196595
196596
196597
196598
196599
196600
196601
196602
196603
196604
196605
196606
196607
196608
196609
196610
196611
196612
196613
196614
196615
196616
196617
196618
196619
196620
196621
196622
196623
196624
196625
196626
196627
196628
196629
196630
196631
196632
196633
196634
196635
196636
196637
196638
196639
196640
196641
196642
196643
196644
196645
196646
196647
196648
196649
196650
196651
196652
196653
196654
196655
196656
196657
196658
196659
196660
196661
196662
196663
196664
196665
196666
196667
196668
196669
196670
196671
196672
196673
196674
196675
196676
196677
196678
196679
196680
196681
196682
196683
196684
196685
196686
196687
196688
196689
196690
196691
196692
196693
196694
196695
196696
196697
196698
196699
196700
196701
196702
196703
196704
196705
196706
196707
196708
196709
196710
196711
196712
196713
196714
196715
196716
196717
196718
196719
196720
196721
196722
196723
196724
196725
196726
196727
196728
196729
196730
196731
196732
196733
196734
196735
196736
196737
196738
196739
196740
196741
196742
196743
196744
196745
196746
196747
196748
196749
196750
196751
196752
196753
196754
196755
196756
196757
196758
196759
196760
196761
196762
196763
196764
196765
196766
196767
196768
196769
196770
196771
196772
196773
196774
196775
196776
196777
196778
196779
196780
196781
196782
196783
196784
196785
196786
196787
196788
196789
196790
196791
196792
196793
196794
196795
196796
196797
196798
196799
196800
196801
196802
196803
196804
196805
196806
196807
196808
196809
196810
196811
196812
196813
196814
196815
196816
196817
196818
196819
196820
196821
196822
196823
196824
196825
196826
196827
196828
196829
196830
196831
196832
196833
196834
196835
196836
196837
196838
196839
196840
196841
196842
196843
196844
196845
196846
196847
196848
196849
196850
196851
196852
196853
196854
196855
196856
196857
196858
196859
196860
196861
196862
196863
196864
196865
196866
196867
196868
196869
196870
196871
196872
196873
196874
196875
196876
196877
196878
196879
196880
196881
196882
196883
196884
196885
196886
196887
196888
196889
196890
196891
196892
196893
196894
196895
196896
196897
196898
196899
196900
196901
196902
196903
196904
196905
196906
196907
196908
196909
196910
196911
196912
196913
196914
196915
196916
196917
196918
196919
196920
196921
196922
196923
196924
196925
196926
196927
196928
196929
196930
196931
196932
196933
196934
196935
196936
196937
196938
196939
196940
196941
196942
196943
196944
196945
196946
196947
196948
196949
196950
196951
196952
196953
196954
196955
196956
196957
196958
196959
196960
196961
196962
196963
196964
196965
196966
196967
196968
196969
196970
196971
196972
196973
196974
196975
196976
196977
196978
196979
196980
196981
196982
196983
196984
196985
196986
196987
196988
196989
196990
196991
196992
196993
196994
196995
196996
196997
196998
196999
197000
197001
197002
197003
197004
197005
197006
197007
197008
197009
197010
197011
197012
197013
197014
197015
197016
197017
197018
197019
197020
197021
197022
197023
197024
197025
197026
197027
197028
197029
197030
197031
197032
197033
197034
197035
197036
197037
197038
197039
197040
197041
197042
197043
197044
197045
197046
197047
197048
197049
197050
197051
197052
197053
197054
197055
197056
197057
197058
197059
197060
197061
197062
197063
197064
197065
197066
197067
197068
197069
197070
197071
197072
197073
197074
197075
197076
197077
197078
197079
197080
197081
197082
197083
197084
197085
197086
197087
197088
197089
197090
197091
197092
197093
197094
197095
197096
197097
197098
197099
197100
197101
197102
197103
197104
197105
197106
197107
197108
197109
197110
197111
197112
197113
197114
197115
197116
197117
197118
197119
197120
197121
197122
197123
197124
197125
197126
197127
197128
197129
197130
197131
197132
197133
197134
197135
197136
197137
197138
197139
197140
197141
197142
197143
197144
197145
197146
197147
197148
197149
197150
197151
197152
197153
197154
197155
197156
197157
197158
197159
197160
197161
197162
197163
197164
197165
197166
197167
197168
197169
197170
197171
197172
197173
197174
197175
197176
197177
197178
197179
197180
197181
197182
197183
197184
197185
197186
197187
197188
197189
197190
197191
197192
197193
197194
197195
197196
197197
197198
197199
197200
197201
197202
197203
197204
197205
197206
197207
197208
197209
197210
197211
197212
197213
197214
197215
197216
197217
197218
197219
197220
197221
197222
197223
197224
197225
197226
197227
197228
197229
197230
197231
197232
197233
197234
197235
197236
197237
197238
197239
197240
197241
197242
197243
197244
197245
197246
197247
197248
197249
197250
197251
197252
197253
197254
197255
197256
197257
197258
197259
197260
197261
197262
197263
197264
197265
197266
197267
197268
197269
197270
197271
197272
197273
197274
197275
197276
197277
197278
197279
197280
197281
197282
197283
197284
197285
197286
197287
197288
197289
197290
197291
197292
197293
197294
197295
197296
197297
197298
197299
197300
197301
197302
197303
197304
197305
197306
197307
197308
197309
197310
197311
197312
197313
197314
197315
197316
197317
197318
197319
197320
197321
197322
197323
197324
197325
197326
197327
197328
197329
197330
197331
197332
197333
197334
197335
197336
197337
197338
197339
197340
197341
197342
197343
197344
197345
197346
197347
197348
197349
197350
197351
197352
197353
197354
197355
197356
197357
197358
197359
197360
197361
197362
197363
197364
197365
197366
197367
197368
197369
197370
197371
197372
197373
197374
197375
197376
197377
197378
197379
197380
197381
197382
197383
197384
197385
197386
197387
197388
197389
197390
197391
197392
197393
197394
197395
197396
197397
197398
197399
197400
197401
197402
197403
197404
197405
197406
197407
197408
197409
197410
197411
197412
197413
197414
197415
197416
197417
197418
197419
197420
197421
197422
197423
197424
197425
197426
197427
197428
197429
197430
197431
197432
197433
197434
197435
197436
197437
197438
197439
197440
197441
197442
197443
197444
197445
197446
197447
197448
197449
197450
197451
197452
197453
197454
197455
197456
197457
197458
197459
197460
197461
197462
197463
197464
197465
197466
197467
197468
197469
197470
197471
197472
197473
197474
197475
197476
197477
197478
197479
197480
197481
197482
197483
197484
197485
197486
197487
197488
197489
197490
197491
197492
197493
197494
197495
197496
197497
197498
197499
197500
197501
197502
197503
197504
197505
197506
197507
197508
197509
197510
197511
197512
197513
197514
197515
197516
197517
197518
197519
197520
197521
197522
197523
197524
197525
197526
197527
197528
197529
197530
197531
197532
197533
197534
197535
197536
197537
197538
197539
197540
197541
197542
197543
197544
197545
197546
197547
197548
197549
197550
197551
197552
197553
197554
197555
197556
197557
197558
197559
197560
197561
197562
197563
197564
197565
197566
197567
197568
197569
197570
197571
197572
197573
197574
197575
197576
197577
197578
197579
197580
197581
197582
197583
197584
197585
197586
197587
197588
197589
197590
197591
197592
197593
197594
197595
197596
197597
197598
197599
197600
197601
197602
197603
197604
197605
197606
197607
197608
197609
197610
197611
197612
197613
197614
197615
197616
197617
197618
197619
197620
197621
197622
197623
197624
197625
197626
197627
197628
197629
197630
197631
197632
197633
197634
197635
197636
197637
197638
197639
197640
197641
197642
197643
197644
197645
197646
197647
197648
197649
197650
197651
197652
197653
197654
197655
197656
197657
197658
197659
197660
197661
197662
197663
197664
197665
197666
197667
197668
197669
197670
197671
197672
197673
197674
197675
197676
197677
197678
197679
197680
197681
197682
197683
197684
197685
197686
197687
197688
197689
197690
197691
197692
197693
197694
197695
197696
197697
197698
197699
197700
197701
197702
197703
197704
197705
197706
197707
197708
197709
197710
197711
197712
197713
197714
197715
197716
197717
197718
197719
197720
197721
197722
197723
197724
197725
197726
197727
197728
197729
197730
197731
197732
197733
197734
197735
197736
197737
197738
197739
197740
197741
197742
197743
197744
197745
197746
197747
197748
197749
197750
197751
197752
197753
197754
197755
197756
197757
197758
197759
197760
197761
197762
197763
197764
197765
197766
197767
197768
197769
197770
197771
197772
197773
197774
197775
197776
197777
197778
197779
197780
197781
197782
197783
197784
197785
197786
197787
197788
197789
197790
197791
197792
197793
197794
197795
197796
197797
197798
197799
197800
197801
197802
197803
197804
197805
197806
197807
197808
197809
197810
197811
197812
197813
197814
197815
197816
197817
197818
197819
197820
197821
197822
197823
197824
197825
197826
197827
197828
197829
197830
197831
197832
197833
197834
197835
197836
197837
197838
197839
197840
197841
197842
197843
197844
197845
197846
197847
197848
197849
197850
197851
197852
197853
197854
197855
197856
197857
197858
197859
197860
197861
197862
197863
197864
197865
197866
197867
197868
197869
197870
197871
197872
197873
197874
197875
197876
197877
197878
197879
197880
197881
197882
197883
197884
197885
197886
197887
197888
197889
197890
197891
197892
197893
197894
197895
197896
197897
197898
197899
197900
197901
197902
197903
197904
197905
197906
197907
197908
197909
197910
197911
197912
197913
197914
197915
197916
197917
197918
197919
197920
197921
197922
197923
197924
197925
197926
197927
197928
197929
197930
197931
197932
197933
197934
197935
197936
197937
197938
197939
197940
197941
197942
197943
197944
197945
197946
197947
197948
197949
197950
197951
197952
197953
197954
197955
197956
197957
197958
197959
197960
197961
197962
197963
197964
197965
197966
197967
197968
197969
197970
197971
197972
197973
197974
197975
197976
197977
197978
197979
197980
197981
197982
197983
197984
197985
197986
197987
197988
197989
197990
197991
197992
197993
197994
197995
197996
197997
197998
197999
198000
198001
198002
198003
198004
198005
198006
198007
198008
198009
198010
198011
198012
198013
198014
198015
198016
198017
198018
198019
198020
198021
198022
198023
198024
198025
198026
198027
198028
198029
198030
198031
198032
198033
198034
198035
198036
198037
198038
198039
198040
198041
198042
198043
198044
198045
198046
198047
198048
198049
198050
198051
198052
198053
198054
198055
198056
198057
198058
198059
198060
198061
198062
198063
198064
198065
198066
198067
198068
198069
198070
198071
198072
198073
198074
198075
198076
198077
198078
198079
198080
198081
198082
198083
198084
198085
198086
198087
198088
198089
198090
198091
198092
198093
198094
198095
198096
198097
198098
198099
198100
198101
198102
198103
198104
198105
198106
198107
198108
198109
198110
198111
198112
198113
198114
198115
198116
198117
198118
198119
198120
198121
198122
198123
198124
198125
198126
198127
198128
198129
198130
198131
198132
198133
198134
198135
198136
198137
198138
198139
198140
198141
198142
198143
198144
198145
198146
198147
198148
198149
198150
198151
198152
198153
198154
198155
198156
198157
198158
198159
198160
198161
198162
198163
198164
198165
198166
198167
198168
198169
198170
198171
198172
198173
198174
198175
198176
198177
198178
198179
198180
198181
198182
198183
198184
198185
198186
198187
198188
198189
198190
198191
198192
198193
198194
198195
198196
198197
198198
198199
198200
198201
198202
198203
198204
198205
198206
198207
198208
198209
198210
198211
198212
198213
198214
198215
198216
198217
198218
198219
198220
198221
198222
198223
198224
198225
198226
198227
198228
198229
198230
198231
198232
198233
198234
198235
198236
198237
198238
198239
198240
198241
198242
198243
198244
198245
198246
198247
198248
198249
198250
198251
198252
198253
198254
198255
198256
198257
198258
198259
198260
198261
198262
198263
198264
198265
198266
198267
198268
198269
198270
198271
198272
198273
198274
198275
198276
198277
198278
198279
198280
198281
198282
198283
198284
198285
198286
198287
198288
198289
198290
198291
198292
198293
198294
198295
198296
198297
198298
198299
198300
198301
198302
198303
198304
198305
198306
198307
198308
198309
198310
198311
198312
198313
198314
198315
198316
198317
198318
198319
198320
198321
198322
198323
198324
198325
198326
198327
198328
198329
198330
198331
198332
198333
198334
198335
198336
198337
198338
198339
198340
198341
198342
198343
198344
198345
198346
198347
198348
198349
198350
198351
198352
198353
198354
198355
198356
198357
198358
198359
198360
198361
198362
198363
198364
198365
198366
198367
198368
198369
198370
198371
198372
198373
198374
198375
198376
198377
198378
198379
198380
198381
198382
198383
198384
198385
198386
198387
198388
198389
198390
198391
198392
198393
198394
198395
198396
198397
198398
198399
198400
198401
198402
198403
198404
198405
198406
198407
198408
198409
198410
198411
198412
198413
198414
198415
198416
198417
198418
198419
198420
198421
198422
198423
198424
198425
198426
198427
198428
198429
198430
198431
198432
198433
198434
198435
198436
198437
198438
198439
198440
198441
198442
198443
198444
198445
198446
198447
198448
198449
198450
198451
198452
198453
198454
198455
198456
198457
198458
198459
198460
198461
198462
198463
198464
198465
198466
198467
198468
198469
198470
198471
198472
198473
198474
198475
198476
198477
198478
198479
198480
198481
198482
198483
198484
198485
198486
198487
198488
198489
198490
198491
198492
198493
198494
198495
198496
198497
198498
198499
198500
198501
198502
198503
198504
198505
198506
198507
198508
198509
198510
198511
198512
198513
198514
198515
198516
198517
198518
198519
198520
198521
198522
198523
198524
198525
198526
198527
198528
198529
198530
198531
198532
198533
198534
198535
198536
198537
198538
198539
198540
198541
198542
198543
198544
198545
198546
198547
198548
198549
198550
198551
198552
198553
198554
198555
198556
198557
198558
198559
198560
198561
198562
198563
198564
198565
198566
198567
198568
198569
198570
198571
198572
198573
198574
198575
198576
198577
198578
198579
198580
198581
198582
198583
198584
198585
198586
198587
198588
198589
198590
198591
198592
198593
198594
198595
198596
198597
198598
198599
198600
198601
198602
198603
198604
198605
198606
198607
198608
198609
198610
198611
198612
198613
198614
198615
198616
198617
198618
198619
198620
198621
198622
198623
198624
198625
198626
198627
198628
198629
198630
198631
198632
198633
198634
198635
198636
198637
198638
198639
198640
198641
198642
198643
198644
198645
198646
198647
198648
198649
198650
198651
198652
198653
198654
198655
198656
198657
198658
198659
198660
198661
198662
198663
198664
198665
198666
198667
198668
198669
198670
198671
198672
198673
198674
198675
198676
198677
198678
198679
198680
198681
198682
198683
198684
198685
198686
198687
198688
198689
198690
198691
198692
198693
198694
198695
198696
198697
198698
198699
198700
198701
198702
198703
198704
198705
198706
198707
198708
198709
198710
198711
198712
198713
198714
198715
198716
198717
198718
198719
198720
198721
198722
198723
198724
198725
198726
198727
198728
198729
198730
198731
198732
198733
198734
198735
198736
198737
198738
198739
198740
198741
198742
198743
198744
198745
198746
198747
198748
198749
198750
198751
198752
198753
198754
198755
198756
198757
198758
198759
198760
198761
198762
198763
198764
198765
198766
198767
198768
198769
198770
198771
198772
198773
198774
198775
198776
198777
198778
198779
198780
198781
198782
198783
198784
198785
198786
198787
198788
198789
198790
198791
198792
198793
198794
198795
