187969
187970
187971
187972
187973
187974
187975
187976
187977
187978
187979
187980
187981
187982
187983
187984
187985
187986
187987
187988
187989
187990
187991
187992
187993
187994
187995
187997
187998
187999
188000
188001
188002
188003
188004
188005
188006
188007
188008
188009
188010
188011
188012
188013
188014
188015
188016
188017
188018
188019
188020
188021
188022
188023
188024
188025
188026
188027
188028
188029
188031
188032
188033
188034
188035
188036
188037
188038
188039
188040
188041
188042
188043
188044
188045
188046
188047
188048
188049
188050
188051
188052
188053
188054
188055
188056
188057
188058
188059
188060
188061
188062
188063
188064
188065
188066
188067
188068
188069
188070
188071
188072
188073
188074
188075
188076
188077
188078
188079
188080
188081
188082
188083
188084
188085
188086
188087
188088
188089
188090
188091
188092
188093
188094
188095
188096
188097
188098
188099
188100
188101
188102
188103
188104
188105
188106
188107
188108
188109
188110
188111
188112
188113
188114
188115
188116
188117
188118
188119
188120
188121
188122
188123
188124
188125
188126
188127
188128
188129
188130
188131
188132
188133
188134
188135
188136
188137
188138
188139
188140
188141
188142
188143
188144
188145
188146
188147
188148
188149
188150
188151
188152
188153
188154
188155
188156
188157
188158
188159
188160
188161
188162
188163
188164
188165
188166
188167
188168
188169
188170
188171
188172
188173
188174
188175
188176
188177
188178
188179
188180
188181
188182
188183
188184
188185
188186
188187
188188
188189
188190
188191
188192
188193
188194
188195
188196
188197
188198
188199
188200
188201
188202
188203
188204
188205
188206
188207
188208
188209
188210
188211
188212
188213
188214
188215
188216
188217
188218
188219
188220
188221
188222
188223
188224
188225
188226
188227
188228
188229
188230
188231
188232
188233
188234
188235
188236
188237
188238
188239
188240
188241
188242
188243
188244
188245
188246
188247
188248
188249
188250
188251
188252
188253
188254
188255
188256
188257
188258
188259
188260
188261
188262
188263
188264
188265
188266
188267
188268
188269
188270
188271
188272
188273
188274
188275
188276
188277
188278
188279
188280
188281
188282
188283
188284
188285
188286
188287
188288
188289
188290
188291
188292
188293
188294
188295
188296
188297
188298
188299
188300
188301
188302
188303
188304
188305
188306
188307
188308
188309
188310
188311
188312
188313
188314
188315
188316
188317
188318
188319
188320
188321
188322
188323
188324
188325
188326
188327
188328
188329
188330
188331
188332
188333
188334
188335
188336
188337
188338
188339
188340
188341
188342
188343
188344
188345
188346
188347
188348
188349
188350
188351
188352
188353
188354
188355
188356
188357
188358
188359
188360
188361
188362
188363
188364
188365
188366
188367
188368
188369
188370
188371
188372
188373
188374
188375
188376
188377
188378
188379
188380
188381
188382
188383
188384
188385
188386
188387
188388
188389
188390
188391
188392
188393
188394
188395
188396
188397
188398
188399
188400
188401
188402
188403
188404
188405
188406
188407
188408
188409
188410
188411
188412
188413
188414
188415
188416
188417
188418
188419
188420
188421
188422
188423
188424
188425
188426
188427
188428
188429
188430
188431
188432
188433
188434
188435
188436
188437
188438
188439
188440
188441
188442
188443
188444
188445
188446
188447
188448
188449
188450
188451
188452
188453
188454
188455
188456
188457
188458
188459
188460
188461
188462
188463
188464
188465
188466
188467
188468
188469
188470
188471
188472
188473
188474
188475
188476
188477
188478
188479
188480
188481
188482
188483
188484
188485
188486
188487
188488
188489
188490
188491
188492
188493
188494
188495
188496
188497
188498
188499
188500
188501
188502
188503
188504
188505
188506
188507
188508
188509
188510
188511
188512
188513
188514
188515
188516
188517
188518
188519
188520
188521
188522
188523
188524
188525
188526
188527
188528
188529
188530
188531
188532
188533
188534
188535
188536
188537
188538
188539
188540
188541
188542
188543
188544
188545
188546
188547
188548
188549
188550
188551
188552
188553
188554
188555
188556
188557
188558
188559
188560
188561
188562
188563
188564
188565
188566
188567
188568
188569
188570
188571
188572
188573
188574
188575
188576
188577
188578
188579
188580
188581
188582
188583
188584
188585
188586
188587
188588
188589
188590
188591
188592
188593
188594
188595
188596
188597
188598
188599
188600
188601
188602
188603
188604
188605
188606
188607
188608
188609
188610
188611
188612
188613
188614
188615
188616
188617
188618
188619
188620
188621
188622
188623
188624
188625
188626
188627
188628
188629
188630
188631
188632
188633
188634
188635
188636
188637
188638
188639
188640
188641
188642
188643
188644
188645
188646
188647
188648
188649
188650
188651
188652
188653
188654
188655
188656
188657
188658
188659
188660
188661
188662
188663
188664
188665
188666
188667
188668
188669
188670
188671
188672
188673
188674
188675
188676
188677
188678
188679
188680
188681
188682
188683
188684
188685
188686
188687
188688
188689
188690
188691
188692
188693
188694
188695
188696
188697
188698
188699
188700
188701
188702
188703
188704
188705
188706
188707
188708
188709
188710
188711
188712
188713
188714
188715
188716
188717
188718
188719
188720
188721
188722
188723
188724
188725
188726
188727
188728
188729
188730
188731
188732
188733
188734
188735
188736
188737
188738
188739
188740
188741
188742
188743
188744
188745
188746
188747
188748
188749
188750
188751
188752
188753
188754
188755
188756
188757
188758
188759
188760
188761
188762
188763
188764
188765
188766
188767
188768
188769
188770
188771
188772
188773
188774
188775
188776
188777
188778
188779
188780
188781
188782
188783
188784
188785
188786
188787
188788
188789
188790
188791
188792
188793
188794
188795
188796
188797
188798
188799
188800
188801
188802
188803
188804
188805
188806
188807
188808
188809
188810
188811
188812
188813
188814
188815
188816
188817
188818
188819
188820
188821
188822
188823
188824
188825
188826
188827
188828
188829
188830
188831
188832
188833
188834
188835
188836
188837
188838
188839
188840
188841
188842
188843
188844
188845
188846
188847
188848
188849
188850
188851
188852
188853
188854
188855
188856
188857
188858
188859
188860
188861
188862
188863
188864
188865
188866
188867
188868
188869
188870
188871
188872
188873
188874
188875
188876
188877
188878
188879
188880
188881
188882
188883
188884
188885
188886
188887
188888
188889
188890
188891
188892
188893
188894
188895
188896
188897
188898
188899
188900
188901
188902
188903
188904
188905
188906
188907
188908
188909
188910
188911
188912
188913
188914
188915
188916
188917
188918
188919
188920
188921
188922
188923
188924
188925
188926
188927
188928
188929
188930
188931
188932
188933
188934
188935
188936
188937
188938
188939
188940
188941
188942
188943
188944
188945
188946
188947
188948
188949
188950
188951
188952
188953
188954
188955
188956
188957
188958
188959
188960
188961
188962
188963
188964
188965
188966
188967
188968
188969
188970
188971
188972
188973
188974
188975
188976
188977
188978
188979
188980
188981
188982
188983
188984
188985
188986
188987
188988
188989
188990
188991
188992
188993
188994
188995
188996
188997
188998
188999
189000
189001
189002
189003
189004
189005
189006
189007
189008
189009
189010
189011
189012
189013
189014
189015
189016
189017
189018
189019
189020
189021
189022
189023
189024
189025
189026
189027
189028
189029
189030
189031
189032
189033
189034
189035
189036
189037
189038
189039
189040
189041
189042
189043
189044
189045
189046
189047
189048
189049
189050
189051
189052
189053
189054
189055
189056
189057
189058
189059
189060
189061
189062
189063
189064
189065
189066
189067
189068
189069
189070
189071
189072
189073
189074
189075
189076
189077
189078
189079
189080
189081
189082
189083
189084
189085
189086
189087
189088
189089
189090
189091
189092
189093
189094
189095
189096
189097
189098
189099
189100
189101
189102
189103
189104
189105
189106
189107
189108
189109
189110
189111
189112
189113
189114
189115
189116
189117
189118
189119
189120
189121
189122
189123
189124
189125
189126
189127
189128
189129
189130
189131
189132
189133
189134
189135
189136
189137
189138
189139
189140
189141
189142
189143
189144
189145
189146
189147
189148
189149
189150
189151
189152
189153
189154
189155
189156
189157
189158
189159
189160
189161
189162
189163
189164
189165
189166
189167
189168
189169
189170
189171
189172
189173
189174
189175
189176
189177
189178
189179
189180
189181
189182
189183
189184
189185
189186
189187
189188
189189
189190
189191
189192
189193
189194
189195
189196
189197
189198
189199
189200
189201
189202
189203
189204
189205
189206
189207
189208
189209
189210
189211
189212
189213
189214
189215
189216
189217
189218
189219
189220
189221
189222
189223
189224
189225
189226
189227
189228
189229
189230
189231
189232
189233
189234
189235
189236
189237
189238
189239
189240
189241
189242
189243
189244
189245
189246
189247
189248
189249
189250
189251
189252
189253
189254
189255
189256
189257
189258
189259
189260
189261
189262
189263
189264
189265
189266
189267
189268
189269
189270
189271
189272
189273
189274
189275
189276
189277
189278
189279
189280
189281
189282
189283
189284
189285
189286
189287
189288
189289
189290
189291
189292
189293
189294
189295
189296
189297
189298
189299
189300
189301
189302
189303
189304
189305
189306
189307
189308
189309
189310
189311
189312
189313
189314
189315
189316
189317
189318
189319
189320
189321
189322
189323
189324
189325
189326
189327
189328
189329
189330
189331
189332
189333
189334
189335
189336
189337
189338
189339
189340
189341
189342
189343
189344
189345
189346
189347
189348
189349
189350
189351
189352
189353
189354
189355
189356
189357
189358
189359
189360
189361
189362
189363
189364
189365
189366
189367
189368
189369
189370
189371
189372
189373
189374
189375
189376
189377
189378
189379
189380
189381
189382
189383
189384
189385
189386
189387
189388
189389
189390
189391
189392
189393
189394
189395
189396
189397
189398
189399
189400
189401
189402
189403
189404
189405
189406
189407
189408
189409
189410
189411
189412
189413
189414
189415
189416
189417
189418
189419
189420
189421
189422
189423
189424
189425
189426
189427
189428
189429
189430
189431
189432
189433
189434
189435
189436
189437
189438
189439
189440
189441
189442
189443
189444
189445
189446
189447
189448
189449
189450
189451
189452
189453
189454
189455
189456
189457
189458
189459
189460
189461
189462
189463
189464
189465
189466
189467
189468
189469
189470
189471
189472
189473
189474
189475
189476
189477
189478
189479
189480
189481
189482
189483
189484
189485
189486
189487
189488
189489
189490
189491
189492
189493
189494
189495
189496
189497
189498
189499
189500
189501
189502
189503
189504
189505
189506
189507
189508
189509
189510
189511
189512
189513
189514
189515
189516
189517
189518
189519
189520
189521
189522
189523
189524
189525
189526
189527
189528
189529
189530
189531
189532
189533
189534
189535
189536
189537
189538
189539
189540
189541
189542
189543
189544
189545
189546
189547
189548
189549
189550
189551
189552
189553
189554
189555
189556
189557
189558
189559
189560
189561
189562
189563
189564
189565
189566
189567
189568
189569
189570
189571
189572
189573
189574
189575
189576
189577
189578
189579
189580
189581
189582
189583
189584
189585
189586
189587
189588
189589
189590
189591
189592
189593
189594
189595
189596
189597
189598
189599
189600
189601
189602
189603
189604
189605
189606
189607
189608
189609
189610
189611
189612
189613
189614
189615
189616
189617
189618
189619
189620
189621
189622
189623
189624
189625
189626
189627
189628
189629
189630
189631
189632
189633
189634
189635
189636
189637
189638
189639
189640
189641
189642
189643
189644
189645
189646
189647
189648
189649
189650
189651
189652
189653
189654
189655
189656
189657
189658
189659
189660
189661
189662
189663
189664
189665
189666
189667
189668
189669
189670
189671
189672
189673
189674
189675
189676
189677
189678
189679
189680
189681
189682
189683
189684
189685
189686
189687
189688
189689
189690
189691
189692
189693
189694
189695
189696
189697
189698
189699
189700
189701
189702
189703
189704
189705
189706
189707
189708
189709
189710
189711
189712
189713
189714
189715
189716
189717
189718
189719
189720
189721
189722
189723
189724
189725
189726
189727
189728
189729
189730
189731
189732
189733
189734
189735
189736
189737
189738
189739
189740
189741
189742
189743
189744
189745
189746
189747
189748
189749
189750
189751
189752
189753
189754
189755
189756
189757
189758
189759
189760
189761
189762
189763
189764
189765
189766
189767
189768
189769
189770
189771
189772
189773
189774
189775
189776
189777
189778
189779
189780
189781
189782
189783
189784
189785
189786
189787
189788
189789
189790
189791
189792
189793
189794
189795
189796
189797
189798
189799
189800
189801
189802
189803
189804
189805
189806
189807
189808
189809
189810
189811
189812
189813
189814
189815
189816
189817
189818
189819
189820
189821
189822
189823
189824
189825
189826
189827
189828
189829
189830
189831
189832
189833
189834
189835
189836
189837
189838
189839
189840
189841
189842
189843
189844
189845
189846
189847
189848
189849
189850
189851
189852
189853
189854
189855
189856
189857
189858
189859
189860
189861
189862
189863
189864
189865
189866
189867
189868
189869
189870
189871
189872
189873
189874
189875
189876
189877
189878
189879
189880
189881
189882
189883
189884
189885
189886
189887
189888
189889
189890
189891
189892
189893
189894
189895
189896
189897
189898
189899
189900
189901
189902
189903
189904
189905
189906
189907
189908
189909
189910
189911
189912
189913
189914
189915
189916
189917
189918
189919
189920
189921
189922
189923
189924
189925
189926
189927
189928
189929
189930
189931
189932
189933
189934
189935
189936
189937
189938
189939
189940
189941
189942
189943
189944
189945
189946
189947
189948
189949
189950
189951
189952
189953
189954
189955
189956
189957
189958
189959
189960
189961
189962
189963
189964
189965
189966
189967
189968
189969
189970
189971
189972
189973
189974
189975
189976
189977
189978
189979
189980
189981
189982
189983
189984
189985
189986
189987
189988
189989
189990
189991
189992
189993
189994
189995
189996
189997
189998
189999
190000
190001
190002
190003
190004
190005
190006
190007
190008
190009
190010
190011
190012
190013
190014
190015
190016
190017
190018
190019
190020
190021
190022
190023
190024
190025
190026
190027
190028
190029
190030
190031
190032
190033
190034
190035
190036
190037
190038
190039
190040
190041
190042
190043
190044
190045
190046
190047
190048
190049
190050
190051
190052
190053
190054
190055
190056
190057
190058
190059
190060
190061
190062
190063
190064
190065
190066
190067
190068
190069
190070
190071
190072
190073
190074
190075
190076
190077
190078
190079
190080
190081
190082
190083
190084
190085
190086
190087
190088
190089
190090
190091
190092
190093
190094
190095
190096
190097
190098
190099
190100
190101
190102
190103
190104
190105
190106
190107
190108
190109
190110
190111
190112
190113
190114
190115
190116
190117
190118
190119
190120
190121
190122
190123
190124
190125
190126
190127
190128
190129
190130
190131
190132
190133
190134
190135
190136
190137
190138
190139
190140
190141
190142
190143
190144
190145
190146
190147
190148
190149
190150
190151
190152
190153
190154
190155
190156
190157
190158
190159
190160
190161
190162
190163
190164
190165
190166
190167
190168
190169
190170
190171
190172
190173
190174
190175
190176
190177
190178
190179
190180
190181
190182
190183
190184
190185
190186
190187
190188
190189
190190
190191
190192
190193
190194
190195
190196
190197
190198
190199
190200
190201
190202
190203
190204
190205
190206
190207
190208
190209
190210
190211
190212
190213
190214
190215
190216
190217
190218
190219
190220
190221
190222
190223
190224
190225
190226
190227
190228
190229
190230
190231
190232
190233
190234
190235
190236
190237
190238
190239
190240
190241
190242
190243
190244
190245
190246
190247
190248
190249
190250
190251
190252
190253
190254
190255
190256
190257
190258
190259
190260
190261
190262
190263
190264
190265
190266
190267
190268
190269
190270
190271
190272
190273
190274
190275
190276
190277
190278
190279
190280
190281
190282
190283
190284
190285
190286
190287
190288
190289
190290
190291
190292
190293
190294
190295
190296
190297
190298
190299
190300
190301
190302
190303
190304
190305
190306
190307
190308
190309
190310
190311
190312
190313
190314
190315
190316
190317
190318
190319
190320
190321
190322
190323
190324
190325
190326
190327
190328
190329
190330
190331
190332
190333
190334
190335
190336
190337
190338
190339
190340
190341
190342
190343
190344
190345
190346
190347
190348
190349
190350
190351
190352
190353
190354
190355
190356
190357
190358
190359
190360
190361
190362
190363
190364
190365
190366
190367
190368
190369
190370
190371
190372
190373
190374
190375
190376
190377
190378
190379
190380
190381
190382
190383
190384
190385
190386
190387
190388
190389
190390
190391
190392
190393
190394
190395
190396
190397
190398
190399
190400
190401
190402
190403
190404
190405
190406
190407
190408
190409
190410
190411
190412
190413
190414
190415
190416
190417
190418
190419
190420
190421
190422
190423
190424
190425
190426
190427
190428
190429
190430
190431
190432
190433
190434
190435
190436
190437
190438
190439
190440
190441
190442
190443
190444
190445
190446
190447
190448
190449
190450
190451
190452
190453
190454
190455
190456
190457
190458
190459
190460
190461
190462
190463
190464
190465
190466
190467
190468
190469
190470
190471
190472
190473
190474
190475
190476
190477
190478
190479
190480
190481
190482
190483
190484
190485
190486
190487
190488
190489
190490
190491
190492
190493
190494
190495
190496
190497
190498
190499
190500
190501
190502
190503
190504
190505
190506
190507
190508
190509
190510
190511
190512
190513
190514
190515
190516
190517
190518
190519
190520
190521
190522
190523
190524
190525
190526
190527
190528
190529
190530
190531
190532
190533
190534
190535
190536
190537
190538
190539
190540
190541
190542
190543
190544
190545
190546
190547
190548
190549
190550
190551
190552
190553
190554
190555
190556
190557
190558
190559
190560
190561
190562
190563
190564
190565
190566
190567
190568
190569
190570
190571
190572
190573
190574
190575
190576
190577
190578
190579
190580
190581
190582
190583
190584
190585
190586
190587
190588
190589
190590
190591
190592
190593
190594
190595
190596
190597
190598
190599
190600
190601
190602
190603
190604
190605
190606
190607
190608
190609
190610
190611
190612
190613
190614
190615
190616
190617
190618
190619
190620
190621
190622
190623
190624
190625
190626
190627
190628
190629
190630
190631
190632
190633
190634
190635
190636
190637
190638
190639
190640
190641
190642
190643
190644
190645
190646
190647
190648
190649
190650
190651
190652
190653
190654
190655
190656
190657
190658
190659
190660
190661
190662
190663
190664
190665
190666
190667
190668
190669
190670
190671
190672
190673
190674
190675
190676
190677
190678
190679
190680
190681
190682
190683
190684
190685
190686
190687
190688
190689
190690
190691
190692
190693
190694
190695
190696
190697
190698
190699
190700
190701
190702
190703
190704
190705
190706
190707
190708
190709
190710
190711
190712
190713
190714
190715
190716
190717
190718
190719
190720
190721
190722
190723
190724
190725
190726
190727
190728
190729
190730
190731
190732
190733
190734
190735
190736
190737
190738
190739
190740
190741
190742
190743
190744
190745
190746
190747
190748
190749
190750
190751
190752
190753
190754
190755
190756
190757
190758
190759
190760
190761
190762
190763
190764
190765
190766
190767
190768
190769
190770
190771
190772
190773
190774
190775
190776
190777
190778
190779
190780
190781
190782
190783
190784
190785
190786
190787
190788
190789
190790
190791
190792
190793
190794
190795
190796
190797
190798
190799
190800
190801
190802
190803
190804
190805
190806
190807
190808
190809
190810
190811
190812
190813
190814
190815
190816
190817
190818
190819
190820
190821
190822
190823
190824
190825
190826
190827
190828
190829
190830
190831
190832
190833
190834
190835
190836
190837
190838
190839
190840
190841
190842
190843
190844
190845
190846
190847
190848
190849
190850
190851
190852
190853
190854
190855
190856
190857
190858
190859
190860
190861
190862
190863
190864
190865
190866
190867
190868
190869
190870
190871
190872
190873
190874
190875
190876
190877
190878
190879
190880
190881
190882
190883
190884
190885
190886
190887
190888
190889
190890
190891
190892
190893
190894
190895
190896
190897
190898
190899
190900
190901
190902
190903
190904
190905
190906
190907
190908
190909
190910
190911
190912
190913
190914
190915
190916
190917
190918
190919
190920
190921
190922
190923
190924
190925
190926
190927
190928
190929
190930
190931
190932
190933
190934
190935
190936
190937
190938
190939
190940
190941
190942
190943
190944
190945
190946
190947
190948
190949
190950
190951
190952
190953
190954
190955
190956
190957
190958
190959
190960
190961
190962
190963
190964
190965
190966
190967
190968
190969
190970
190971
190972
190973
190974
190975
190976
190977
190978
190979
190980
190981
190982
190983
190984
190985
190986
190987
190988
190989
190990
190991
190992
190993
190994
190995
190996
190997
190998
190999
191000
191001
191002
191003
191004
191005
191006
191007
191008
191009
191010
191011
191012
191013
191014
191015
191016
191017
191018
191019
191020
191021
191022
191023
191024
191025
191026
191027
191028
191029
191030
191031
191032
191033
191034
191035
191036
191037
191038
191039
191040
191041
191042
191043
191044
191045
191046
191047
191048
191049
191050
191051
191052
191053
191054
191055
191056
191057
191058
191059
191060
191061
191062
191063
191064
191065
191066
