138955
138956
138957
138958
138959
138960
138961
138962
138963
138964
138965
138966
138967
138968
138969
138970
138971
138972
138973
138974
138975
138976
138977
138978
138979
138980
138981
138982
138983
138984
138985
138986
138987
138988
138989
138990
138991
138992
138993
138994
138995
138996
138997
138998
138999
139000
139001
139002
139003
139004
139005
139006
139007
139008
139009
139010
139011
139012
139013
139014
139015
139016
139017
139018
139019
139020
139021
139022
139023
139024
139025
139026
139027
139028
139029
139030
139031
139032
139033
139034
139035
139036
139037
139038
139039
139040
139041
139042
139043
139044
139045
139046
139047
139048
139049
139050
139051
139052
139053
139054
139055
139056
139057
139058
139059
139060
139061
139062
139063
139064
139065
139066
139067
139068
139069
139070
139071
139072
139073
139074
139075
139076
139077
139078
139079
139080
139081
139082
139083
139084
139085
139086
139087
139088
139089
139090
139091
139092
139093
139094
139095
139096
139097
139098
139099
139100
139101
139102
139103
139104
139105
139106
139107
139108
139109
139110
139111
139112
139113
139114
139115
139116
139117
139118
139119
139120
139121
139122
139123
139124
139125
139126
139127
139128
139129
139130
139131
139132
139133
139134
139135
139136
139137
139138
139139
139140
139141
139142
139143
139144
139145
139146
139147
139148
139149
139150
139151
139152
139153
139154
139155
139156
139157
139158
139159
139160
139161
139162
139163
139164
139165
139166
139167
139168
139169
139170
139171
139172
139173
139174
139175
139176
139177
139178
139179
139180
139181
139182
139183
139184
139185
139186
139187
139188
139189
139190
139191
139192
139193
139194
139195
139196
139197
139198
139199
139200
139201
139202
139203
139204
139205
139206
139207
139208
139209
139210
139211
139212
139213
139214
139215
139216
139217
139218
139219
139220
139221
139222
139223
139224
139225
139226
139227
139228
139229
139230
139231
139232
139233
139234
139235
139236
139237
139238
139239
139240
139241
139242
139243
139244
139245
139246
139247
139248
139249
139250
139251
139252
139253
139254
139255
139256
139257
139258
139259
139260
139261
139262
139263
139264
139265
139266
139267
139268
139269
139270
139271
139272
139273
139274
139275
139276
139277
139278
139279
139280
139281
139282
139283
139284
139285
139286
139287
139288
139289
139290
139291
139292
139293
139294
139295
139296
139297
139298
139299
139300
139301
139302
139303
139304
139305
139306
139307
139308
139309
139310
139311
139312
139313
139314
139315
139316
139317
139318
139319
139320
139321
139322
139323
139324
139325
139326
139327
139328
139329
139330
139331
139332
139333
139334
139335
139336
139337
139338
139339
139340
139341
139342
139343
139344
139345
139346
139347
139348
139349
139350
139351
139352
139353
139354
139355
139356
139357
139358
139359
139360
139361
139362
139363
139364
139365
139366
139367
139368
139369
139370
139371
139372
139373
139374
139375
139376
139377
139378
139379
139380
139381
139382
139383
139384
139385
139386
139387
139388
139389
139390
139391
139392
139393
139394
139395
139396
139397
139398
139399
139400
139401
139402
139403
139404
139405
139406
139407
139408
139409
139410
139411
139412
139413
139414
139415
139416
139417
139418
139419
139420
139421
139422
139423
139424
139425
139426
139427
139428
139429
139430
139431
139432
139433
139434
139435
139436
139437
139438
139439
139440
139441
139442
139443
139444
139445
139446
139447
139448
139449
139450
139451
139452
139453
139454
139455
139456
139457
139458
139459
139460
139461
139462
139463
139464
139465
139466
139467
139468
139469
139470
139471
139472
139473
139474
139475
139476
139477
139478
139479
139480
139481
139482
139483
139484
139485
139486
139487
139488
139489
139490
139491
139492
139493
139494
139495
139496
139497
139498
139499
139500
139501
139502
139503
139504
139505
139506
139507
139508
139509
139510
139511
139512
139513
139514
139515
139516
139517
139518
139519
139520
139521
139522
139523
139524
139525
139526
139527
139528
139529
139530
139531
139532
139533
139534
139535
139536
139537
139538
139539
139540
139541
139542
139543
139544
139545
139546
139547
139548
139549
139550
139551
139552
139553
139554
139555
139556
139557
139558
139559
139560
139561
139562
139563
139564
139565
139566
139567
139568
139569
139570
139571
139572
139573
139574
139575
139576
139577
139578
139579
139580
139581
139582
139583
139584
139585
139586
139587
139588
139589
139590
139591
139592
139593
139594
139595
139596
139597
139598
139599
139600
139601
139602
139603
139604
139605
139606
139607
139608
139609
139610
139611
139612
139613
139614
139615
139616
139617
139618
139619
139620
139621
139622
139623
139624
139625
139626
139627
139628
139629
139630
139631
139632
139633
139634
139635
139636
139637
139638
139639
139640
139641
139642
139643
139644
139645
139646
139647
139648
139649
139650
139651
139652
139653
139654
139655
139656
139657
139658
139659
139660
139661
139662
139663
139664
139665
139666
139667
139668
139669
139670
139671
139672
139673
139674
139675
139676
139677
139678
139679
139680
139681
139682
139683
139684
139685
139686
139687
139688
139689
139690
139691
139692
139693
139694
139695
139696
139697
139698
139699
139700
139701
139702
139703
139704
139705
139706
139707
139708
139709
139710
139711
139712
139713
139714
139715
139716
139717
139718
139719
139720
139721
139722
139723
139724
139725
139726
139727
139728
139729
139730
139731
139732
139733
139734
139735
139736
139737
139738
139739
139740
139741
139742
139743
139744
139745
139746
139747
139748
139749
139750
139751
139752
139753
139754
139755
139756
139757
139758
139759
139760
139761
139762
139763
139764
139765
139766
139767
139768
139769
139770
139771
139772
139773
139774
139775
139776
139777
139778
139779
139780
139781
139782
139783
139784
139785
139786
139787
139788
139789
139790
139791
139792
139793
139794
139795
139796
139797
139798
139799
139800
139801
139802
139803
139804
139805
139806
139807
139808
139809
139810
139811
139812
139813
139814
139815
139816
139817
139818
139819
139820
139821
139822
139823
139824
139825
139826
139827
139828
139829
139830
139831
139832
139833
139834
139835
139836
139837
139838
139839
139840
139841
139842
139843
139844
139845
139846
139847
139848
139849
139850
139851
139852
139853
139854
139855
139856
139857
139858
139859
139860
139861
139862
139863
139864
139865
139866
139867
139868
139869
139870
139871
139872
139873
139874
139875
139876
139877
139878
139879
139880
139881
139882
139883
139884
139885
139886
139887
139888
139889
139890
139891
139892
139893
139894
139895
139896
139897
139898
139899
139900
139901
139902
139903
139904
139905
139906
139907
139908
139909
139910
139911
139912
139913
139914
139915
139916
139917
139918
139919
139920
139921
139922
139923
139924
139925
139926
139927
139928
139929
139930
139931
139932
139933
139934
139935
139936
139937
139938
139939
139940
139941
139942
139943
139944
139945
139946
139947
139948
139949
139950
139951
139952
139953
139954
139955
139956
139957
139958
139959
139960
139961
139962
139963
139964
139965
139966
139967
139968
139969
139970
139971
139972
139973
139974
139975
139976
139977
139978
139979
139980
139981
139982
139983
139984
139985
139986
139987
139988
139989
139990
139991
139992
139993
139994
139995
139996
139997
139998
139999
140000
140001
140002
140003
140004
140005
140006
140007
140008
140009
140010
140011
140012
140013
140014
140015
140016
140017
140018
140019
140020
140021
140022
140023
140024
140025
140026
140027
140028
140029
140030
140031
140032
140033
140034
140035
140036
140037
140038
140039
140040
140041
140042
140043
140044
140045
140046
140047
140048
140049
140050
140051
140052
140053
140054
140055
140056
140057
140058
140059
140060
140061
140062
140063
140064
140065
140066
140067
140068
140069
140070
140071
140072
140073
140074
140075
140076
140077
140078
140079
140080
140081
140082
140083
140084
140085
140086
140087
140088
140089
140090
140091
140092
140093
140094
140095
140096
140097
140098
140099
140100
140101
140102
140103
140104
140105
140106
140107
140108
140109
140110
140111
140112
140113
140114
140115
140116
140117
140118
140119
140120
140121
140122
140123
140124
140125
140126
140127
140128
140129
140130
140131
140132
140133
140134
140135
140136
140137
140138
140139
140140
140141
140142
140143
140144
140145
140146
140147
140148
140149
140150
140151
140152
140153
140154
140155
140156
140157
140158
140159
140160
140161
140162
140163
140164
140165
140166
140167
140168
140169
140170
140171
140172
140173
140174
140175
140176
140177
140178
140179
140180
140181
140182
140183
140184
140185
140186
140187
140188
140189
140190
140191
140192
140193
140194
140195
140196
140197
140198
140199
140200
140201
140202
140203
140204
140205
140206
140207
140208
140209
140210
140211
140212
140213
140214
140215
140216
140217
140218
140219
140220
140221
140222
140223
140224
140225
140226
140227
140228
140229
140230
140231
140232
140233
140234
140235
140236
140237
140238
140239
140240
140241
140242
140243
140244
140245
140246
140247
140248
140249
140250
140251
140252
140253
140254
140255
140256
140257
140258
140259
140260
140261
140262
140263
140264
140265
140266
140267
140268
140269
140270
140271
140272
140273
140274
140275
140276
140277
140278
140279
140280
140281
140282
140283
140284
140285
140286
140287
140288
140289
140290
140291
140292
140293
140294
140295
140296
140297
140298
140299
140300
140301
140302
140303
140304
140305
140306
140307
140308
140309
140310
140311
140312
140313
140314
140315
140316
140317
140318
140319
140320
140321
140322
140323
140324
140325
140326
140327
140328
140329
140330
140331
140332
140333
140334
140335
140336
140337
140338
140339
140340
140341
140342
140343
140344
140345
140346
140347
140348
140349
140350
140351
140352
140353
140354
140355
140356
140357
140358
140359
140360
140361
140362
140363
140364
140365
140366
140367
140368
140369
140370
140371
140372
140373
140374
140375
140376
140377
140378
140379
140380
140381
140382
140383
140384
140385
140386
140387
140388
140389
140390
140391
140392
140393
140394
140395
140396
140397
140398
140399
140400
140401
140402
140403
140404
140405
140406
140407
140408
140409
140410
140411
140412
140413
140414
140415
140416
140417
140418
140419
140420
140421
140422
140423
140424
140425
140426
140427
140428
140429
140430
140431
140432
140433
140434
140435
140436
140437
140438
140439
140440
140441
140442
140443
140444
140445
140446
140447
140448
140449
140450
140451
140452
140453
140454
140455
140456
140457
140458
140459
140460
140461
140462
140463
140464
140465
140466
140467
140468
140469
140470
140471
140472
140473
140474
140475
140476
140477
140478
140479
140480
140481
140482
140483
140484
140485
140486
140487
140488
140489
140490
140491
140492
140493
140494
140495
140496
140497
140498
140499
140500
140501
140502
140503
140504
140505
140506
140507
140508
140509
140510
140511
140512
140513
140514
140515
140516
140517
140518
140519
140520
140521
140522
140523
140524
140525
140526
140527
140528
140529
140530
140531
140532
140533
140534
140535
140536
140537
140538
140539
140540
140541
140542
140543
140544
140545
140546
140547
140548
140549
140550
140551
140552
140553
140554
140555
140556
140557
140558
140559
140560
140561
140562
140563
140564
140565
140566
140567
140568
140569
140570
140571
140572
140573
140574
140575
140576
140577
140578
140579
140580
140581
140582
140583
140584
140585
140586
140587
140588
140589
140590
140591
140592
140593
140594
140595
140596
140597
140598
140599
140600
140601
140602
140603
140604
140605
140606
140607
140608
140609
140610
140611
140612
140613
140614
140615
140616
140617
140618
140619
140620
140621
140622
140623
140624
140625
140626
140627
140628
140629
140630
140631
140632
140633
140634
140635
140636
140637
140638
140639
140640
140641
140642
140643
140644
140645
140646
140647
140648
140649
140650
140651
140652
140653
140654
140655
140656
140657
140658
140659
140660
140661
140662
140663
140664
140665
140666
140667
140668
140669
140670
140671
140672
140673
140674
140675
140676
140677
140678
140679
140680
140681
140682
140683
140684
140685
140686
140687
140688
140689
140690
140691
140692
140693
140694
140695
140696
140697
140698
140699
140700
140701
140702
140703
140704
140705
140706
140707
140708
140709
140710
140711
140712
140713
140714
140715
140716
140717
140718
140719
140720
140721
140722
140723
140724
140725
140726
140727
140728
140729
140730
140731
140732
140733
140734
140735
140736
140737
140738
140739
140740
140741
140742
140743
140744
140745
140746
140747
140748
140749
140750
140751
140752
140753
140754
140755
140756
140757
140758
140759
140760
140761
140762
140763
140764
140765
140766
140767
140768
140769
140770
140771
140772
140773
140774
140775
140776
140777
140778
140779
140780
140781
140782
140783
140784
140785
140786
140787
140788
140789
140790
140791
140792
140793
140794
140795
140796
140797
140798
140799
140800
140801
140802
140803
140804
140805
140806
140807
140808
140809
140810
140811
140812
140813
140814
140815
140816
140817
140818
140819
140820
140821
140822
140823
140824
140825
140826
140827
140828
140829
140830
140831
140832
140833
140834
140835
140836
140837
140838
140839
140840
140841
140842
140843
140844
140845
140846
140847
140848
140849
140850
140851
140852
140853
140854
140855
140856
140857
140858
140859
140860
140861
140862
140863
140864
140865
140866
140867
140868
140869
140870
140871
140872
140873
140874
140875
140876
140877
140878
140879
140880
140881
140882
140883
140884
140885
140886
140887
140888
140889
140890
140891
140892
140893
140894
140895
140896
140897
140898
140899
140900
140901
140902
140903
140904
140905
140906
140907
140908
140909
140910
140911
140912
140913
140914
140915
140916
140917
140918
140919
140920
140921
140922
140923
140924
140925
140926
140927
140928
140929
140930
140931
140932
140933
140934
140935
140936
140937
140938
140939
140940
140941
140942
140943
140944
140945
140946
140947
140948
140949
140950
140951
140952
140953
140954
140955
140956
140957
140958
140959
140960
140961
140962
140963
140964
140965
140966
140967
140968
140969
140970
140971
140972
140973
140974
140975
140976
140977
140978
140979
140980
140981
140982
140983
140984
140985
140986
140987
140988
140989
140990
140991
140992
140993
140994
140995
140996
140997
140998
140999
141000
141001
141002
141003
141004
141005
141006
141007
141008
141009
141010
141011
141012
141013
141014
141015
141016
141017
141018
141019
141020
141021
141022
141023
141024
141025
141026
141027
141028
141029
141030
141031
141032
141033
141034
141035
141036
141037
141038
141039
141040
141041
141042
141043
141044
141045
141046
141047
141048
141049
141050
141051
141052
141053
141054
141055
141056
141057
141058
141059
141060
141061
141062
141063
141064
141065
141066
141067
141068
141069
141070
141071
141072
141073
141074
141075
141076
141077
141078
141079
141080
141081
141082
141083
141084
141085
141086
141087
141088
141089
141090
141091
141092
141093
141094
141095
141096
141097
141098
141099
141100
141101
141102
141103
141104
141105
141106
141107
141108
141109
141110
141111
141112
141113
141114
141115
141116
141117
141118
141119
141120
141121
141122
141123
141124
141125
141126
141127
141128
141129
141130
141131
141132
141133
141134
141135
141136
141137
141138
141139
141140
141141
141142
141143
141144
141145
141146
141147
141148
141149
141150
141151
141152
141153
141154
141155
141156
141157
141158
141159
141160
141161
141162
141163
141164
141165
141166
141167
141168
141169
141170
141171
141172
141173
141174
141175
141176
141177
141178
141179
141180
141181
141182
141183
141184
141185
141186
141187
141188
141189
141190
141191
141192
141193
141194
141195
141196
141197
141198
141199
141200
141201
141202
141203
141204
141205
141206
141207
141208
141209
141210
141211
141212
141213
141214
141215
141216
141217
141218
141219
141220
141221
141222
141223
141224
141225
141226
141227
141228
141229
141230
141231
141232
141233
141234
141235
141236
141237
141238
141239
141240
141241
141242
141243
141244
141245
141246
141247
141248
141249
141250
141251
141252
141253
141254
141255
141256
141257
141258
141259
141260
141261
141262
141263
141264
141265
141266
141267
141268
141269
141270
141271
141272
141273
141274
141275
141276
141277
141278
141279
141280
141281
141282
141283
141284
141285
141286
141287
141288
141289
141290
141291
141292
141293
141294
141295
141296
141297
141298
141299
141300
141301
141302
141303
141304
141305
141306
141307
141308
141309
141310
141311
141312
141313
141314
141315
141316
141317
141318
141319
141320
141321
141322
141323
141324
141325
141326
141327
141328
141329
141330
141331
141332
141333
141334
141335
141336
141337
141338
141339
141340
141341
141342
141343
141344
141345
141346
141347
141348
141349
141350
141351
141352
141353
141354
141355
141356
141357
141358
141359
141360
141361
141362
141363
141364
141365
141366
141367
141368
141369
141370
141371
141372
141373
141374
141375
141376
141377
141378
141379
141380
141381
141382
141383
141384
141385
141386
141387
141388
141389
141390
141391
141392
141393
141394
141395
141396
141397
141398
141399
141400
141401
141402
141403
141404
141405
141406
141407
141408
141409
141410
141411
141412
141413
141414
141415
141416
141417
141418
141419
141420
141421
141422
141423
141424
141425
141426
141427
141428
141429
141430
141431
141432
141433
141434
141435
141436
141437
141438
141439
141440
141441
141442
141443
141444
141445
141446
141447
141448
141449
141450
141451
141452
141453
141454
141455
141456
141457
141458
141459
141460
141461
141462
141463
141464
141465
141466
141467
141468
141469
141470
141471
141472
141473
141474
141475
141476
141477
141478
141479
141480
141481
141482
141483
141484
141485
141486
141487
141488
141489
141490
141491
141492
141493
141494
141495
141496
141497
141498
141499
141500
141501
141502
141503
141504
141505
141506
141507
141508
141509
141510
141511
141512
141513
141514
141515
141516
141517
141518
141519
141520
141521
141522
141523
141524
141525
141526
141527
141528
141529
141530
141531
141532
141533
141534
141535
141536
141537
141538
141539
141540
141541
141542
141543
141544
141545
141546
141547
141548
141549
141550
141551
141552
141553
141554
141555
141556
141557
141558
141559
141560
141561
141562
141563
141564
141565
141566
141567
141568
141569
141570
141571
141572
141573
141574
141575
141576
141577
141578
141579
141580
141581
141582
141583
141584
141585
141586
141587
141588
141589
141590
141591
141592
141593
141594
141595
141596
141597
141598
141599
141600
141601
141602
141603
141604
141605
141606
141607
141608
141609
141610
141611
141612
141613
141614
141615
141616
141617
141618
141619
141620
141621
141622
141623
141624
141625
141626
141627
141628
141629
141630
141631
141632
141633
141634
141635
141636
141637
141638
141639
141640
141641
141642
141643
141644
141645
141646
141647
141648
141649
141650
141651
141652
141653
141654
141655
141656
141657
141658
141659
141660
141661
141662
141663
141664
141665
141666
141667
141668
141669
141670
141671
141672
141673
141674
141675
141676
141677
141678
141679
141680
141681
141682
141683
141684
141685
141686
141687
141688
141689
141690
141691
141692
141693
141694
141695
141696
141697
141698
141699
141700
141701
141702
141703
141704
141705
141706
141707
141708
141709
141710
141711
141712
141713
141714
141715
141716
141717
141718
141719
141720
141721
141722
141723
141724
141725
141726
141727
141728
141729
141730
141731
141732
141733
141734
141735
141736
141737
141738
141739
141740
141741
141742
141743
141744
141745
141746
141747
141748
141749
141750
141751
141752
141753
141754
141755
141756
141757
141758
141759
141760
141761
141762
141763
141764
141765
141766
141767
141768
141769
141770
141771
141772
141773
141774
141775
141776
141777
141778
141779
141780
141781
141782
141783
141784
141785
141786
141787
141788
141789
141790
141791
141792
141793
141794
141795
141796
141797
141798
141799
141800
141801
141802
141803
141804
141805
141806
141807
141808
141809
141810
141811
141812
141813
141814
141815
141816
141817
141818
141819
141820
141821
141822
141823
141824
141825
141826
141827
141828
141829
141830
141831
141832
141833
141834
141835
141836
141837
141838
141839
141840
141841
141842
141843
141844
141845
141846
141847
141848
141849
141850
141851
141852
141853
141854
141855
141856
141857
141858
141859
141860
141861
141862
141863
141864
141865
141866
141867
141868
141869
141870
141871
141872
141873
141874
141875
141876
141877
141878
141879
141880
141881
141882
141883
141884
141885
141886
141887
141888
141889
141890
141891
141892
141893
141894
141895
141896
141897
141898
141899
141900
141901
141902
141903
141904
141905
141906
141907
141908
141909
141910
141911
141912
141913
141914
141915
141916
141917
141918
141919
141920
141921
141922
141923
141924
141925
141926
141927
141928
141929
141930
141931
141932
141933
141934
141935
141936
141937
141938
141939
141940
141941
141942
141943
141944
141945
141946
141947
141948
141949
141950
141951
141952
141953
141954
141955
141956
141957
141958
141959
141960
141961
141962
141963
141964
141965
141966
141967
141968
141969
141970
141971
141972
141973
141974
141975
141976
141977
141978
141979
141980
141981
141982
141983
141984
141985
141986
141987
141988
141989
141990
141991
141992
141993
141994
141995
141996
141997
141998
141999
142000
142001
142002
142003
142004
142005
142006
142007
142008
142009
142010
142011
142012
142013
142014
142015
142016
142017
142018
142019
142020
142021
142022
142023
142024
142025
142026
142027
142028
142029
142030
142031
142032
142033
142034
142035
142036
142037
142038
142039
142040
142041
142042
142043
142044
142045
142046
142047
142048
142049
142050
142051
142052
142053
142054
142055
142056
142057
142058
142059
142060
142061
142062
142063
142064
142065
142066
142067
142068
142069
142070
142071
142072
142073
142074
142075
142076
142077
142078
142079
142080
142081
142082
142083
142084
142085
142086
142087
142088
142089
142090
142091
142092
142093
142094
142095
142096
142097
142098
142099
142100
142101
142102
142103
142104
142105
142106
142107
142108
142109
142110
142111
142112
142113
142114
142115
142116
142117
142118
142119
142120
142121
142122
142123
142124
142125
142126
142127
142128
142129
142130
142131
142132
142133
142134
142135
142136
142137
142138
142139
142140
142141
142142
142143
142144
142145
142146
142147
142148
142149
142150
142151
142152
142153
142154
142155
142156
142157
142158
142159
142160
142161
142162
142163
142164
142165
142166
142167
142168
142169
142170
142171
142172
142173
142174
142175
142176
142177
142178
142179
142180
142181
142182
142183
142184
142185
142186
142187
142188
142189
142190
142191
142192
142193
142194
142195
142196
142197
142198
142199
142200
142201
142202
142203
142204
142205
142206
142207
142208
142209
142210
142211
142212
142213
142214
142215
142216
142217
142218
142219
142220
142221
142222
142223
142224
142225
142226
142227
142228
142229
142230
142231
142232
142233
142234
142235
142236
142237
142238
142239
142240
142241
142242
142243
142244
142245
142246
142247
142248
142249
142250
142251
142252
142253
142254
142255
142256
142257
142258
142259
142260
142261
142262
142263
142264
142265
142266
142267
142268
142269
142270
142271
142272
142273
142274
142275
142276
142277
142278
142279
142280
142281
142282
142283
142284
142285
142286
142287
142288
142289
142290
142291
142292
142293
142294
142295
142296
142297
142298
142299
142300
142301
142302
142303
142304
142305
142306
142307
142308
142309
142310
142311
142312
142313
142314
142315
142316
142317
142318
142319
142320
142321
142322
142323
142324
142325
142326
142327
142328
142329
142330
142331
142332
142333
142334
142335
142336
142337
142338
142339
142340
142341
142342
142343
142344
142345
142346
142347
142348
142349
142350
142351
142352
142353
142354
142355
142356
142357
142358
142359
142360
142361
142362
142363
142364
142365
142366
142367
142368
142369
142370
142371
142372
142373
142374
142375
142376
142377
142378
142379
142380
142381
142382
142383
142384
142385
142386
142387
142388
142389
142390
142391
142392
142393
142394
142395
142396
142397
142398
142399
142400
142401
142402
142403
142404
142405
142406
142407
142408
142409
142410
142411
142412
142413
142414
142415
142416
142417
142418
142419
142420
142421
142422
142423
142424
142425
142426
142427
142428
142429
142430
142431
142432
142433
142434
142435
142436
142437
142438
142439
142440
142441
142442
142443
142444
142445
142446
142447
142448
142449
142450
142451
142452
142453
142454
142455
142456
142457
142458
142459
142460
142461
142462
142463
142464
142465
142466
142467
142468
142469
142470
142471
142472
142473
142474
142475
142476
142478
142479
142480
142481
142482
142483
142484
142485
142486
142487
142488
142489
142490
142491
142492
142493
142494
142495
142496
142497
142498
142499
142500
142501
142502
142503
142504
