191067
191068
191069
191070
191071
191072
191073
191074
191075
191076
191077
191078
191079
191080
191081
191082
191083
191084
191085
191086
191087
191088
191089
191090
191091
191092
191093
191094
191095
191096
191097
191098
191099
191100
191101
191102
191103
191104
191105
191106
191107
191108
191109
191110
191111
191112
191113
191114
191115
191116
191117
191118
191119
191120
191121
191122
191123
191124
191125
191126
191127
191128
191129
191130
191131
191132
191133
191134
191135
191136
191137
191138
191139
191140
191141
191142
191143
191144
191145
191146
191147
191148
191149
191150
191151
191152
191153
191154
191155
191156
191157
191158
191159
191160
191161
191162
191163
191164
191165
191166
191167
191168
191169
191170
191171
191172
191173
191174
191175
191176
191177
191178
191179
191180
191181
191182
191183
191184
191185
191186
191187
191188
191189
191190
191191
191192
191193
191194
191195
191196
191197
191198
191199
191200
191201
191202
191203
191204
191205
191206
191207
191208
191209
191210
191211
191212
191213
191214
191215
191216
191217
191218
191219
191220
191221
191222
191223
191224
191225
191226
191227
191228
191229
191230
191231
191232
191233
191234
191235
191236
191237
191238
191239
191240
191241
191242
191243
191244
191245
191246
191247
191248
191249
191250
191251
191252
191253
191254
191255
191256
191257
191258
191259
191260
191261
191262
191263
191264
191265
191266
191267
191268
191269
191270
191271
191272
191273
191274
191275
191276
191277
191278
191279
191280
191281
191282
191283
191284
191285
191286
191287
191288
191289
191290
191291
191292
191293
191294
191295
191296
191297
191298
191299
191300
191301
191302
191303
191304
191305
191306
191307
191308
191309
191310
191311
191312
191313
191314
191315
191316
191317
191318
191319
191320
191321
191322
191323
191324
191325
191326
191327
191328
191329
191330
191331
191332
191333
191334
191335
191336
191337
191338
191339
191340
191341
191342
191343
191344
191345
191346
191347
191348
191349
191350
191351
191352
191353
191354
191355
191356
191357
191358
191359
191360
191361
191362
191363
191364
191365
191366
191367
191368
191369
191370
191371
191372
191373
191374
191375
191376
191377
191378
191379
191380
191381
191382
191383
191384
191385
191386
191387
191388
191389
191390
191391
191392
191393
191394
191395
191396
191397
191398
191399
191400
191401
191402
191403
191404
191405
191406
191407
191408
191409
191410
191411
191412
191413
191414
191415
191416
191417
191418
191419
191420
191421
191422
191423
191424
191425
191426
191427
191428
191429
191430
191431
191432
191433
191434
191435
191436
191437
191438
191439
191440
191441
191442
191443
191444
191445
191446
191447
191448
191449
191450
191451
191452
191453
191454
191455
191456
191457
191458
191459
191460
191461
191462
191463
191464
191465
191466
191467
191468
191469
191470
191471
191472
191473
191474
191475
191476
191477
191478
191479
191480
191481
191482
191483
191484
191485
191486
191487
191488
191489
191490
191491
191492
191493
191494
191495
191496
191497
191498
191499
191500
191501
191502
191503
191504
191505
191506
191507
191508
191509
191510
191511
191512
191513
191514
191515
191516
191517
191518
191519
191520
191521
191522
191523
191524
191525
191526
191527
191528
191529
191530
191531
191532
191533
191534
191535
191536
191537
191538
191539
191540
191541
191542
191543
191544
191545
191546
191547
191548
191549
191550
191551
191552
191553
191554
191555
191556
191557
191558
191559
191560
191561
191562
191563
191564
191565
191566
191567
191568
191569
191570
191571
191572
191573
191574
191575
191576
191577
191578
191579
191580
191581
191582
191583
191584
191585
191586
191587
191588
191589
191590
191591
191592
191593
191594
191595
191596
191597
191598
191599
191600
191601
191602
191603
191604
191605
191606
191607
191608
191609
191610
191611
191612
191613
191614
191615
191616
191617
191618
191619
191620
191621
191622
191623
191624
191625
191626
191627
191628
191629
191630
191631
191632
191633
191634
191635
191636
191637
191638
191639
191640
191641
191642
191643
191644
191645
191646
191647
191648
191649
191650
191651
191652
191653
191654
191655
191656
191657
191658
191659
191660
191661
191662
191663
191664
191665
191666
191667
191668
191669
191670
191671
191672
191673
191674
191675
191676
191677
191678
191679
191680
191681
191682
191683
191684
191685
191686
191687
191688
191689
191690
191691
191692
191693
191694
191695
191696
191697
191698
191699
191700
191701
191702
191703
191704
191705
191706
191707
191708
191709
191710
191711
191712
191713
191714
191715
191716
191717
191718
191719
191720
191721
191722
191723
191724
191725
191726
191727
191728
191729
191730
191731
191732
191733
191734
191735
191736
191737
191738
191739
191740
191741
191742
191743
191744
191745
191746
191747
191748
191749
191750
191751
191752
191753
191754
191755
191756
191757
191758
191759
191760
191761
191762
191763
191764
191765
191766
191767
191768
191769
191770
191771
191772
191773
191774
191775
191776
191777
191778
191779
191780
191781
191782
191783
191784
191785
191786
191787
191788
191789
191790
191791
191792
191793
191794
191795
191796
191797
191798
191799
191800
191801
191802
191803
191804
191805
191806
191807
191808
191809
191810
191811
191812
191813
191814
191815
191816
191817
191818
191819
191820
191821
191822
191823
191824
191825
191826
191827
191828
191829
191830
191831
191832
191833
191834
191835
191836
191837
191838
191839
191840
191841
191842
191843
191844
191845
191846
191847
191848
191849
191850
191851
191852
191853
191854
191855
191856
191857
191858
191859
191860
191861
191862
191863
191864
191865
191866
191867
191868
191869
191870
191871
191872
191873
191874
191875
191876
191877
191878
191879
191880
191881
191882
191883
191884
191885
191886
191887
191888
191889
191890
191891
191892
191893
191894
191895
191896
191897
191898
191899
191900
191901
191902
191903
191904
191905
191906
191907
191908
191909
191910
191911
191912
191913
191914
191915
191916
191917
191918
191919
191920
191921
191922
191923
191924
191925
191926
191927
191928
191929
191930
191931
191932
191933
191934
191935
191936
191937
191938
191939
191940
191941
191942
191943
191944
191945
191946
191947
191948
191949
191950
191951
191952
191953
191954
191955
191956
191957
191958
191959
191960
191961
191962
191963
191964
191965
191966
191967
191968
191969
191970
191971
191972
191973
191974
191975
191976
191977
191978
191979
191980
191981
191982
191983
191984
191985
191986
191987
191988
191989
191990
191991
191992
191993
191994
191995
191996
191997
191998
191999
192000
192001
192002
192003
192004
192005
192006
192007
192008
192009
192010
192011
192012
192013
192014
192015
192016
192017
192018
192019
192020
192021
192022
192023
192024
192025
192026
192027
192028
192029
192030
192031
192032
192033
192034
192035
192036
192037
192038
192039
192040
192041
192042
192043
192044
192045
192046
192047
192048
192049
192050
192051
192052
192053
192054
192055
192056
192057
192058
192059
192060
192061
192062
192063
192064
192065
192066
192067
192068
192069
192070
192071
192072
192073
192074
192075
192076
192077
192078
192079
192080
192081
192082
192083
192084
192085
192086
192087
192088
192089
192090
192091
192092
192093
192094
192095
192096
192097
192098
192099
192100
192101
192102
192103
192104
192105
192106
192107
192108
192109
192110
192111
192112
192113
192114
192115
192116
192117
192118
192119
192120
192121
192122
192123
192124
192125
192126
192127
192128
192129
192130
192131
192132
192133
192134
192135
192136
192137
192138
192139
192140
192141
192142
192143
192144
192145
192146
192147
192148
192149
192150
192151
192152
192153
192154
192155
192156
192157
192158
192159
192160
192161
192162
192163
192164
192165
192166
192167
192168
192169
192170
192171
192172
192173
192174
192175
192176
192177
192178
192179
192180
192181
192182
192183
192184
192185
192186
192187
192188
192189
192190
192191
192192
192193
192194
192195
192196
192197
192198
192199
192200
192201
192202
192203
192204
192205
192206
192207
192208
192209
192210
192211
192212
192213
192214
192215
192216
192217
192218
192219
192220
192221
192222
192223
192224
192225
192226
192227
192228
192229
192230
192231
192232
192233
192234
192235
192236
192237
192238
192239
192240
192241
192242
192243
192244
192245
192246
192247
192248
192249
192250
192251
192252
192253
192254
192255
192256
192257
192258
192259
192260
192261
192262
192263
192264
192265
192266
192267
192268
192269
192270
192271
192272
192273
192274
192275
192276
192277
192278
192279
192280
192281
192282
192283
192284
192285
192286
192287
192288
192289
192290
192291
192292
192293
192294
192295
192296
192297
192298
192299
192300
192301
192302
192303
192304
192305
192306
192307
192308
192309
192310
192311
192312
192313
192314
192315
192316
192317
192318
192319
192320
192321
192322
192323
192324
192325
192326
192327
192328
192329
192330
192331
192332
192333
192334
192335
192336
192337
192338
192339
192340
192341
192342
192343
192344
192345
192346
192347
192348
192349
192350
192351
192352
192353
192354
192355
192356
192357
192358
192359
192360
192361
192362
192363
192364
192365
192366
192367
192368
192369
192370
192371
192372
192373
192374
192375
192376
192377
192378
192379
192380
192381
192382
192383
192384
192385
192386
192387
192388
192389
192390
192391
192392
192393
192394
192395
192396
192397
192398
192399
192400
192401
192402
192403
192404
192405
192406
192407
192408
192409
192410
192411
192412
192413
192414
192415
192416
192417
192418
192419
192420
192421
192422
192423
192424
192425
192426
192427
192428
192429
192430
192431
192432
192433
192434
192435
192436
192437
192438
192439
192440
192441
192442
192443
192444
192445
192446
192447
192448
192449
192450
192451
192452
192453
192454
192455
192456
192457
192458
192459
192460
192461
192462
192463
192464
192465
192466
192467
192468
192469
192470
192471
192472
192473
192474
192475
192476
192477
192478
192479
192480
192481
192482
192483
192484
192485
192486
192487
192488
192489
192490
192491
192492
192493
192494
192495
192496
192497
192498
192499
192500
192501
192502
192503
192504
192505
192506
192507
192508
192509
192510
192511
192512
192513
192514
192515
192516
192517
192518
192519
192520
192521
192522
192523
192524
192525
192526
192527
192528
192529
192530
192531
192532
192533
192534
192535
192536
192537
192538
192539
192540
192541
192542
192543
192544
192545
192546
192547
192548
192549
192550
192551
192552
192553
192554
192555
192556
192557
192558
192559
192560
192561
192562
192563
192564
192565
192566
192567
192568
192569
192570
192571
192572
192573
192574
192575
192576
192577
192578
192579
192580
192581
192582
192583
192584
192585
192586
192587
192588
192589
192590
192591
192592
192593
192594
192595
192596
192597
192598
192599
192600
192601
192602
192603
192604
192605
192606
192607
192608
192609
192610
192611
192612
192613
192614
192615
192616
192617
192618
192619
192620
192621
192622
192623
192624
192625
192626
192627
192628
192629
192630
192631
192632
192633
192634
192635
192636
192637
192638
192639
192640
192641
192642
192643
192644
192645
192646
192647
192648
192649
192650
192651
192652
192653
192654
192655
192656
192657
192658
192659
192660
192661
192662
192663
192664
192665
192666
192667
192668
192669
192670
192671
192672
192673
192674
192675
192676
192677
192678
192679
192680
192681
192682
192683
192684
192685
192686
192687
192688
192689
192690
192691
192692
192693
192694
192695
192696
192697
192698
192699
192700
192701
192702
192703
192704
192705
192706
192707
192708
192709
192710
192711
192712
192713
192714
192715
192716
192717
192718
192719
192720
192721
192722
192723
192724
192725
192726
192727
192728
192729
192730
192731
192732
192733
192734
192735
192736
192737
192738
192739
192740
192741
192742
192743
192744
192745
192746
192747
192748
192749
192750
192751
192752
192753
192754
192755
192756
192757
192758
192759
192760
192761
192762
192763
192764
192765
192766
192767
192768
192769
192770
192771
192772
192773
192774
192775
192776
192777
192778
192779
192780
192781
192782
192783
192784
192785
192786
192787
192788
192789
192790
192791
192792
192793
192794
192795
192796
192797
192798
192799
192800
192801
192802
192803
192804
192805
192806
192807
192808
192809
192810
192811
192812
192813
192814
192815
192816
192817
192818
192819
192820
192821
192822
192823
192824
192825
192826
192827
192828
192829
192830
192831
192832
192833
192834
192835
192836
192837
192838
192839
192840
192841
192842
192843
192844
192845
192846
192847
192848
192849
192850
192851
192852
192853
192854
192855
192856
192857
192858
192859
192860
192861
192862
192863
192864
192865
192866
192867
192868
192869
192870
192871
192872
192873
192874
192875
192876
192877
192878
192879
192880
192881
192882
192883
192884
192885
192886
192887
192888
192889
192890
192891
192892
192893
192894
192895
192896
192897
192898
192899
192900
192901
192902
192903
192904
192905
192906
192907
192908
192909
192910
192911
192912
192913
192914
192915
192916
192917
192918
192919
192920
192921
192922
192923
192924
192925
192926
192927
192928
192929
192930
192931
192932
192933
192934
192935
192936
192937
192938
192939
192940
192941
192942
192943
192944
192945
192946
192947
192948
192949
192950
192951
192952
192953
192954
192955
192956
192957
192958
192959
192960
192961
192962
192963
192964
192965
192966
192967
192968
192969
192970
192971
192972
192973
192974
192975
192976
192977
192978
192979
192980
192981
192982
192983
192984
192985
192986
192987
192988
192989
192990
192991
192992
192993
192994
192995
192996
192997
192998
192999
193000
193001
193002
193003
193004
193005
193006
193007
193008
193009
193010
193011
193012
193013
193014
193015
193016
193017
193018
193019
193020
193021
193022
193023
193024
193025
193026
193027
193028
193029
193030
193031
193032
193033
193034
193035
193036
193037
193038
193039
193040
193041
193042
193043
193044
193045
193046
193047
193048
193049
193050
193051
193052
193053
193054
193055
193056
193057
193058
193059
193060
193061
193062
193063
193064
193065
193066
193067
193068
193069
193070
193071
193072
193073
193074
193075
193076
193077
193078
193079
193080
193081
193082
193083
193084
193085
193086
193087
193088
193089
193090
193091
193092
193093
193094
193095
193096
193097
193098
193099
193100
193101
193102
193103
193104
193105
193106
193107
193108
193109
193110
193111
193112
193113
193114
193115
193116
193117
193118
193119
193120
193121
193122
193123
193124
193125
193126
193127
193128
193129
193130
193131
193132
193133
193134
193135
193136
193137
193138
193139
193140
193141
193142
193143
193144
193145
193146
193147
193148
193149
193150
193151
193152
193153
193154
193155
193156
193157
193158
193159
193160
193161
193162
193163
193164
193165
193166
193167
193168
193169
193170
193171
193172
193173
193174
193175
193176
193177
193178
193179
193180
193181
193182
193183
193184
193185
193186
193187
193188
193189
193190
193191
193192
193193
193194
193195
193196
193197
193198
193199
193200
193201
193202
193203
193204
193205
193206
193207
193208
193209
193210
193211
193212
193213
193214
193215
193216
193217
193218
193219
193220
193221
193222
193223
193224
193225
193226
193227
193228
193229
193230
193231
193232
193233
193234
193235
193236
193237
193238
193239
193240
193241
193242
193243
193244
193245
193246
193247
193248
193249
193250
193251
193252
193253
193254
193255
193256
193257
193258
193259
193260
193261
193262
193263
193264
193265
193266
193267
193268
193269
193270
193271
193272
193273
193274
193275
193276
193277
193278
193279
193280
193281
193282
193283
193284
193285
193286
193287
193288
193289
193290
193291
193292
193293
193294
193295
193296
193297
193298
193299
193300
193301
193302
193303
193304
193305
193306
193307
193308
193309
193310
193311
193312
193313
193314
193315
193316
193317
193318
193319
193320
193321
193322
193323
193324
193325
193326
193327
193328
193329
193330
193331
193332
193333
193334
193335
193336
193337
193338
193339
193340
193341
193342
193343
193344
193345
193346
193347
193348
193349
193350
193351
193352
193353
193354
193355
193356
193357
193358
193359
193360
193361
193362
193363
193364
193365
193366
193367
193368
193369
193370
193371
193372
193373
193374
193375
193376
193377
193378
193379
193380
193381
193382
193383
193384
193385
193386
193387
193388
193389
193390
193391
193392
193393
193394
193395
193396
193397
193398
193399
193400
193401
193402
193403
193404
193405
193406
193407
193408
193409
193410
193411
193412
193413
193414
193415
193416
193417
193418
193419
193420
193421
193422
193423
193424
193425
193426
193427
193428
193429
193430
193431
193432
193433
193434
193435
193436
193437
193438
193439
193440
193441
193442
193443
193444
193445
193446
193447
193448
193449
193450
193451
193452
193453
193454
193455
193456
193457
193458
193459
193460
193461
193462
193463
193464
193465
193466
193467
193468
193469
193470
193471
193472
193473
193474
193475
193476
193477
193478
193479
193480
193481
193482
193483
193484
193485
193486
193487
193488
193489
193490
193491
193492
193493
193494
193495
193496
193497
193498
193499
193500
193501
193502
193503
193504
193505
193506
193507
193508
193509
193510
193511
193512
193513
193514
193515
193516
193517
193518
193519
193520
193521
193522
193523
193524
193525
193526
193527
193528
193529
193530
193531
193532
193533
193534
193535
193536
193537
193538
193539
193540
193541
193542
193543
193544
193545
193546
193547
193548
193549
193550
193551
193552
193553
193554
193555
193556
193557
193558
193559
193560
193561
193562
193563
193564
193565
193566
193567
193568
193569
193570
193571
193572
193573
193574
193575
193576
193577
193578
193579
193580
193581
193582
193583
193584
193585
193586
193587
193588
193589
193590
193591
193592
193593
193594
193595
193596
193597
193598
193599
193600
193601
193602
193603
193604
193605
193606
193607
193608
193609
193610
193611
193612
193613
193614
193615
193616
193617
193618
193619
193620
193621
193622
193623
193624
193625
193626
193627
193628
193629
193630
193631
193632
193633
193634
193635
193636
193637
193638
193639
193640
193641
193642
193643
193644
193645
193646
193647
193648
193649
193650
193651
193652
193653
193654
193655
193656
193657
193658
193659
193660
193661
193662
193663
193664
193665
193666
193667
193668
193669
193670
193671
193672
193673
193674
193675
193676
193677
193678
193679
193680
193681
193682
193683
193684
193685
193686
193687
193688
193689
193690
193691
193692
193693
193694
193695
193696
193697
193698
193699
193700
193701
193702
193703
193704
193705
193706
193707
193708
193709
193710
193711
193712
193713
193714
193715
193716
193717
193718
193719
193720
193721
193722
193723
193724
193725
193726
193727
193728
193729
193730
193731
193732
193733
193734
193735
193736
193737
193738
193739
193740
193741
193742
193743
193744
193745
193746
193747
193748
193749
193750
193751
193752
193753
193754
193755
193756
193757
193758
193759
193760
193761
193762
193763
193764
193765
193766
193767
193768
193769
193770
193771
193772
193773
193774
193775
193776
193777
193778
193779
193780
193781
193782
193783
193784
193785
193786
193787
193788
193789
193790
193791
193792
193793
193794
193795
193796
193797
193798
193799
193800
193801
193802
193803
193804
193805
193806
193807
193808
193809
193810
193811
193812
193813
193814
193815
193816
193817
193818
193819
193820
193821
193822
193823
193824
193825
193826
193827
193828
193829
193830
193831
193832
193833
193834
193835
193836
193837
193838
193839
193840
193841
193842
193843
193844
193845
193846
193847
193848
193849
193850
193851
193852
193853
193854
193855
193856
193857
193858
193859
193860
193861
193862
193863
193864
193865
193866
193867
193868
193869
193870
193871
193872
193873
193874
193875
193876
193877
193878
193879
193880
193881
193882
193883
193884
193885
193886
193887
193888
193889
193890
193891
193892
193893
193894
193895
193896
193897
193898
193899
193900
193901
193902
193903
193904
193905
193906
193907
193908
193909
193910
193911
193912
193913
193914
193915
193916
193917
193918
193919
193920
193921
193922
193923
193924
193925
193926
193927
193928
193929
193930
193931
193932
193933
193934
193935
193936
193937
193938
193939
193940
193941
193942
193943
193944
193945
193946
193947
193948
193949
193950
193951
193952
193953
193954
193955
193956
193957
193958
193959
193960
193961
193962
193963
193964
193965
193966
193967
193968
193969
193970
193971
193972
193973
193974
193975
193976
193977
193978
193979
193980
193981
193982
193983
193984
193985
193986
193987
193988
193989
193990
193991
193992
193993
193994
193995
193996
193997
193998
193999
194000
194001
194002
194003
194004
194005
194006
194007
194008
194009
194010
194011
194012
194013
194014
194015
194016
194017
194018
194019
194020
194021
194022
194023
194024
194025
194026
194027
194028
194029
194030
194031
194032
194033
194034
194035
194036
194037
194038
194039
194040
194041
194042
194043
194044
194045
194046
194047
194048
194049
194050
194051
194052
194053
194054
194055
194056
194057
194058
194059
194060
194061
194062
194063
194064
194065
194066
194067
194068
194069
194070
194071
194072
194073
194074
194075
194076
194077
194078
194079
194080
194081
194082
194083
194084
194085
194086
194087
194088
194089
194090
194091
194092
194093
194094
194095
194096
194097
194098
194099
194100
194101
194102
194103
194104
194105
194106
194107
194108
194109
194110
194111
194112
194113
194114
194115
194116
194117
194118
194119
194120
194121
194122
194123
194124
194125
194126
194127
194128
194129
194130
194131
194132
194133
194134
194135
194136
194137
194138
194139
194140
194141
194142
194143
194144
194145
194146
194147
194148
194149
194150
194151
194152
194153
194154
194155
194156
194157
194158
194159
194160
194161
194162
194163
194164
194165
194166
194167
194168
194169
194170
194171
194172
194173
194174
194175
194176
194177
194178
194179
194180
194181
194182
194183
194184
194185
194186
194187
194188
194189
194190
194191
194192
194193
194194
194195
194196
194197
194198
194199
194200
194201
194202
194203
194204
194205
194206
194207
194208
194209
194210
194211
194212
194213
194214
194215
194216
194217
194218
194219
194220
194221
194222
194223
194224
194225
194226
194227
194228
194229
194230
194231
194232
194233
194234
194235
194236
194237
194238
194239
194240
194241
194242
194243
194244
194245
194246
194247
194248
194249
194250
194251
194252
194253
194254
194255
194256
194257
194258
194259
194260
194261
194262
194263
194264
194265
194266
194267
194268
194269
194270
194271
194272
194273
194274
194275
194276
194277
194278
194279
194280
194281
194282
194283
194284
194285
194286
194287
194288
194289
194290
194291
194292
194293
194294
194295
194296
194297
194298
194299
194300
194301
194302
194303
194304
194305
194306
194307
194308
194309
194310
194311
194312
194313
194314
194315
194316
194317
194318
194319
194320
194321
194322
194323
194324
194325
194326
194327
194328
194329
194330
194331
194332
194333
194334
194335
194336
194337
194338
194339
194340
194341
194342
194343
194344
194345
194346
194347
194348
194349
194350
194351
194352
194353
194354
194355
194356
194357
194358
194359
194360
194361
194362
194363
194364
194365
194366
194367
194368
194369
194370
194371
194372
194373
194374
194375
194376
194377
194378
194379
194380
194381
194382
194383
194384
194385
194386
194387
194388
194389
194390
194391
194392
194393
194394
194395
194396
194397
194398
194399
194400
194401
194402
194403
194404
194405
194406
194407
194408
194409
194410
194411
194412
194413
194414
194415
194416
194417
194418
194419
194420
194421
194422
194423
194425
194426
194428
194429
194430
194431
194432
194433
194434
194435
194436
194437
194438
194439
194440
194441
194442
194443
194444
194445
194446
194447
194448
194449
194450
194451
194452
194453
194454
194455
194456
194457
194458
194459
194460
194462
194463
194464
194465
194466
194467
194468
194469
194470
194471
194472
194473
194474
194475
194476
194477
194478
194479
194480
194481
194482
194483
194484
194485
194486
194487
194488
194489
194490
194491
194492
194493
194494
194495
194496
194497
194498
194499
194500
194501
194502
194503
194504
194505
194506
194507
194508
194509
194510
194511
194512
194513
194514
194515
194516
