168480
168481
168482
168483
168484
168485
168486
168487
168488
168489
168490
168491
168492
168493
168494
168495
168496
168497
168498
168499
168500
168501
168502
168503
168504
168505
168506
168507
168508
168509
168510
168511
168512
168513
168514
168515
168516
168517
168518
168519
168520
168521
168522
168523
168524
168525
168526
168527
168528
168529
168530
168531
168532
168533
168534
168535
168536
168537
168538
168539
168540
168541
168542
168543
168544
168545
168546
168547
168548
168549
168550
168551
168552
168553
168554
168555
168556
168557
168558
168559
168560
168561
168562
168563
168564
168565
168566
168567
168568
168569
168570
168571
168572
168573
168574
168575
168576
168577
168578
168579
168580
168581
168582
168583
168584
168585
168586
168587
168588
168589
168590
168591
168592
168593
168594
168595
168596
168597
168598
168599
168600
168601
168602
168603
168604
168605
168606
168607
168608
168609
168610
168611
168612
168613
168614
168615
168616
168617
168618
168619
168620
168621
168622
168623
168624
168625
168626
168627
168628
168629
168630
168631
168632
168633
168634
168635
168636
168637
168638
168639
168640
168641
168642
168643
168644
168645
168646
168647
168648
168649
168650
168651
168652
168653
168654
168655
168656
168657
168658
168659
168660
168661
168662
168663
168664
168665
168666
168667
168668
168669
168670
168671
168672
168673
168674
168675
168676
168677
168678
168679
168680
168681
168682
168683
168684
168685
168686
168687
168688
168689
168690
168691
168692
168693
168694
168695
168696
168697
168698
168699
168700
168701
168702
168703
168704
168705
168706
168707
168708
168709
168710
168711
168712
168713
168714
168715
168716
168717
168718
168719
168720
168721
168722
168723
168724
168725
168726
168727
168728
168729
168730
168731
168732
168733
168734
168735
168736
168737
168738
168739
168740
168741
168742
168743
168744
168745
168746
168747
168748
168749
168750
168751
168752
168753
168754
168755
168756
168757
168758
168759
168760
168761
168762
168763
168764
168765
168766
168767
168768
168769
168770
168771
168772
168773
168774
168775
168776
168777
168778
168779
168780
168781
168782
168783
168784
168785
168786
168787
168788
168789
168790
168791
168792
168793
168794
168795
168796
168797
168798
168799
168800
168801
168802
168803
168804
168805
168806
168807
168808
168809
168810
168811
168812
168813
168814
168815
168816
168817
168818
168819
168820
168821
168822
168823
168824
168825
168826
168827
168828
168829
168830
168831
168832
168833
168834
168835
168836
168837
168838
168839
168840
168841
168842
168843
168844
168845
168846
168847
168848
168849
168850
168851
168852
168853
168854
168855
168856
168857
168858
168859
168860
168861
168862
168863
168864
168865
168866
168867
168868
168869
168870
168871
168872
168873
168874
168875
168876
168877
168878
168879
168880
168881
168882
168883
168884
168885
168886
168887
168888
168889
168890
168891
168892
168893
168894
168895
168896
168897
168898
168899
168900
168901
168902
168903
168904
168905
168906
168907
168908
168909
168910
168911
168912
168913
168914
168915
168916
168917
168918
168919
168920
168921
168922
168923
168924
168925
168926
168927
168928
168929
168930
168931
168932
168933
168934
168935
168936
168937
168938
168939
168940
168941
168942
168943
168944
168945
168946
168947
168948
168949
168950
168951
168952
168953
168954
168955
168956
168957
168958
168959
168960
168961
168962
168963
168964
168965
168966
168967
168968
168969
168970
168971
168972
168973
168974
168975
168976
168977
168978
168979
168980
168981
168982
168983
168984
168985
168986
168987
168988
168989
168990
168991
168992
168993
168994
168995
168996
168997
168998
168999
169000
169001
169002
169003
169004
169005
169006
169007
169008
169009
169010
169011
169012
169013
169014
169015
169016
169017
169018
169019
169020
169021
169022
169023
169024
169025
169026
169027
169028
169029
169030
169031
169032
169033
169034
169035
169036
169037
169038
169039
169040
169041
169042
169043
169044
169045
169046
169047
169048
169049
169050
169051
169052
169053
169054
169055
169056
169057
169058
169059
169060
169061
169062
169063
169064
169065
169066
169067
169068
169069
169070
169071
169072
169073
169074
169075
169076
169077
169078
169079
169080
169081
169082
169083
169084
169085
169086
169087
169088
169089
169090
169091
169092
169093
169094
169095
169096
169097
169098
169099
169100
169101
169102
169103
169104
169105
169106
169107
169108
169109
169110
169111
169112
169113
169114
169115
169116
169117
169118
169119
169120
169121
169122
169123
169124
169125
169126
169127
169128
169129
169130
169131
169132
169133
169134
169135
169136
169137
169138
169139
169140
169141
169142
169143
169144
169145
169146
169147
169148
169149
169150
169151
169152
169153
169154
169155
169156
169157
169158
169159
169160
169161
169162
169163
169164
169165
169166
169167
169168
169169
169170
169171
169172
169173
169174
169175
169176
169177
169178
169179
169180
169181
169182
169183
169184
169185
169186
169187
169188
169189
169190
169191
169192
169193
169194
169195
169196
169197
169198
169199
169200
169201
169202
169203
169204
169205
169206
169207
169208
169209
169210
169211
169212
169213
169214
169215
169216
169217
169218
169219
169220
169221
169222
169223
169224
169225
169226
169227
169228
169229
169230
169231
169232
169233
169234
169235
169236
169237
169238
169239
169240
169241
169242
169243
169244
169245
169246
169247
169248
169249
169250
169251
169252
169253
169254
169255
169256
169257
169258
169259
169260
169261
169262
169263
169264
169265
169266
169267
169268
169269
169270
169271
169272
169273
169274
169275
169276
169277
169278
169279
169280
169281
169282
169283
169284
169285
169286
169287
169288
169289
169290
169291
169292
169293
169294
169295
169296
169297
169298
169299
169300
169301
169302
169303
169304
169305
169306
169307
169308
169309
169310
169311
169312
169313
169314
169315
169316
169317
169318
169319
169320
169321
169322
169323
169324
169325
169326
169327
169328
169329
169330
169331
169332
169333
169334
169335
169336
169337
169338
169339
169340
169341
169342
169343
169344
169345
169346
169347
169348
169349
169350
169351
169352
169353
169354
169355
169356
169357
169358
169359
169360
169361
169362
169363
169364
169365
169366
169367
169368
169369
169370
169371
169372
169373
169374
169375
169376
169377
169378
169379
169380
169381
169382
169383
169384
169385
169386
169387
169388
169389
169390
169391
169392
169393
169394
169395
169396
169397
169398
169399
169400
169401
169402
169403
169404
169405
169406
169407
169408
169409
169410
169411
169412
169413
169414
169415
169416
169417
169418
169419
169420
169421
169422
169423
169424
169425
169426
169427
169428
169429
169430
169431
169432
169433
169434
169435
169436
169437
169438
169439
169440
169441
169442
169443
169444
169445
169446
169447
169448
169449
169450
169451
169452
169453
169454
169455
169456
169457
169458
169459
169460
169461
169462
169463
169464
169465
169466
169467
169468
169469
169470
169471
169472
169473
169474
169475
169476
169477
169478
169479
169480
169481
169482
169483
169484
169485
169486
169487
169488
169489
169490
169491
169492
169493
169494
169495
169496
169497
169498
169499
169500
169501
169502
169503
169504
169505
169506
169507
169508
169509
169510
169511
169512
169513
169514
169515
169516
169517
169518
169519
169520
169521
169522
169523
169524
169525
169526
169527
169528
169529
169530
169531
169532
169533
169534
169535
169536
169537
169538
169539
169540
169541
169542
169543
169544
169545
169546
169547
169548
169549
169550
169551
169552
169553
169554
169555
169556
169557
169558
169559
169560
169561
169562
169563
169564
169565
169566
169567
169568
169569
169570
169571
169572
169573
169574
169575
169576
169577
169578
169579
169580
169581
169582
169583
169584
169585
169586
169587
169588
169589
169590
169591
169592
169593
169594
169595
169596
169597
169598
169599
169600
169601
169602
169603
169604
169605
169606
169607
169608
169609
169610
169611
169612
169613
169614
169615
169616
169617
169618
169619
169620
169621
169622
169623
169624
169625
169626
169627
169628
169629
169630
169631
169632
169633
169634
169635
169636
169637
169638
169639
169640
169641
169642
169643
169644
169645
169646
169647
169648
169649
169650
169651
169652
169653
169654
169655
169656
169657
169658
169659
169660
169661
169662
169663
169664
169665
169666
169667
169668
169669
169670
169671
169672
169673
169674
169675
169676
169677
169678
169679
169680
169681
169682
169683
169684
169685
169686
169687
169688
169689
169690
169691
169692
169693
169694
169695
169696
169697
169698
169699
169700
169701
169702
169703
169704
169705
169706
169707
169708
169709
169710
169711
169712
169713
169714
169715
169716
169717
169718
169719
169720
169721
169722
169723
169724
169725
169726
169727
169728
169729
169730
169731
169732
169733
169734
169735
169736
169737
169738
169739
169740
169741
169742
169743
169744
169745
169746
169747
169748
169749
169750
169751
169752
169753
169754
169755
169756
169757
169758
169759
169760
169761
169762
169763
169764
169765
169766
169767
169768
169769
169770
169771
169772
169773
169774
169775
169776
169777
169778
169779
169780
169781
169782
169783
169784
169785
169786
169787
169788
169789
169790
169791
169792
169793
169794
169795
169796
169797
169798
169799
169800
169801
169802
169803
169804
169805
169806
169807
169808
169809
169810
169811
169812
169813
169814
169815
169816
169817
169818
169819
169820
169821
169822
169823
169824
169825
169826
169827
169828
169829
169830
169831
169832
169833
169834
169835
169836
169837
169838
169839
169840
169841
169842
169843
169844
169845
169846
169847
169848
169849
169850
169851
169852
169853
169854
169855
169856
169857
169858
169859
169860
169861
169862
169863
169864
169865
169866
169867
169868
169869
169870
169871
169872
169873
169874
169875
169876
169877
169878
169879
169880
169881
169882
169883
169884
169885
169886
169887
169888
169889
169890
169891
169892
169893
169894
169895
169896
169897
169898
169899
169900
169901
169902
169903
169904
169905
169906
169907
169908
169909
169910
169911
169912
169913
169914
169915
169916
169917
169918
169919
169920
169921
169922
169923
169924
169925
169926
169927
169928
169929
169930
169931
169932
169933
169934
169935
169936
169937
169938
169939
169940
169941
169942
169943
169944
169945
169946
169947
169948
169949
169950
169951
169952
169953
169954
169955
169956
169957
169958
169959
169960
169961
169962
169963
169964
169965
169966
169967
169968
169969
169970
169971
169972
169973
169974
169975
169976
169977
169978
169979
169980
169981
169982
169983
169984
169985
169986
169987
169988
169989
169990
169991
169992
169993
169994
169995
169996
169997
169998
169999
170000
170001
170002
170003
170004
170005
170006
170007
170008
170009
170010
170011
170012
170013
170014
170015
170016
170017
170018
170019
170020
170021
170022
170023
170024
170025
170026
170027
170028
170029
170030
170031
170032
170033
170034
170035
170036
170037
170038
170039
170040
170041
170042
170043
170044
170045
170046
170047
170048
170049
170050
170051
170052
170053
170054
170055
170056
170057
170058
170059
170060
170061
170062
170063
170064
170065
170066
170067
170068
170069
170070
170071
170072
170073
170074
170075
170076
170077
170078
170079
170080
170081
170082
170083
170084
170085
170086
170087
170088
170089
170090
170091
170092
170093
170094
170095
170096
170097
170098
170099
170100
170101
170102
170103
170104
170105
170106
170107
170108
170109
170110
170111
170112
170113
170114
170115
170116
170117
170118
170119
170120
170121
170122
170123
170124
170125
170126
170127
170128
170129
170130
170131
170132
170133
170134
170135
170136
170137
170138
170139
170140
170141
170142
170143
170144
170145
170146
170147
170148
170149
170150
170151
170152
170153
170154
170155
170156
170157
170158
170159
170160
170161
170162
170163
170164
170165
170166
170167
170168
170169
170170
170171
170172
170173
170174
170175
170176
170177
170178
170179
170180
170181
170182
170183
170184
170185
170186
170187
170188
170189
170190
170191
170192
170193
170194
170195
170196
170197
170198
170199
170200
170201
170202
170203
170204
170205
170206
170207
170208
170209
170210
170211
170212
170213
170214
170215
170216
170217
170218
170219
170220
170221
170222
170223
170224
170225
170226
170227
170228
170229
170230
170231
170232
170233
170234
170235
170236
170237
170238
170239
170240
170241
170242
170243
170244
170245
170246
170247
170248
170249
170250
170251
170252
170253
170254
170255
170256
170257
170258
170259
170260
170261
170262
170263
170264
170265
170266
170267
170268
170269
170270
170271
170272
170273
170274
170275
170276
170277
170278
170279
170280
170281
170282
170283
170284
170285
170286
170287
170288
170289
170290
170291
170292
170293
170294
170295
170296
170297
170298
170299
170300
170301
170302
170303
170304
170305
170306
170307
170308
170309
170310
170311
170312
170313
170314
170315
170316
170317
170318
170319
170320
170321
170322
170323
170324
170325
170326
170327
170328
170329
170330
170331
170332
170333
170334
170335
170336
170337
170338
170339
170340
170341
170342
170343
170344
170345
170346
170347
170348
170349
170350
170351
170352
170353
170354
170355
170356
170357
170358
170359
170360
170361
170362
170363
170364
170365
170366
170367
170368
170369
170370
170371
170372
170373
170374
170375
170376
170377
170378
170379
170380
170381
170382
170383
170384
170385
170386
170387
170388
170389
170390
170391
170392
170393
170394
170395
170396
170397
170398
170399
170400
170401
170402
170403
170404
170405
170406
170407
170408
170409
170410
170411
170412
170413
170414
170415
170416
170417
170418
170419
170420
170421
170422
170423
170424
170425
170426
170427
170428
170429
170430
170431
170432
170433
170434
170435
170436
170437
170438
170439
170440
170441
170442
170443
170444
170445
170446
170447
170448
170449
170450
170451
170452
170453
170454
170455
170456
170457
170458
170459
170460
170461
170462
170463
170464
170465
170466
170467
170468
170469
170470
170471
170472
170473
170474
170475
170476
170477
170478
170479
170480
170481
170482
170483
170484
170485
170486
170487
170488
170489
170490
170491
170492
170493
170494
170495
170496
170497
170498
170499
170500
170501
170502
170503
170504
170505
170506
170507
170508
170509
170510
170511
170512
170513
170514
170515
170516
170517
170518
170519
170520
170521
170522
170523
170524
170525
170526
170527
170528
170529
170530
170531
170532
170533
170534
170535
170536
170537
170538
170539
170540
170541
170542
170543
170544
170545
170546
170547
170548
170549
170550
170551
170552
170553
170554
170555
170556
170557
170558
170559
170560
170561
170562
170563
170564
170565
170566
170567
170568
170569
170570
170571
170572
170573
170574
170575
170576
170577
170578
170579
170580
170581
170582
170583
170584
170585
170586
170587
170588
170589
170590
170591
170592
170593
170594
170595
170596
170597
170598
170599
170600
170601
170602
170603
170604
170605
170606
170607
170608
170609
170610
170611
170612
170613
170614
170615
170616
170617
170618
170619
170620
170621
170622
170623
170624
170625
170626
170627
170628
170629
170630
170631
170632
170633
170634
170635
170636
170637
170638
170639
170640
170641
170642
170643
170644
170645
170646
170647
170648
170649
170650
170651
170652
170653
170654
170655
170656
170657
170658
170659
170660
170661
170662
170663
170664
170665
170666
170667
170668
170669
170670
170671
170672
170673
170674
170675
170676
170677
170678
170679
170680
170681
170682
170683
170684
170685
170686
170687
170688
170689
170690
170691
170692
170693
170694
170695
170696
170697
170698
170699
170700
170701
170702
170703
170704
170705
170706
170707
170708
170709
170710
170711
170712
170713
170714
170715
170716
170717
170718
170719
170720
170721
170722
170723
170724
170725
170726
170727
170728
170729
170730
170731
170732
170733
170734
170735
170736
170737
170738
170739
170740
170741
170742
170743
170744
170745
170746
170747
170748
170749
170750
170751
170752
170753
170754
170755
170756
170757
170758
170759
170760
170761
170762
170763
170764
170765
170766
170767
170768
170769
170770
170771
170772
170773
170774
170775
170776
170777
170778
170779
170780
170781
170782
170783
170784
170785
170786
170787
170788
170789
170790
170791
170792
170793
170794
170795
170796
170797
170798
170799
170800
170801
170802
170803
170804
170805
170806
170807
170808
170809
170810
170811
170812
170813
170814
170815
170816
170817
170818
170819
170820
170821
170822
170823
170824
170825
170826
170827
170828
170829
170830
170831
170832
170833
170834
170835
170836
170837
170838
170839
170840
170841
170842
170843
170844
170845
170846
170847
170848
170849
170850
170851
170852
170853
170854
170855
170856
170857
170858
170859
170860
170861
170862
170863
170864
170865
170866
170867
170868
170869
170870
170871
170872
170873
170874
170875
170876
170877
170878
170879
170880
170881
170882
170883
170884
170885
170886
170887
170888
170889
170890
170891
170892
170893
170894
170895
170896
170897
170898
170899
170900
170901
170902
170903
170904
170905
170906
170907
170908
170909
170910
170911
170912
170913
170914
170915
170916
170917
170918
170919
170920
170921
170922
170923
170924
170925
170926
170927
170928
170929
170930
170931
170932
170933
170934
170935
170936
170937
170938
170939
170940
170941
170942
170943
170944
170945
170946
170947
170948
170949
170950
170951
170952
170953
170954
170955
170956
170957
170958
170959
170960
170961
170962
170963
170965
170966
170967
170968
170969
170970
170971
170972
170973
170974
170975
170976
170977
170978
170979
170980
170981
170982
170983
170984
170985
170986
170987
170988
170989
170990
170991
170992
170993
170994
170995
170996
170997
170998
170999
171000
171001
171002
171003
171004
171005
171006
171007
171008
171009
171010
171011
171012
171013
171014
171015
171016
171017
171018
171019
171020
171021
171022
171023
171024
171025
171026
171027
171028
171029
171030
171031
171032
171033
171034
171035
171036
171037
171038
171039
171040
171041
171042
171043
171044
171045
171046
171047
171048
171049
171050
171051
171052
171053
171054
171055
171056
171057
171058
171059
171060
171061
171062
171063
171064
171065
171066
171067
171068
171069
171070
171071
171072
171073
171074
171075
171076
171077
171078
171079
171080
171081
171082
171083
171084
171085
171086
171087
171088
171089
171090
171091
171092
171093
171094
171095
171096
171097
171098
171099
171100
171101
171102
171103
171104
171105
171106
171107
171108
171109
171110
171111
171112
171113
171114
171115
171116
171117
171118
171119
171120
171121
171122
171123
171124
171125
171126
171127
171128
171129
171130
171131
171132
171133
171134
171135
171136
171137
171138
171139
171140
171141
171142
171143
171144
171145
171146
171147
171148
171149
171150
171151
171152
171153
171154
171155
171156
171157
171158
171159
171160
171161
171162
171163
171164
171165
171166
171167
171168
171169
171170
171171
171172
171173
171174
171175
171176
171177
171178
171179
171180
171181
171182
171183
171184
171185
171186
171187
171188
171189
171190
171191
171192
171193
171194
171195
171196
171197
171198
171199
171200
171201
171202
171203
171204
171205
171206
171207
171208
171209
171210
171211
171212
171213
171214
171215
171216
171217
171218
171219
171220
171221
171222
171223
171224
171225
171226
171227
171228
171229
171230
171231
171232
171233
171234
171235
171236
171237
171238
171239
171240
171241
171242
171243
171244
171245
171246
171247
171248
171249
171250
171251
171252
171253
171254
171255
171256
171257
171258
171259
171260
171261
171262
171263
171264
171265
171266
171267
171268
171269
171270
171271
171272
171273
171274
171275
171276
171277
171278
171279
171280
171281
171282
171283
171284
171285
171286
171287
171288
171289
171290
171291
171292
171293
171294
171295
171296
171297
171298
171299
171300
171301
171302
171303
171304
171305
171306
171307
171308
171309
171310
171311
171312
171313
171314
171315
171316
171317
171318
171319
171320
171321
171322
171323
171324
171325
171326
171327
171328
171329
171330
171331
171332
171333
171334
171335
171336
171337
171338
171339
171340
171341
171342
171343
171344
171345
171346
171347
171348
171349
171350
171351
171352
171353
171354
171355
171356
171357
171358
171359
171360
171361
171362
171363
171364
171365
171366
171367
171368
171369
171370
171371
171372
171373
171374
171375
171376
171377
171378
171379
171380
171381
171382
171383
171384
171385
171386
171387
171388
171389
171390
171391
171392
171393
171394
171395
171396
171397
171398
171399
171400
171401
171402
171403
171404
171405
171406
171407
171408
171409
171410
171411
171412
171413
171414
171415
171416
171417
171418
171419
171420
171421
171422
171423
171424
171425
171426
171427
171428
171429
171430
171431
171432
171433
171434
171435
171436
171437
171438
171439
171440
171441
171442
171443
171444
171445
171446
171447
171448
171449
171450
171451
171452
171453
171454
171455
171456
171457
171458
171459
171460
171461
171462
171463
171464
171465
171466
171467
171468
171469
171470
171471
171472
171473
171474
171475
171476
171477
171478
171479
171480
171481
171482
171483
171484
171485
171486
171487
171488
171489
171490
171491
171492
171493
171494
171495
171496
171497
171498
171499
171500
171501
171502
171503
171504
171505
171506
171507
171508
171509
171510
171511
171512
171513
171514
171515
171516
171517
171518
171519
171520
171521
171522
171523
171524
171525
171526
171527
171528
171529
171530
171531
171532
171533
171534
171535
171536
171537
171538
171539
171540
171541
171542
171543
171544
171545
171546
171547
171548
171549
171550
171551
171552
171553
171554
171555
171556
171557
171558
171559
171560
171561
171562
171563
171564
171565
171566
171567
171568
171569
171570
171571
171572
171573
171574
171575
171576
171577
171578
171579
171580
171581
171582
171583
171584
171585
171586
171587
171588
171589
171590
171591
171592
171593
171594
171595
171596
171597
171598
171599
171600
171601
171602
171603
171604
171605
171606
171607
171608
171609
171610
171611
171612
171613
171614
171615
171616
171617
171618
171619
171620
171621
171622
171623
171624
171625
171626
171627
171628
171629
171630
171631
171632
171633
171634
171635
171636
171637
171638
171639
171640
171641
171642
171643
