212094
212095
212096
212097
212098
212099
212100
212101
212102
212103
212104
212105
212106
212107
212108
212109
212110
212111
212112
212113
212114
212115
212116
212117
212118
212119
212120
212121
212122
212123
212124
212125
212126
212127
212128
212129
212130
212131
212132
212133
212134
212135
212136
212137
212138
212139
212140
212141
212142
212143
212144
212145
212146
212147
212148
212149
212150
212151
212152
212153
212154
212155
212156
212157
212158
212159
212160
212161
212162
212163
212164
212165
212166
212167
212168
212169
212170
212171
212172
212173
212174
212175
212176
212177
212178
212179
212180
212181
212182
212183
212184
212185
212186
212187
212188
212189
212190
212191
212192
212193
212194
212195
212196
212197
212198
212199
212200
212201
212202
212203
212204
212205
212206
212207
212208
212209
212210
212211
212212
212213
212214
212215
212216
212217
212218
212219
212220
212221
212222
212223
212224
212225
212226
212227
212228
212229
212230
212231
212232
212233
212234
212235
212236
212237
212238
212239
212240
212241
212242
212243
212244
212245
212246
212247
212248
212249
212250
212251
212252
212253
212254
212255
212256
212257
212258
212259
212260
212261
212262
212263
212264
212265
212266
212267
212268
212269
212270
212271
212272
212273
212274
212275
212276
212277
212278
212279
212280
212281
212282
212283
212284
212285
212286
212287
212288
212289
212290
212291
212292
212293
212294
212295
212296
212297
212298
212299
212300
212301
212302
212303
212304
212305
212306
212307
212308
212309
212310
212311
212312
212313
212314
212315
212316
212317
212318
212319
212320
212321
212322
212323
212324
212325
212326
212327
212328
212329
212330
212331
212332
212333
212334
212335
212336
212337
212338
212339
212340
212341
212342
212343
212344
212345
212346
212347
212348
212349
212350
212351
212352
212353
212354
212355
212356
212357
212358
212359
212360
212361
212362
212363
212364
212365
212366
212367
212368
212369
212370
212371
212372
212373
212374
212375
212376
212377
212378
212379
212380
212381
212382
212383
212384
212385
212386
212387
212388
212389
212390
212391
212392
212393
212394
212395
212396
212397
212398
212399
212400
212401
212402
212403
212404
212405
212406
212407
212408
212409
212410
212411
212412
212413
212414
212415
212416
212417
212418
212419
212420
212421
212422
212423
212424
212425
212426
212427
212428
212429
212430
212431
212432
212433
212434
212435
212436
212437
212438
212439
212440
212441
212442
212443
212444
212445
212446
212447
212448
212449
212450
212451
212452
212453
212454
212455
212456
212457
212458
212459
212460
212461
212462
212463
212464
212465
212466
212467
212468
212469
212470
212471
212472
212473
212474
212475
212476
212477
212478
212479
212480
212481
212482
212483
212484
212485
212486
212487
212488
212489
212490
212491
212492
212493
212494
212495
212496
212497
212498
212499
212500
212501
212502
212503
212504
212505
212506
212507
212508
212509
212510
212511
212512
212513
212514
212515
212516
212517
212518
212519
212520
212521
212522
212523
212524
212525
212526
212527
212528
212529
212530
212531
212532
212533
212534
212535
212536
212537
212538
212539
212540
212541
212542
212543
212544
212545
212546
212547
212548
212549
212550
212551
212552
212553
212554
212555
212556
212557
212558
212559
212560
212561
212562
212563
212564
212565
212566
212567
212568
212569
212570
212571
212572
212573
212574
212575
212576
212577
212578
212579
212580
212581
212582
212583
212584
212585
212586
212587
212588
212589
212590
212591
212592
212593
212594
212595
212596
212597
212598
212599
212600
212601
212602
212603
212604
