235943
235944
235945
235946
235947
235948
235949
235950
235951
235952
235953
235954
235955
235956
235957
235958
235959
235960
235961
235962
235963
235964
235965
235966
235967
235968
235969
235970
235971
235972
235973
235974
235975
235976
235977
235978
235979
235980
235981
235982
235983
235984
235985
235986
235987
235988
235989
235990
235991
235992
235993
235994
235995
235996
235997
235998
235999
236000
236001
236002
236003
236004
236005
236006
236007
236008
236009
236010
236011
236012
236013
236014
236015
236016
236017
236018
236019
236020
236021
236022
236023
236024
236025
236026
236027
236028
236029
236030
236031
236032
236033
236034
236035
236036
236037
236038
236039
236040
236041
236042
236043
236044
236045
236046
236047
236048
236049
236050
236051
236052
236053
236054
236055
236056
236057
236058
236059
236060
236061
236062
236063
236064
236065
236066
236067
236068
236069
236070
236071
236072
236073
236074
236075
236076
236077
236078
236079
236080
236081
236082
236083
236084
236085
236086
236087
236088
236089
236090
236091
236092
236093
236094
236095
236096
236097
236098
236099
236100
236101
236102
236103
236104
236105
236106
236107
236108
236109
236110
236111
236112
236113
236114
236115
236116
236117
236118
236119
236120
236121
236122
236123
236124
236125
236126
236127
236128
236129
236130
236131
236132
236133
236134
236135
236136
236137
236138
236139
236140
236141
236142
236143
236144
236145
236146
236147
236148
236149
236150
236151
236152
236153
236154
236155
236156
236157
236158
236159
236160
236161
236162
236163
236164
236165
236166
236167
236168
236169
236170
236171
236172
236173
236174
236175
236176
236177
236178
236179
236180
236181
236182
236183
236184
236185
236186
236187
236188
236189
236190
236191
236192
236193
236194
236195
236196
236197
236198
236199
236200
236201
236202
236203
236204
236205
236206
236207
236208
236209
236210
236211
236212
236213
236214
236215
236216
236217
236218
236219
236220
236221
236222
236223
236224
236225
236226
236227
236228
236229
236230
236231
236232
236233
236234
236235
236236
236237
236238
236239
236240
236241
236242
236243
236244
236245
236246
236247
236248
236249
236250
236251
236252
236253
236254
236255
236256
236257
236258
236259
236260
236261
236262
236263
236264
236265
236266
236267
236268
236269
236270
236271
236272
236273
236274
236275
236276
236277
236278
236279
236280
236281
236282
236283
236284
236285
236286
236287
236288
236289
236290
236291
236292
236293
236294
236295
236296
236297
236298
236299
236300
236301
236302
236303
236304
236305
236306
236307
236308
236309
236310
236311
236312
236313
236314
236315
236316
236317
236318
236319
236320
236321
236322
236323
236324
236325
236326
236327
236328
236329
236330
236331
236332
236333
236334
236335
236336
236337
236338
236339
236340
236341
236342
236343
236344
236345
236346
236347
236348
236349
236350
236351
236352
236353
236354
236355
236356
236357
236358
236359
236360
236361
236362
236363
236364
236365
236366
236367
236368
236369
236370
236371
236372
236373
236374
236375
236376
236377
236378
236379
236380
236381
236382
236383
236384
236385
236386
236387
236388
236389
236390
236391
236392
236393
236394
236395
236396
236397
236398
236399
236400
236401
236402
236403
236404
236405
236406
236407
236408
236409
236410
236411
236412
236413
236414
236415
236416
236417
236418
236419
236420
236421
236422
236423
236424
236425
236426
236427
236428
236429
236430
236431
236432
236433
236434
236435
236436
236437
236438
236439
236440
236441
236442
236443
236444
236445
236446
236447
236448
236449
236450
236451
236452
236453
236454
236455
236456
236457
236458
236459
236460
236461
236462
236463
236464
236465
236466
236467
236468
236469
236470
236471
236472
236473
236474
236475
236476
236477
236478
236479
236480
236481
236482
236483
236484
236485
236486
236487
236488
236489
236490
236491
236492
236493
236494
236495
236496
236497
236498
236499
236500
236501
236502
236503
236504
236505
236506
236507
236508
236509
236510
236511
236512
236513
236514
236515
236516
236517
236518
236519
236520
236521
236522
236523
236524
236525
236526
236527
236528
236529
236530
236531
236532
236533
236534
236535
236536
236537
236538
236539
236540
236541
236542
236543
236544
236545
236546
236547
236548
236549
236550
236551
236552
236553
236554
236555
236556
236557
236558
236559
236560
236561
236562
236563
236564
236565
236566
236567
236568
236569
236570
236571
236572
236573
236574
236575
236576
236577
236578
236579
236580
236581
236582
236583
236584
236585
236586
236587
236588
236589
236590
236591
236592
236593
236594
236595
236596
236597
236598
236599
236600
236601
236602
236603
236604
236605
236606
236607
236608
236609
236610
236611
236612
236613
236614
236615
236616
236617
236618
236619
236620
236621
236622
236623
236624
236625
236626
236627
236628
236629
236630
236631
236632
236633
236634
236635
236636
236637
236638
236639
236640
236641
236642
236643
236644
236645
236646
236647
236648
236649
236650
236651
236652
236653
236654
236655
236656
236657
236658
236659
236660
236661
236662
236663
236664
236665
236666
236667
236668
236669
236670
236671
236672
236673
236674
236675
236676
236677
236678
236679
236680
236681
236682
236683
236684
236685
236686
236687
236688
236689
236690
236691
236692
236693
236694
236695
236696
236697
236698
236699
236700
236701
236702
236703
236704
236705
236706
236707
236708
236709
236710
236711
236712
236713
236714
236715
236716
236717
236718
236719
236720
236721
236722
236723
236724
236725
236726
236727
236728
236729
236730
236731
236732
236733
236734
236735
236736
236737
236738
236739
236740
236741
236742
236743
236744
236745
236746
236747
236748
236749
236750
236751
236752
236753
236754
236755
236756
236757
236758
236759
236760
236761
236762
236763
236764
236765
236766
236767
236768
236769
236770
236771
236772
236773
236774
236775
236776
236777
236778
236779
236780
236781
236782
236783
236784
236785
236786
236787
236788
236789
236790
236791
236792
236793
236794
236795
236796
236797
236798
236799
236800
236801
236802
236803
236804
236805
236806
236807
236808
236809
236810
236811
236812
236813
236814
236815
236816
236817
236818
236819
236820
236821
236822
236823
236824
236825
236826
236827
236828
236829
236830
236831
236832
236833
236834
236835
236836
236837
236838
236839
236840
236841
236842
236843
236844
236845
236846
236847
236848
236849
236850
236851
236852
236853
236854
236855
236856
236857
236858
236859
236860
236861
236862
236863
236864
236865
236866
236867
236868
236869
236870
236871
236872
236873
236874
236875
236876
236877
236878
236879
236880
236881
236882
236883
236884
236885
236886
236887
236888
236889
236890
236891
236892
236893
236894
236895
236896
236897
236898
236899
236900
236901
236902
236903
236904
236905
236906
236907
236908
236909
236910
236911
236912
236913
236914
236915
236916
236917
236918
236919
236920
236921
236922
236923
236924
236925
236926
236927
236928
236929
236930
236931
236932
236933
236934
236935
236936
236937
236938
236939
236940
236941
236942
236943
236944
236945
236946
236947
236948
236949
236950
236951
236952
236953
236954
236955
236956
236957
236958
236959
236960
236961
236962
236963
236964
236965
236966
236967
236968
236969
236970
236971
236972
236973
236974
236975
236976
236977
236978
236979
236980
236981
236982
236983
236984
236985
236986
236987
236988
236989
236990
236991
236992
236993
236994
236995
236996
236997
236998
236999
237000
237001
237002
237003
237004
237005
237006
237007
237008
237009
237010
237011
237012
237013
237014
237015
237016
237017
237018
237019
237020
237021
237022
237023
237024
237025
237026
237027
237028
237029
237030
237031
237032
237033
237034
237035
237036
237037
237038
237039
237040
237041
237042
237043
237044
237045
237046
237047
237048
237049
237050
237051
237052
237053
237054
237055
237056
237057
237058
237059
237060
237061
237062
237063
237064
237065
237066
237067
237068
237069
237070
237071
237072
237073
237074
237075
237076
237077
237078
237079
237080
237081
237082
237083
237084
237085
237086
237087
237088
237089
237090
237091
237092
237093
237094
237095
237096
237097
237098
237099
237100
237101
237102
237103
237104
237105
237106
237107
237108
237109
237110
237111
237112
237113
237114
237115
237116
237117
237118
237119
237120
237121
237122
237123
237124
237125
237126
237127
237128
237129
237130
237131
237132
237133
237134
237135
237136
237137
237138
237139
237140
237141
237142
237143
237144
237145
237146
237147
237148
237149
237150
237151
237152
237153
237154
237155
237156
237157
237158
237159
237160
237161
237162
237163
237164
237165
237166
237167
237168
237169
237170
237171
237172
237173
237174
237175
237176
237177
237178
237179
237180
237181
237182
237183
237184
237185
237186
237187
237188
237189
237190
237191
237192
237193
237194
237195
237196
237197
237198
237199
237200
237201
237202
237203
237204
237205
237206
237207
237208
237209
237210
237211
237212
237213
237214
237215
237216
237217
237218
237219
237220
237221
237222
237223
237224
237225
237226
237227
237228
237229
237230
237231
237232
237233
237234
237235
237236
237237
237238
237239
237240
237241
237242
237243
237244
237245
237246
237247
237248
237249
237250
237251
237252
237253
237254
237255
237256
237257
237258
237259
237260
237261
237262
237263
237264
237265
237266
237267
237268
237269
237270
237271
237272
237273
237274
237275
237276
237277
237278
237279
237280
237281
237282
237283
237284
237285
237286
237287
237288
237289
237290
237291
237292
237293
237294
237295
237296
237297
237298
237299
237300
237301
237302
237303
237304
237305
237306
237307
237308
237309
237310
237311
237312
237313
237314
237315
237316
237317
237318
237319
237320
237321
237322
237323
237324
237325
237326
237327
237328
237329
237330
237331
237332
237333
237334
237335
237336
237337
237338
237339
237340
237341
237342
237343
237344
237345
237346
237347
237348
237349
237350
237351
237352
237353
237354
237355
237356
237357
237358
237359
237360
237361
237362
237363
237364
237365
237366
237367
237368
237369
237370
237371
237372
237373
237374
237375
237376
237377
237378
237379
237380
237381
237382
237383
237384
237385
237386
237387
237388
237389
237390
237391
237392
237393
237394
237395
237396
237397
237398
237399
237400
237401
237402
237403
237404
237405
237406
237407
237408
237409
237410
237411
237412
237413
237414
237415
237416
237417
237418
237419
237420
237421
237422
237423
237424
237425
237426
237427
237428
237429
237430
237431
237432
237433
237434
237435
237436
237437
237438
237439
237440
237441
237442
237443
237444
237445
237446
237447
237448
237449
237450
237451
237452
237453
237454
237455
237456
237457
237458
237459
237460
237461
237462
237463
237464
237465
237466
237467
237468
237469
237470
237471
237472
237473
237474
237475
237476
237477
237478
237479
237480
237481
237482
237483
237484
237485
237486
237487
237488
237489
237490
237491
237492
237493
237494
237495
237496
237497
237498
237499
237500
237501
237502
237503
237504
237505
237506
237507
237508
237509
237510
237511
237512
237513
237514
237515
237516
237517
237518
237519
237520
237521
237522
237523
237524
237525
237526
237527
237528
237529
237530
237531
237532
237533
237534
237535
237536
237537
237538
237539
237540
237541
237542
237543
237544
237545
237546
237547
237548
237549
237550
237551
237552
237553
237554
237555
237556
237557
237558
237559
237560
237561
237562
237563
237564
237565
237566
237567
237568
237569
237570
237571
237572
237573
237574
237575
237576
237577
237578
237579
237580
237581
237582
237583
237584
237585
237586
237587
237588
237589
237590
237591
237592
237593
237594
237595
237596
237597
237598
237599
237600
237601
237602
237603
237604
237605
237606
237607
237608
237609
237610
237611
237612
237613
237614
237615
237616
237617
237618
237619
237620
237621
237622
237623
237624
237625
237626
237627
237628
237629
237630
237631
237632
237633
237634
237635
237636
237637
237638
237639
237640
237641
237642
237643
237644
237645
237646
237647
237648
237649
237650
237651
237652
237653
237654
237655
237656
237657
237658
237659
237660
237661
237662
237663
237664
237665
237666
237667
237668
237669
237670
237671
237672
237673
237674
237675
237676
237677
237678
237679
237680
237681
237682
237683
237684
237685
237686
237687
237688
237689
237690
237691
237692
237693
237694
237695
237696
237697
237698
237699
237700
237701
237702
237703
237704
237705
237706
237707
237708
237710
237711
237712
237713
237714
237715
237716
237717
237718
237719
237720
237721
237722
237723
237724
237725
237726
237727
237728
237729
237730
237731
237732
237733
237734
237735
237736
237737
237738
237739
237740
237741
237742
237743
237744
237745
237746
237747
237748
237749
237750
237751
237752
237753
237754
237755
237756
237757
237758
237759
237760
237761
237762
237763
237764
237765
237766
237767
237768
237769
237770
237771
237772
237773
237774
237775
237776
237777
237778
237779
237780
237781
237782
237783
237784
237785
237786
237787
237788
237789
237790
237791
237792
237793
237794
237795
237796
237797
237798
237799
237800
237801
237802
237803
237804
237805
237806
237807
237808
237809
237810
237811
237812
237813
237814
237815
237816
237817
237818
237819
237820
237821
237822
237823
237824
237825
237826
237827
237828
237829
237830
237831
237832
237833
237834
237835
237836
237837
237838
237839
237840
237841
237842
237843
237844
237845
237846
237847
237848
237849
237850
237851
237852
237853
237854
237855
237856
237857
237858
237859
237860
237861
237862
237863
237864
237865
237866
237867
237868
237869
237870
237871
237872
237873
237874
237875
237876
237877
237878
237879
237880
237881
237882
237883
237884
237885
237886
237887
237888
237889
237890
237891
237892
237893
237894
237895
237896
237897
237898
237899
237900
237901
237902
237903
237904
237905
237906
237907
237908
237909
237910
237911
237912
237913
237914
237915
237916
237917
237918
237919
237920
237921
237922
237923
237924
237925
237926
237927
237928
237929
237930
237931
237932
237933
237934
237935
237936
237937
237938
237939
237940
237941
237942
237943
237944
237945
237946
237947
237948
237949
237950
237951
237952
237953
237954
237955
237956
237957
237958
237959
237960
237961
237962
237963
237964
237965
237966
237967
237968
237969
237970
237971
237972
237973
237974
237975
237976
237977
237978
237979
237980
237981
237982
237983
237984
237985
237986
237987
237988
237989
237990
237991
237992
237993
237994
237995
237996
237997
237998
237999
238000
238001
238002
238003
238004
238005
238006
238007
238008
238009
238010
238011
238012
238013
238014
238015
238016
238017
238018
238019
238020
238021
238022
238023
238024
238025
238026
238027
238028
238029
238030
238031
238032
238033
238034
238035
238036
238037
238038
238039
238040
238041
238042
238043
238044
238045
238046
238047
238048
238049
238050
238051
238052
238053
238054
238055
238056
238057
238058
238059
238060
238061
238062
238063
238064
238065
238066
238067
238068
238069
238070
238071
238072
238073
238074
238075
238076
238077
238078
238079
238080
238081
238082
238083
238084
238085
238086
238087
238088
238089
238090
238091
238092
238093
238094
238095
238096
238097
238098
238099
238100
238101
238102
238103
238104
238105
238106
238107
238108
238109
238110
238111
238112
238113
238114
238115
238116
238117
238118
238119
238120
238121
238122
238123
238124
238125
238126
238127
238128
238129
238130
238131
238132
238133
238134
238135
238136
238137
238138
238139
238140
238141
238142
238143
238144
238145
238146
238147
238148
238149
238150
238151
238152
238153
238154
238155
238156
238157
238158
238159
238160
238161
238162
238163
238164
238165
238166
238167
238168
238169
238170
238171
238172
238173
238174
238175
238176
238177
238178
238179
238180
238181
238182
238183
238184
238185
238186
238187
238188
238189
238190
238191
238192
238193
238194
238195
238196
238197
238198
238199
238200
238201
238202
238203
238204
238205
238206
238207
238208
238209
238210
238211
238212
238213
238214
238215
238216
238217
238218
238219
238220
238221
238222
238223
238224
238225
238226
238227
238228
238229
238230
238231
238232
238233
238234
238235
238236
238237
238238
238239
238240
238241
238242
238243
238244
238245
238246
238247
238248
238249
238250
238251
238252
238253
238254
238255
238256
238257
238258
238259
238260
238261
238262
238263
238264
238265
238266
238267
238268
238269
238270
238271
238272
238273
238274
238275
238276
238277
238278
238279
238280
238281
238282
238283
238284
238285
238286
238287
238288
238289
238290
238291
238292
238293
238294
238295
238296
238297
238298
238299
238300
238301
238302
238303
238304
238305
238306
238307
238308
238309
238310
238311
238312
238313
238314
238315
238316
238317
238318
238319
238320
238321
238322
238323
238324
238325
238326
238327
238328
238329
238330
238331
238332
238333
238334
238335
238336
238337
238338
238339
238340
238341
238342
238343
238344
238345
238346
238347
238348
238349
238350
238351
238352
238353
238354
238355
238356
238357
238358
238359
238360
238361
238362
238363
238364
238365
238366
238367
238368
238369
238370
238371
238372
238373
238374
238375
238376
238377
238378
238379
238380
238381
238382
238383
238384
238385
238386
238387
238388
238389
238390
238391
238392
238393
238394
238395
238396
238397
238398
238399
238400
238401
238402
238403
238404
238405
238406
238407
238408
238409
238410
238411
238412
238413
238414
238415
238416
238417
238418
238419
238420
238421
238422
238423
238424
238425
238426
238427
238428
238429
238430
238431
238432
238433
238434
238435
238436
238437
238438
238439
238440
238441
238442
238443
238444
238445
238446
238447
238448
238449
238450
238451
238452
238453
238454
238455
238456
238457
238458
238459
238460
238461
238462
238463
238464
238465
238466
238467
238468
238469
238470
238471
238472
238473
238474
238475
238476
238477
238478
238479
238480
238481
238482
238483
238484
238485
238486
238487
238488
238489
238490
238491
238492
238493
238494
238495
238496
238497
238498
238499
238500
238501
238502
238503
238504
238505
238506
238507
238508
238509
238510
238511
238512
238513
238514
238515
238516
238517
238518
238519
238520
238521
238522
238523
238524
238525
238526
238527
238528
238529
238530
238531
238532
238533
238534
238535
238536
238537
238538
238539
238540
238541
238542
238543
238544
238545
238546
238547
238548
238549
238550
238551
238552
238553
238554
238555
238556
238557
238558
238559
238560
238561
238562
238563
238564
238565
238566
238567
238568
238569
238570
238571
238572
238573
238574
238575
238576
238577
238578
238579
238580
238581
238582
238583
238584
238585
238586
238587
238588
238589
238590
238591
238592
238593
238594
238595
238596
238597
238598
238599
238600
238601
238602
238603
238604
238605
238606
238607
238608
238609
238610
238611
238612
238613
238614
238615
238616
238617
238618
238619
238620
238621
238622
238623
238624
238625
238626
238627
238628
238629
238630
238631
238632
238633
238634
238635
238636
238637
238638
238639
238640
238641
238642
238643
238644
238645
238646
238647
238648
238649
238650
238651
238652
238653
238654
238655
238656
238657
238658
238659
238660
238661
238662
238663
238664
238665
238666
238667
238668
238669
238670
238671
238672
238673
238674
238675
238676
238677
238678
238679
238680
238681
238682
238683
238684
238685
238686
238687
238688
238689
238690
238691
238692
238693
238694
238695
238696
238697
238698
238699
238700
238701
238702
238703
238704
238705
238706
238707
238708
238709
238710
238711
238712
238713
238714
238715
238716
238717
238718
238719
238720
238721
238722
238723
238724
238725
238726
238727
238728
238729
238730
238731
238732
238733
238734
238735
238736
238737
238738
238739
238740
238741
238742
238743
238744
238745
238746
238747
238748
238749
238750
238751
238752
238753
238754
238755
238756
238757
238758
238759
238760
238761
238762
238763
238764
238765
238766
238767
238768
238769
238770
238771
238772
238773
238774
238775
238776
238777
238778
238779
238780
238781
238782
238783
238784
238785
238786
238787
238788
238789
238790
238791
238792
238793
238794
238795
238796
238797
238798
238799
238800
238801
238802
238803
238804
238805
238806
238807
238808
238809
238810
238811
238812
238813
238814
238815
238816
238817
238818
238819
238820
238821
238822
238823
238824
238825
238826
238827
238828
238829
238830
238831
238832
238833
238834
238835
238836
238837
238838
238839
238840
238841
238842
238843
238844
238845
238846
238847
238848
238849
238850
238851
238852
238853
238854
238855
238856
238857
238858
238859
238860
238861
238862
238863
238864
238865
238866
238867
238868
238869
238870
238871
238872
238873
238874
238875
238876
238877
238878
238879
238880
238881
238882
238883
238884
238885
238886
238887
238888
238889
238890
238891
238892
238893
238894
238895
238896
238897
238898
238899
238900
238901
238902
238903
238904
238905
238906
238907
238908
238909
238910
238911
238912
238913
238914
238915
238916
238917
238918
238919
238920
238921
238922
238923
238924
238925
238926
238927
238928
238929
238930
238931
238932
238933
238934
238935
238936
238937
238938
238939
238940
238941
238942
238943
238944
238945
238946
238947
238948
238949
238950
238951
238952
238953
238954
238955
238956
238957
238958
238959
238960
238961
238962
238963
238964
238965
238966
238967
238968
238969
238970
238971
238972
238973
238974
238975
238976
238977
238978
238979
238980
238981
238982
238983
238984
238985
238986
238987
238988
238989
238990
238991
238992
238993
238994
238995
238996
238997
238998
238999
239000
239001
239002
239003
239004
239005
239006
239007
239008
239010
239011
239012
239013
239014
239015
239016
239017
239018
239019
239020
239021
239022
239023
239024
239025
239026
