205447
205448
205449
205450
205451
205452
205453
205454
205455
205456
205457
205458
205459
205460
205461
205462
205463
205464
205465
205466
205467
205468
205469
205470
205471
205472
205473
205474
205475
205476
205477
205478
205479
205480
205481
205482
205483
205484
205485
205486
205487
205488
205489
205490
205491
205492
205493
205494
205495
205496
205497
205498
205499
205500
205501
205502
205503
205504
205505
205506
205507
205508
205509
205510
205511
205512
205513
205514
205515
205516
205517
205518
205519
205520
205521
205522
205523
205524
205525
205526
205527
205528
205529
205530
205531
205532
205533
205534
205535
205536
205537
205538
205539
205540
205541
205542
205543
205544
205545
205546
205547
205548
205549
205550
205551
205552
205553
205554
205555
205556
205557
205558
205559
205560
205561
205562
205563
205564
205565
205566
205567
205568
205569
205570
205571
205572
205573
205574
205575
205576
205577
205578
205579
205580
205581
205582
205583
205584
205585
205586
205587
205588
205589
205590
205591
205592
205593
205594
205595
205596
205597
205598
205599
205600
205601
205602
205603
205604
205605
205606
205607
205608
205609
205610
205611
205612
205613
205614
205615
205616
205617
205618
205619
205620
205621
205622
205623
205624
205625
205626
205627
205628
205629
205630
205631
205632
205633
205634
205635
205636
205637
205638
205639
205640
205641
205642
205643
205644
205645
205646
205647
205648
205649
205650
205651
205652
205653
205654
205655
205656
205657
205658
205659
205660
205661
205662
205663
205664
205665
205666
205667
205668
205669
205670
205671
205672
205673
205674
205675
205676
205677
205678
205679
205680
205681
205682
205683
205684
205685
205686
205687
205688
205689
205690
205691
205692
205693
205694
205695
205696
205697
205698
205699
205700
205701
205702
205703
205704
205705
205706
205707
205708
205709
205710
205711
205712
205713
205714
205715
205716
205717
205718
205719
205720
205721
205722
205723
205724
205725
205726
205727
205728
205729
205730
205731
205732
205733
205734
205735
205736
205737
205738
205739
205740
205741
205742
205743
205744
205745
205746
205747
205748
205749
205750
205751
205752
205753
205754
205755
205756
205757
205758
205759
205760
205761
205762
205763
205764
205765
205766
205767
205768
205769
205770
205771
205772
205773
205774
205775
205776
205777
205778
205779
205780
205781
205782
205783
205784
205785
205786
205787
205788
205789
205790
205791
205792
205793
205794
205795
205796
205797
205798
205799
205800
205801
205802
205803
205804
205805
205806
205807
205808
205809
205810
205811
205812
205813
205814
205815
205816
205817
205818
205819
205820
205821
205822
205823
205824
205825
205826
205827
205828
205829
205830
205831
205832
205833
205834
205835
205836
205837
205838
205839
205840
205841
205842
205843
205844
205845
205846
205847
205848
205849
205850
205851
205852
205853
205854
205855
205856
205857
205858
205859
205860
205861
205862
205863
205864
205865
205866
205867
205868
205869
205870
205871
205872
205873
205874
205875
205876
205877
205878
205879
205880
205881
205882
205883
205884
205885
205886
205887
205888
205889
205890
205891
205892
205893
205894
205895
205896
205897
205898
205899
205900
205901
205902
205903
205904
205905
205906
205907
205908
205909
205910
205911
205912
205913
205914
205915
205916
205917
205918
205919
205920
205921
205922
205923
205924
205925
205926
205927
205928
205929
205930
205931
205932
205933
205934
205935
205936
205937
205938
205939
205940
205941
205942
205943
205944
205945
205946
205947
205948
205949
205950
205951
205952
205953
205954
205955
205956
205957
205958
205959
205960
205961
205962
205963
205964
205965
205966
205967
205968
205969
205970
205971
205972
205973
205974
205975
205976
205977
205978
205979
205980
205981
205982
205983
205984
205985
205986
205987
205988
205989
205990
205991
205992
205993
205994
205995
205996
205997
205998
205999
206000
206001
206002
206003
206004
206005
206006
206007
206008
206009
206010
206011
206012
206013
206014
206015
206016
206017
206018
206019
206020
206021
206022
206023
206024
206025
206026
206027
206028
206029
206030
206031
206032
206033
206034
206035
206036
206037
206038
206039
206040
206041
206042
206043
206044
206045
206046
206047
206048
206049
206050
206051
206052
206053
206054
206055
206056
206057
206058
206059
206060
206061
206062
206063
206064
206065
206066
206067
206068
206069
206070
206071
206072
206073
206074
206075
206076
206077
206078
206079
206080
206081
206082
206083
206084
206085
206086
206087
206088
206089
206090
206091
206092
206093
206094
206095
206096
206097
206098
206099
206100
206101
206102
206103
206104
206105
206106
206107
206108
206109
206110
206111
206112
206113
206114
206115
206116
206117
206118
206119
206120
206121
206122
206123
206124
206125
206126
206127
206128
206129
206130
206131
206132
206133
206134
206135
206136
206137
206138
206139
206140
206141
206142
206143
206144
206145
206146
206147
206148
206149
206150
206151
206152
206153
206154
206155
206156
206157
206158
206159
206160
206161
206162
206163
206164
206165
206166
206167
206168
206169
206170
206171
206172
206173
206174
206175
206176
206177
206178
206179
206180
206181
206182
206183
206184
206185
206186
206187
206188
206189
206190
206191
206192
206193
206194
206195
206196
206197
206198
206199
206200
206201
206202
206203
206204
206205
206206
206207
206208
206209
206210
206211
206212
206213
206214
206215
206216
206217
206218
206219
206220
206221
206222
206223
206224
206225
206226
206227
206228
206229
206230
206231
206232
206233
206234
206235
206236
206237
206238
206239
206240
206241
206242
206243
206244
206245
206246
206247
206248
206249
206250
206251
206252
206253
206254
206255
206256
206257
206258
206259
206260
206261
206262
206263
206264
206265
206266
206267
206268
206269
206270
206271
206272
206273
206274
206275
206276
206277
206278
206279
206280
206281
206282
206283
206284
206285
206286
206287
206288
206289
206290
206291
206292
206293
206294
206295
206296
206297
206298
206299
206300
206301
206302
206303
206304
206305
206306
206307
206308
206309
206310
206311
206312
206313
206314
206315
206316
206317
206318
206319
206320
206321
206322
206323
206324
206325
206326
206327
206328
206329
206330
206331
206332
206333
206334
206335
206336
206337
206338
206339
206340
206341
206342
206343
206344
206345
206346
206347
206348
206349
206350
206351
206352
206353
206354
206355
206356
206357
206358
206359
206360
206361
206362
206363
206364
206365
206366
206367
206368
206369
206370
206371
206372
206373
206374
206375
206376
206377
206378
206379
206380
206381
206382
206383
206384
206385
206386
206387
206388
206389
206390
206391
206392
206393
206394
206395
206396
206397
206398
206399
206400
206401
206402
206403
206404
206405
206406
206407
206408
206409
206410
206411
206412
206413
206414
206415
206416
206417
206418
206419
206420
206421
206422
206423
206424
206425
206426
206427
206428
206429
206430
206431
206432
206433
206434
206435
206436
206437
206438
206439
206440
206441
206442
206443
206444
206445
206446
206447
206448
206449
206450
206451
206452
206453
206454
206455
206456
206457
206458
206459
206460
206461
206462
206463
206464
206465
206466
206467
206468
206469
206470
206471
206472
206473
206474
206475
206476
206477
206478
206479
206480
206481
206482
206483
206484
206485
206486
206487
206488
206489
206490
206491
206492
206493
206494
206495
206496
206497
206498
206499
206500
206501
206502
206503
206504
206505
206506
206507
206508
206509
206510
206511
206512
206513
206514
206515
206516
206517
206518
206519
206520
206521
206522
206523
206524
206525
206526
206527
206528
206529
206530
206531
206532
206533
206534
206535
206536
206537
206538
206539
206540
206541
206542
206543
206544
206545
206546
206547
206548
206549
206550
206551
206552
206553
206554
206555
206556
206557
206558
206559
206560
206561
206562
206563
206564
206565
206566
206567
206568
206569
206570
206571
206572
206573
206574
206575
206576
206577
206578
206579
206580
206581
206582
206583
206584
206585
206586
206587
206588
206589
206590
206591
206592
206593
206594
206595
206596
206597
206598
206599
206600
206601
206602
206603
206604
206605
206606
206607
206608
206609
206610
206611
206612
206613
206614
206615
206616
206617
206618
206619
206620
206621
206622
206623
206624
206625
206626
206627
206628
206629
206630
206631
206632
206633
206634
206635
206636
206637
206638
206639
206640
206641
206642
206643
206644
206645
206646
206647
206648
206649
206650
206651
206652
206653
206654
206655
206656
206657
206658
206659
206660
206661
206662
206663
206664
206665
206666
206667
206668
206669
206670
206671
206672
206673
206674
206675
206676
206677
206678
206679
206680
206681
206682
206683
206684
206685
206686
206687
206688
206689
206690
206691
206692
206693
206694
206695
206696
206697
206698
206699
206700
206701
206702
206703
206704
206705
206706
206707
206708
206709
206710
206711
206712
206713
206714
206715
206716
206717
206718
206719
206720
206721
206722
206723
206724
206725
206726
206727
206728
206729
206730
206731
206732
206733
206734
206735
206736
206737
206738
206739
206740
206741
206742
206743
206744
206745
206746
206747
206748
206749
206750
206751
206752
206753
206754
206755
206756
206757
206758
206759
206760
206761
206762
206763
206764
206765
206766
206767
206768
206769
206770
206771
206772
206773
206774
206775
206776
206777
206778
206779
206780
206781
206782
206783
206784
206785
206786
206787
206788
206789
206790
206791
206792
206793
206794
206795
206796
206797
206798
206799
206800
206801
206802
206803
206804
206805
206806
206807
206808
206809
206810
206811
206812
206813
206814
206815
206816
206817
206818
206819
206820
206821
206822
206823
206824
206825
206826
206827
206828
206829
206830
206831
206832
206833
206834
206835
206836
206837
206838
206839
206840
206841
206842
206843
206844
206845
206846
206847
206848
206849
206850
206851
206852
206853
206854
206855
206856
206857
206858
206859
206860
206861
206862
206863
206864
206865
206866
206867
206868
206869
206870
206871
206872
206873
206874
206875
206876
206877
206878
206879
206880
206881
206882
206883
206884
206885
206886
206887
206888
206889
206890
206891
206892
206893
206894
206895
206896
206897
206898
206899
206900
206901
206902
206903
206904
206905
206906
206907
206908
206909
206910
206911
206912
206913
206914
206915
206916
206917
206918
206919
206920
206921
206922
206923
206924
206925
206926
206927
206928
206929
206930
206931
206932
206933
206934
206935
206936
206937
206938
206939
206940
206941
206942
206943
206944
206945
206946
206947
206948
206949
206950
206951
206952
206953
206954
206955
206956
206957
206958
206959
206960
206961
206962
206963
206964
206965
206966
206967
206968
206969
206970
206971
206972
206973
206974
206975
206976
206977
206978
206979
206980
206981
206982
206983
206984
206985
206986
206987
206988
206989
206990
206991
206992
206993
206994
206995
206996
206997
206998
206999
207000
207001
207002
207003
207004
207005
207006
207007
207008
207009
207010
207011
207012
207013
207014
207015
207016
207017
207018
207019
207020
207021
207022
207023
207024
207025
207026
207027
207028
207029
207030
207031
207032
207033
207034
207035
207036
207037
207038
207039
207040
207041
207042
207043
207044
207045
207046
207047
207048
207049
207050
207051
207052
207053
207054
207055
207056
207057
207058
207059
207060
207061
207062
207063
207064
207065
207066
207067
207068
207069
207070
207071
207072
207073
207074
207075
207076
207077
207078
207079
207080
207081
207082
207083
207084
207085
207086
207087
207088
207089
207090
207091
207092
207093
207094
207095
207096
207097
207098
207099
207100
207101
207102
207103
207104
207105
207106
207107
207108
207109
207110
207111
207112
207113
207114
207115
207116
207117
207118
207119
207120
207121
207122
207123
207124
207125
207126
207127
207128
207129
207130
207131
207132
207133
207134
207135
207136
207137
207138
207139
207140
207141
207142
207143
207144
207145
207146
207147
207148
207149
207150
207151
207152
207153
207154
207155
207156
207157
207158
207159
207160
207161
207162
207163
207164
207165
207166
207167
207168
207169
207170
207171
207172
207173
207174
207175
207176
207177
207178
207179
207180
207181
207182
207183
207184
207185
207186
207187
207188
207189
207190
207191
207192
207193
207194
207195
207196
207197
207198
207199
207200
207201
207202
207203
207204
207205
207206
207207
207208
207209
207210
207211
207212
207213
207214
207215
207216
207217
207218
207219
207220
207221
207222
207223
207224
207225
207226
207227
207228
207229
207230
207231
207232
207233
207234
207235
207236
207237
207238
207239
207240
207241
207242
207243
207244
207245
207246
207247
207248
207249
207250
207251
207252
207253
207254
207255
207256
207257
207258
207259
207260
207261
207262
207263
207264
207265
207266
207267
207268
207269
207270
207271
207272
207273
207274
207275
207276
207277
207278
207279
207280
207281
207282
207283
207284
207285
207286
207287
207288
207289
207290
207291
207292
207293
207294
207295
207296
207297
207298
207299
207300
207301
207302
207303
207304
207305
207306
207307
207308
207309
207310
207311
207312
207313
207314
207315
207316
207317
207318
207319
207320
207321
207322
207323
207324
207325
207326
207327
207328
207329
207330
207331
207332
207333
207334
207335
207336
207337
207338
207339
207340
207341
207342
207343
207344
207345
207346
207347
207348
207349
207350
207351
207352
207353
207354
207355
207356
207357
207358
207359
207360
207361
207362
207363
207364
207365
207366
207367
207368
207369
207370
207371
207372
207373
207374
207375
207376
207377
207378
207379
207380
207381
207382
207383
207384
207385
207386
207387
207388
207389
207390
207391
207392
207393
207394
207395
207396
207397
207398
207399
207400
207401
207402
207403
207404
207405
207406
207407
207408
207409
207410
207411
207412
207413
207414
207415
207416
207417
207418
207419
207420
207421
207422
207423
207424
207425
207426
207427
207428
207429
207430
207431
207432
207433
207434
207435
207436
207437
207438
207439
207440
207441
207442
207443
207444
207445
207446
207447
207448
207449
207450
207451
207452
207453
207454
207455
207456
207457
207458
207459
207460
207461
207462
207463
207464
207465
207466
207467
207468
207469
207470
207471
207472
207473
207474
207475
207476
207477
207478
207479
207480
207481
207482
207483
207484
207485
207486
207487
207488
207489
207490
207491
207492
207493
207494
207495
207496
207497
207498
207499
207500
207501
207502
207503
207504
207505
207506
207507
207508
207509
207510
207511
207512
207513
207514
207515
207516
207517
207518
207519
207520
207521
207522
207523
207524
207525
207526
207527
207528
207529
207530
207531
207532
207533
207534
207535
207536
207537
207538
207539
207540
207541
207542
207543
207544
207545
207546
207547
207548
207549
207550
207551
207552
207553
207554
207555
207556
207557
207558
207559
207560
207561
207562
207563
207564
207565
207566
207567
207568
207569
207570
207571
207572
207573
207574
207575
207576
207577
207578
207579
207580
207581
207582
207583
207584
207585
207586
207587
207588
207589
207590
207591
207592
207593
207594
207595
207596
207597
207598
207599
207600
207601
207602
207603
207604
207605
207606
207607
207608
207609
207610
207611
207612
207613
207614
207615
207616
207617
207618
207619
207620
207621
207622
207623
207624
207625
207626
207627
207628
207629
207630
207631
207632
207633
207634
207635
207636
207637
207638
207639
207640
207641
207642
207643
207644
207645
207646
207647
207648
207649
207650
207651
207652
207653
207654
207655
207656
207657
207658
207659
207660
207661
207662
207663
207664
207665
207666
207667
207668
207669
207670
207671
207672
207673
207674
207675
207676
207677
207678
207679
207680
207681
207682
207683
207684
207685
207686
207687
207688
207689
207690
207691
207692
207693
207694
207695
207696
207697
207698
207699
207700
207701
207702
207703
207704
207705
207706
207707
207708
207709
207710
207711
207712
207713
207714
207715
207716
207717
207718
207719
207720
207721
207722
207723
207724
207725
207726
207727
207728
207729
207730
207731
207732
207733
207734
207735
207736
207737
207738
207739
207740
207741
207742
207743
207744
207745
207746
207747
207748
207749
207750
207751
207752
207753
207754
207755
207756
207757
207758
207759
207760
207761
207762
207763
207764
207765
207766
207767
207768
207769
207770
207771
207772
207773
207774
207775
207776
207777
207778
207779
207780
207781
207782
207783
207784
207785
207786
207787
207788
207789
207790
207791
207792
207793
207794
207795
207796
207797
207798
207799
207800
207801
207802
207803
207804
207805
207806
207807
207808
207809
207810
207811
207812
207813
207814
207815
207816
207817
207818
207819
207820
207821
207822
207823
207824
207825
207826
207827
207828
207829
207830
207831
207832
207833
207834
207835
207836
207837
207838
207839
207840
207841
207842
207843
207844
207845
207846
207847
207848
207849
207850
207851
207852
207853
207854
207855
207856
207857
207858
207859
207860
207861
207862
207863
207864
207865
207866
207867
207868
207869
207870
207871
207872
207873
207874
207875
207876
207877
207878
207879
207880
207881
207882
207883
207884
207885
207886
207887
207888
207889
207890
207891
207892
207893
207894
207895
207896
207897
207898
207899
207900
207901
207902
207903
207904
207905
207906
207907
207908
207909
207910
207911
207912
207913
207914
207915
207916
207917
207918
207919
207920
207921
207922
207923
207924
207925
207926
207927
207928
207929
207930
207931
207932
207933
207934
207935
207936
207937
207938
207939
207940
207941
207942
207943
207944
207945
207946
207947
207948
207949
207950
207951
207952
207953
207954
207955
207956
207957
207958
207959
207960
207961
207962
207963
207964
207965
207966
207967
207968
207969
207970
207971
207972
207973
207974
207975
207976
207977
207978
207979
207980
207981
207982
207983
207984
207985
207986
207987
207988
207989
207990
207991
207992
207993
207994
207995
207996
207997
207998
207999
208000
208001
208002
208003
208004
208005
208006
208007
208008
208009
208010
208011
208012
208013
208014
208015
208016
208017
208018
208019
208020
208021
208022
208023
208024
208025
208026
208027
208028
208029
208030
208031
208032
208033
208034
208035
208036
208037
208038
208039
208040
208041
208042
208043
208044
208045
208046
208047
208048
208049
208050
208051
208052
208053
208054
208055
208056
208057
208058
208059
208060
208061
208062
208063
208064
208065
208066
208067
208068
208069
208070
208071
208072
208073
208074
208075
208076
208077
208078
208079
208080
208081
208082
208083
208084
208085
208086
208087
208088
208089
208090
208091
208092
208093
208094
208095
208096
208097
208098
208099
208100
208101
208102
208103
208104
208105
208106
208107
208108
208109
208110
208111
208112
208113
208114
208115
208116
208117
208118
208119
208120
208121
208122
208123
208124
208125
208126
208127
208128
208129
208130
208131
208132
208133
208134
208135
208136
208137
208138
208139
208140
208141
208142
208143
208144
208145
208146
208147
208148
208149
208150
208151
208152
208153
208154
208155
208156
208157
208158
208159
208160
208161
208162
208163
208164
208165
208166
208167
208168
208169
208170
208171
208172
208173
208174
208175
208176
208177
208178
208179
208180
208181
208182
208183
208184
208185
208186
208187
208188
208189
208190
208191
208192
208193
208194
208195
208196
208197
208198
208199
208200
208201
208202
208203
208204
208205
208206
208207
208208
208209
208210
208211
208212
208213
208214
208215
208216
208217
208218
208219
208220
208221
208222
208223
208224
208225
208226
208227
208228
208229
208230
208231
208232
208233
208234
208235
208236
208237
208238
208239
208240
208241
208242
208243
208244
208245
208246
208247
208248
208249
208250
208251
208252
208253
208254
208255
208256
208257
208258
208259
208260
208261
208262
208263
208264
208265
208266
208267
208268
208269
208270
208271
208272
208273
208274
208275
208276
208277
208278
208279
208280
208281
208282
208283
208284
208285
208286
208287
208288
208289
208290
208291
208292
208293
208294
208295
208296
208297
208298
208299
208300
208301
208302
208303
208304
208305
208306
208307
208308
208309
208310
208311
208312
208313
208314
208315
208316
208317
208318
208319
208320
208321
208322
208323
208324
208325
208326
208327
208328
208329
208330
208331
208332
208333
208334
208335
208336
208337
208338
208339
208340
208341
208342
208343
208344
208345
208346
208347
208348
208349
208350
208351
208352
208353
208354
208355
208356
208357
208358
208359
208360
208361
208362
208363
208364
208365
208366
208367
208368
208369
208370
208371
208372
208373
208374
208375
208376
208377
208378
208379
208380
208381
208382
208383
208384
208385
208386
208387
208388
208389
208390
208391
208392
208393
208394
208395
208396
208397
208398
208399
208400
208401
208402
208403
208404
208405
208406
208407
208408
208409
208410
208411
208412
208413
208414
208415
208416
208417
208418
208419
208420
208421
208422
208423
208424
208425
208426
208427
208428
208429
208430
208431
208432
208433
208434
208435
208436
208437
208438
208439
208440
208441
208442
208443
208444
208445
208446
208447
208448
208449
208450
208451
208452
208453
208454
208455
208456
208457
208458
208459
208460
208461
208462
208463
208464
208465
208466
208467
208468
208469
208470
208471
208472
208473
208474
208475
208476
208477
208478
208479
208480
208481
208482
208483
208484
208485
208486
208487
208488
208489
208490
208491
208492
208493
208494
208495
208496
208497
208498
208499
208500
208501
208502
208503
208504
208505
208506
208507
208508
208509
208510
208511
208512
208513
208514
208515
208516
208517
208518
208519
208520
208521
208522
208523
208524
208525
208526
208527
208528
208529
208530
208531
208532
208533
208534
208535
208536
208537
208538
208539
208540
208541
208542
208543
208544
208545
208546
208547
208548
208549
208550
208551
208552
208553
208554
208555
208556
208557
208558
208559
208560
208561
208562
208563
208564
208565
208566
208567
208568
208569
208570
208571
208572
208573
208574
208575
208576
208577
208578
208579
208580
208581
208582
208583
208584
208585
208586
208587
208588
208589
208590
208591
208592
208593
208594
208595
208596
208597
208598
208599
208600
208601
208602
208603
208604
208605
208606
208607
208608
208609
208610
208611
208612
208613
208614
208615
208616
208617
208618
208619
208620
208621
208622
208623
208624
208625
208626
208627
208628
208629
208630
208631
208632
208633
208634
208635
208636
208637
208638
208639
208640
208641
208642
208643
208644
208645
208646
208647
208648
208649
208650
208651
208652
208653
208654
208655
208656
208657
208658
208659
208660
208661
208662
208663
208664
208665
208666
208667
208668
208669
208670
208671
208672
208673
208674
208675
208676
208677
208678
208679
208680
208681
208682
208683
208684
208685
208686
208687
208688
208689
208690
208691
208692
208693
208694
208695
208696
208697
208698
208699
208700
208701
208702
208703
208704
208705
208706
208707
208708
208709
208710
208711
208712
208713
208714
208715
208716
208717
208718
208719
208720
208721
208722
208723
208724
208725
208726
208727
208728
208729
208730
208731
208732
208733
208734
208735
208736
208737
208738
208739
208740
208741
208742
208743
208744
208745
208746
208747
208748
208749
208750
208751
208752
208753
208754
208755
208756
208757
208758
208759
208760
208761
208762
208763
208764
208765
208766
208767
208768
208769
208770
208771
208772
208773
208774
208775
208776
208777
208778
208779
208780
208781
208782
208783
208784
208785
208786
208787
208788
208789
208790
208791
208792
208793
208794
208795
208796
208797
208798
208799
208800
208801
208802
208803
208804
208805
208806
208807
208808
208809
208810
208811
208812
208813
208814
208815
208816
208817
208818
208819
208820
208821
208822
208823
208824
208825
208826
208827
208828
208829
208830
208831
208832
208833
208834
208835
208836
208837
208838
208839
208840
208841
208842
208843
208844
208845
208846
208847
208848
208849
208850
208851
208852
208853
208854
208855
208856
208857
208858
208859
208860
208862
