731137
731138
731139
731140
731141
731142
731143
731144
731145
731146
731147
731148
731149
731150
731151
731152
731153
731154
731155
731156
731157
731158
731159
731160
731161
731162
731163
731164
731165
731166
731167
731168
731169
731170
731171
731172
731173
731174
731175
731176
731177
731178
731179
731180
731181
731182
731183
731184
731185
731186
731187
731188
731189
731190
731191
731192
731193
731194
731195
731196
731197
731198
731199
731200
731201
731202
731203
731204
731205
731206
731207
731208
731209
731210
731211
731212
731213
731214
731215
731216
731217
731218
731219
731220
731221
731222
731223
731224
731225
731226
731227
731228
731229
731230
731231
731232
731233
731234
731235
731236
731237
731238
731239
731240
731241
731242
731243
731244
731245
731246
731247
731248
731249
731250
731251
731252
731253
731254
731255
731256
731257
731258
731259
731260
731261
731262
731263
731264
731265
731266
731267
731268
731269
731270
731271
731272
731273
731274
731275
731276
731277
731278
731279
731280
731281
731282
731283
731284
731285
731286
731287
731288
731289
731290
731291
731292
731293
731294
731295
731296
731297
731298
731299
731300
731301
731302
731303
731304
731305
731306
731307
731308
731309
731310
731311
731312
731313
731314
731315
731316
731317
731318
731319
731320
731321
731322
731323
731324
731325
731326
731327
731328
731329
731330
731331
731332
731333
731334
731335
731336
731337
731338
731339
731340
731341
731342
731343
731344
731345
731346
731347
731348
731349
731350
731351
731352
731353
731354
731355
731356
731357
731358
731359
731360
731361
731362
731363
731364
731365
731366
731367
731368
731369
731370
731371
731372
731373
731374
731375
731376
731377
731378
731379
731380
731381
731382
731383
731384
731385
731386
731387
731388
731389
731390
731391
731392
731393
731394
731395
731396
731397
731398
731399
731400
731401
731402
731403
731404
731405
731406
731407
731408
731409
731410
731411
731412
731413
731414
731415
731416
731417
731418
731419
731420
731421
731422
731423
731424
731425
731426
731427
731428
731429
731430
731431
731432
731433
731434
731435
731436
731437
731438
731439
731440
731441
731442
731443
731444
731445
731446
731447
731448
731449
731450
731451
731452
731453
731454
731455
731456
731457
731458
731459
731460
731461
731462
731463
731464
731465
731466
731467
731468
731469
731470
731471
731472
731473
731474
731475
731476
731477
731478
731479
731480
731481
731482
731483
731484
731485
731486
731487
731488
731489
731490
731491
731492
731493
731494
731495
731496
731497
731498
731499
731500
731501
731502
731503
731504
731505
731506
731507
731508
731509
731510
731511
731512
731513
731514
731515
731516
731517
731518
731519
731520
731521
731522
731523
731524
731525
731526
731527
731528
731529
731530
731531
731532
731533
731534
731535
731536
731537
731538
731539
731540
731541
731542
731543
731544
731545
731546
731547
731548
731549
731550
731551
731552
731553
731554
731555
731556
731557
731558
731559
731560
731561
731562
731563
731564
731565
731566
731567
731568
731569
731570
731571
731572
731573
731574
731575
731576
731577
731578
731579
731580
731581
731582
731583
731584
731585
731586
731587
731588
731589
731590
731591
731592
731593
731594
731595
731596
731597
731598
731599
731600
731601
731602
731603
731604
731605
731606
731607
731608
731609
731610
731611
731612
731613
731614
731615
731616
731617
731618
731619
731620
731621
731622
731623
731624
731625
731626
731627
731628
731629
731630
731631
731632
731633
731634
731635
731636
731637
731638
731639
731640
731641
731642
731643
731644
731645
731646
731647
731648
731649
731650
731651
731652
731653
731654
731655
731656
731657
731658
731659
731660
731661
731662
731663
731664
731665
731666
731667
731668
731669
731670
731671
731672
731673
731674
731675
731676
731677
731678
731679
731680
731681
731682
731683
731684
731685
731686
731687
731688
731689
731690
731691
731692
731693
731694
731695
731696
731697
731698
731699
731700
731701
731702
731703
731704
731705
731706
731707
731708
731709
731710
731711
731712
731713
731714
731715
731716
731717
731718
731719
731720
731721
731722
731723
731724
731725
731726
731727
731728
731729
731730
731731
731732
731733
731734
731735
731736
731737
731738
731739
731740
731741
731742
731743
731744
731745
731746
731747
731748
731749
731750
731751
731752
731753
731754
731755
731756
731757
731758
731759
731760
731761
731762
731763
731764
731765
731766
731767
731768
731769
731770
731771
731772
731773
731774
731775
731776
731777
731778
731779
731780
731781
731782
731783
731784
731785
731786
731787
731788
731789
731790
731791
731792
731793
731794
731795
731796
731797
731798
731799
731800
731801
731802
731803
731804
731805
731806
731807
731808
731809
731810
731811
731812
731813
731814
731815
731816
731817
731818
731819
731820
731821
731822
731823
731824
731825
731826
731827
731828
731829
731830
731831
731832
731833
731834
731835
731836
731837
731838
731839
731840
731841
731842
731843
731844
731845
731846
731847
731848
731849
731850
731851
731852
731853
731854
731855
731856
731857
731858
731859
731860
731861
731862
731863
731864
731865
731866
731867
731868
731869
731870
731871
731872
731873
731874
731875
731876
731877
731878
731879
731880
731881
731882
731883
731884
731885
731886
731887
731888
731889
731890
731891
731892
731893
731894
731895
731896
731897
731898
731899
731900
731901
731902
731903
731904
731905
731906
731907
731908
731909
731910
731911
731912
731913
731914
731915
731916
731917
731918
731919
731920
731921
731922
731923
731924
731925
731926
731927
731928
731929
731930
731931
731932
731933
731934
731935
731936
731937
731938
731939
731940
731941
731942
731943
731944
731945
731946
731947
731948
731949
731950
731951
731952
731953
731954
731955
731956
731957
731958
731959
731960
731961
731962
731963
731964
731965
731966
731967
731968
731969
731970
731971
731972
731973
731974
731975
731976
731977
731978
731979
731980
731981
731982
731983
731984
731985
731986
731987
731988
731989
731990
731991
731992
731993
731994
731995
731996
731997
731998
731999
732000
732001
732002
732003
732004
732005
732006
732007
732008
732009
732010
732011
732012
732013
732014
732015
732016
732017
732018
732019
732020
732021
732022
732023
732024
732025
732026
732027
732028
732029
732030
732031
732032
732033
732034
732035
732036
732037
732038
732039
732040
732041
732042
732043
732044
732045
732046
732047
732048
732049
732050
732051
732052
732053
732054
732055
732056
732057
732058
732059
732060
732061
732062
732063
732064
732065
732066
732067
732068
732069
732070
732071
732072
732073
732074
732075
732076
732077
732078
732079
732080
732081
732082
732083
732084
732085
732086
732087
732088
732089
732090
732091
732092
732093
732094
732095
732096
732097
732098
732099
732100
732101
732102
732103
732104
732105
732106
732107
732108
732109
732110
732111
732112
732113
732114
732115
732116
732117
732118
732119
732120
732121
732122
732123
732124
732125
732126
732127
732128
732129
732130
732131
732132
732133
732134
732135
732136
732137
732138
732139
732140
732141
732142
732143
732144
732145
732146
732147
732148
732149
732150
732151
732152
732153
732154
732155
732156
732157
732158
732159
732160
732161
732162
732163
732164
732165
732166
732167
732168
732169
732170
732171
732172
732173
732174
732175
732176
732177
732178
732179
732180
732181
732182
732183
732184
732185
732186
732187
732188
732189
732190
732191
732192
732193
732194
732195
732196
732197
732198
732199
732200
732201
732202
732203
732204
732205
732206
732207
732208
732209
732210
732211
732212
732213
732214
732215
732216
732217
732218
732219
732220
732221
732222
732223
732224
732225
732226
732227
732228
732229
732230
732231
732232
732233
732234
732235
732236
732237
732238
732239
732240
732241
732242
732243
732244
732245
732246
732247
732248
732249
732250
732251
732252
732253
732254
732255
732256
732257
732258
732259
732260
732261
732262
732263
732264
732265
732266
732267
732268
732269
732270
732271
732272
732273
732274
732275
732276
732277
732278
732279
732280
732281
732282
732283
732284
732285
732286
732287
732288
732289
732290
732291
732292
732293
732294
732295
732296
732297
732298
732299
732300
732301
732302
732303
732304
732305
732306
732307
732308
732309
732310
732311
732312
732313
732314
732315
732316
732317
732318
732319
732320
732321
732322
732323
732324
732325
732326
732327
732328
732329
732330
732331
732332
732333
732334
732335
732336
732337
732338
732339
732340
732341
732342
732343
732344
732345
732346
732347
732348
732349
732350
732351
732352
732353
732354
732355
732356
732357
732358
732359
732360
732361
732362
732363
732364
732365
732366
732367
732368
732369
732370
732371
732372
732373
732374
732375
732376
732377
732378
732379
732380
732381
732382
732383
732384
732385
732386
732387
732388
732389
732390
732391
732392
732393
732394
732395
732396
732397
732398
732399
732400
732401
732402
732403
732404
732405
732406
732407
732408
732409
732410
732411
732412
732413
732414
732415
732416
732417
732418
732419
732420
732421
732422
732423
732424
732425
732426
732427
732428
732429
732430
732431
732432
732433
732434
732435
732436
732437
732438
732439
732440
732441
732442
732443
732444
732445
732446
732447
732448
732449
732450
732451
732452
732453
732454
732455
732456
732457
732458
732459
732460
732461
732462
732463
732464
732465
732466
732467
732468
732469
732470
732471
732472
732473
732474
732475
732476
732477
732478
732479
732480
732481
732482
732483
732484
732485
732486
732487
732488
732489
732490
732491
732492
732493
732494
732495
732496
732497
732498
732499
732500
732501
732502
732503
732504
732505
732506
732507
732508
732509
732510
732511
732512
732513
732514
732515
732516
732517
732518
732519
732520
732521
732522
732523
732524
732525
732526
732527
732528
732529
732530
732531
732532
732533
732534
732535
732536
732537
732538
732539
732540
732541
732542
732543
732544
732545
732546
732547
732548
732549
732550
732551
732552
732553
732554
732555
732556
732557
732558
732559
732560
732561
732562
732563
732564
732565
732566
732567
732568
732569
732570
732571
732572
732573
732574
732575
732576
732577
732578
732579
732580
732581
732582
732583
732584
732585
732586
732587
732588
732589
732590
732591
732592
732593
732594
732595
732596
732597
732598
732599
732600
732601
732602
732603
732604
732605
732606
732607
732608
732609
732610
732611
732612
732613
732614
732615
732616
732617
732618
732619
732620
732621
732622
732623
732624
732625
732626
732627
732628
732629
732630
732631
732632
732633
732634
732635
732636
732637
732638
732639
732640
732641
732642
732643
732644
732645
732646
732647
732648
732649
732650
732651
732652
732653
732654
732655
732656
732657
732658
732659
732660
732661
732662
732663
732664
732665
732666
732667
732668
732669
732670
732671
732672
732673
732674
732675
732676
732677
732678
732679
732680
732681
732682
732683
732684
732685
732686
732687
732688
732689
732690
732691
732692
732693
732694
732695
732696
732697
732698
732699
732700
732701
732702
732703
732704
732705
732706
732707
732708
732709
732710
732711
732712
732713
732714
732715
732716
732717
732718
732719
732720
732721
732722
732723
732724
732725
732726
732727
732728
732729
732730
732731
732732
732733
732734
732735
732736
732737
732738
732739
732740
732741
732742
732743
732744
732745
732746
732747
732748
732749
732750
732751
732752
732753
732754
732755
732756
732757
732758
732759
732760
732761
732762
732763
732764
732765
732766
732767
732768
732769
732770
732771
732772
732773
732774
732775
732776
732777
732778
732779
732780
732781
732782
732783
732784
732785
732786
732787
732788
732789
732790
732791
732792
732793
732794
732795
732796
732797
732798
732799
732800
732801
732802
732803
732804
732805
732806
732807
732808
732809
732810
732811
732812
732813
732814
732815
732816
732817
732818
732819
732820
732821
732822
732823
732824
732825
732826
732827
732828
732829
732830
732831
732832
732833
732834
732835
732836
732837
732838
732839
732840
732841
732842
732843
732844
732845
732846
732847
732848
732849
732850
732851
732852
732853
732854
732855
732856
732857
732858
732859
732860
732861
732862
732863
732864
732865
732866
732867
732868
732869
732870
732871
732872
732873
732874
732875
732876
732877
732878
732879
732880
732881
732882
732883
732884
732885
732886
732887
732888
732889
732890
732891
732892
732893
732894
732895
732896
732897
732898
732899
732900
732901
732902
732903
732904
732905
732906
732907
732908
732909
732910
732911
732912
732913
732914
732915
732916
732917
732918
732919
732920
732921
732922
732923
732924
732925
732926
732927
732928
732929
732930
732931
732932
732933
732934
732935
732936
732937
732938
732939
732940
732941
732942
732943
732944
732945
732946
732947
732948
732949
732950
732951
732952
732953
732954
732955
732956
732957
732958
732959
732960
732961
732962
732963
732964
732965
732966
732967
732968
732969
732970
732971
732972
732973
732974
732975
732976
732977
732978
732979
732980
732981
732982
732983
732984
732985
732986
732987
732988
732989
732990
732991
732992
732993
732994
732995
732996
732997
732998
732999
733000
733001
733002
733003
733004
733005
733006
733007
733008
733009
733010
733011
733012
733013
733014
733015
733016
733017
733018
733019
733020
733021
733022
733023
733024
733025
733026
733027
733028
733029
733030
733031
733032
733033
733034
733035
733036
733037
733038
733039
733040
733041
733042
733043
733044
733045
733046
733047
733048
733049
733050
733051
733052
733053
733054
733055
733056
733057
733058
733059
733060
733061
733062
733063
733064
733065
733066
733067
733068
733069
733070
733071
733072
733073
733074
733075
733076
733077
733078
733079
733080
733081
733082
733083
733084
733085
733086
733087
733088
733089
733090
733091
733092
733093
733094
733095
733096
733097
733098
733099
733100
733101
733102
733103
733104
733105
733106
733107
733108
733109
733110
733111
733112
733113
733114
733115
733116
733117
733118
733119
733120
733121
733122
733123
733124
733125
733126
733127
733128
733129
733130
733131
733132
733133
733134
733135
733136
733137
733138
733139
733140
733141
733142
733143
733144
733145
733146
733147
733148
733149
733150
733151
733152
733153
733154
733155
733156
733157
733158
733159
733160
733161
733162
733163
733164
733165
733166
733167
733168
733169
733170
733171
733172
733173
733174
733175
733176
733177
733178
733179
733180
733181
733182
733183
733184
733185
733186
733187
733188
733189
733190
733191
733192
733193
733194
733195
733196
733197
733198
733199
733200
733201
733202
733203
733204
733205
733206
733207
733208
733209
733210
733211
733212
733213
733214
733215
733216
733217
733218
733219
733220
733221
733222
733223
733224
733225
733226
733227
733228
733229
733230
733231
733232
733233
733234
733235
733236
733237
733238
733239
733240
733241
733242
733243
733244
733245
733246
733247
733248
733249
733250
733251
733252
733253
733254
733255
733256
733257
733258
733259
733260
733261
733262
733263
733264
733265
733266
733267
733268
733269
733270
733271
733272
733273
733274
733275
733276
733277
733278
733279
733280
733281
733282
733283
733284
733285
733286
733287
733288
733289
733290
733291
733292
733293
733294
733295
733296
733297
733298
733299
733300
733301
733302
733303
733304
733305
733306
733307
733308
733309
733310
733311
733312
733313
733314
733315
733316
733317
733318
733319
733320
733321
733322
733323
733324
733325
733326
733327
733328
733329
733330
733331
733332
733333
733334
733335
733336
733337
733338
733339
733340
733341
733342
733343
733344
733345
733346
733347
733348
733349
733350
733351
733352
733353
733354
733355
733356
733357
733358
733359
733360
733361
733362
733363
733364
733365
733366
733367
733368
733369
733370
733371
733372
733373
733374
733375
733376
733377
733378
733379
733380
733381
733382
733383
733384
733385
733386
733387
733388
733389
733390
733391
733392
733393
733394
733395
733396
733397
733398
733399
733400
733401
733402
733403
733404
733405
733406
733407
733408
733409
733410
733411
733412
733413
733414
733415
733416
733417
733418
733419
733420
733421
733422
733423
733424
733425
733426
733427
733428
733429
733430
733431
733432
733433
733434
733435
733436
733437
733438
733439
733440
733441
733442
733443
733444
733445
733446
733447
733448
733449
733450
733451
733452
733453
733454
733455
733456
733457
733458
733459
733460
733461
733462
733463
733464
733465
733466
733467
733468
733469
733470
733471
733472
733473
733474
733475
733476
733477
733478
733479
733480
733481
733482
733483
733484
733485
733486
733487
733488
733489
733490
733491
733492
733493
733494
733495
733496
733497
733498
733499
733500
733501
733502
733503
733504
733505
733506
733507
733508
733509
733510
733511
733512
733513
733514
733515
733516
733517
733518
733519
733520
733521
733522
733523
733524
733525
733526
733527
733528
733529
733530
733531
733532
733533
733534
733535
733536
733537
733538
733539
733540
733541
733542
733543
733544
733545
733546
733547
733548
733549
733550
733551
733552
733553
733554
733555
733556
733557
733558
733559
733560
733561
733562
733563
733564
733565
733566
733567
733568
733569
733570
733571
733572
733573
733574
733575
733576
733577
733578
733579
733580
733581
733582
733583
733584
733585
733586
733587
733588
733589
733590
733591
733592
733593
733594
733595
733596
733597
733598
733599
733600
733601
733602
733603
733604
733605
733606
733607
733608
733609
733610
733611
733612
733613
733614
733615
733616
733617
733618
733619
733620
733621
733622
733623
733624
733625
733626
733627
733628
733629
733630
733631
733632
733633
733634
733635
733636
733637
733638
733639
733640
733641
733642
733643
733644
733645
733646
733647
733648
733649
733650
733651
733652
733653
733654
733655
733656
733657
733658
733659
733660
733661
733662
733663
733664
733665
733666
733667
733668
733669
733670
733671
733672
733673
733674
733675
733676
733677
733678
733679
733680
733681
733682
733683
733684
733685
733686
733687
733688
733689
733690
733691
733692
733693
733694
733695
733696
733697
733698
733699
733700
733701
733702
733703
733704
733705
733706
733707
733708
733709
733710
733711
733712
733713
733714
733715
733716
733717
733718
733719
733720
733721
733722
733723
733724
733725
733726
733727
733728
733729
733730
733731
733732
733733
733734
733735
733736
733737
733738
733739
733740
733741
733742
733743
733744
733745
733746
733747
733748
733749
733750
733751
733752
733753
733754
733755
733756
733757
733758
733759
733760
733761
733762
733763
733764
733765
733766
733767
733768
733769
733770
733771
733772
733773
733774
733775
733776
733777
733778
733779
733780
733781
733782
733783
733784
733785
733786
733787
733788
733789
733790
733791
733792
733793
733794
733795
733796
733797
733798
733799
733800
733801
733802
733803
733804
733805
733806
733807
733808
733809
733810
733811
733812
733813
733814
733815
733816
733817
733818
733819
733820
733821
733822
733823
733824
733825
733826
733827
733828
733829
733830
733831
733832
733833
733834
733835
733836
733837
733838
733839
733840
733841
733842
733843
733844
733845
733846
733847
733848
733849
733850
733851
733852
733853
733854
733855
733856
733857
733858
733859
733860
733861
733862
733863
733864
733865
733866
733867
733868
733869
733870
733871
733872
733873
733874
733875
733876
733877
733878
733879
733880
733881
733882
733883
733884
733885
733886
733887
733888
733889
733890
733891
733892
733893
733894
733895
733896
733897
733898
733899
733900
733901
733902
733903
733904
733905
733906
733907
733908
733909
733910
733911
733912
733913
733914
733915
733916
733917
733918
733919
733920
733921
733922
733923
733924
733925
733926
733927
733928
733929
733930
733931
733932
733933
733934
733935
733936
733937
733938
733939
733940
733941
733942
733943
733944
733945
733946
733947
733948
733949
733950
733951
733952
733953
733954
733955
733956
733957
733958
733959
733960
733961
733962
733963
733964
733965
733966
733967
733968
733969
733970
733971
733972
733973
733974
733975
733976
733977
733978
733979
733980
733981
733982
733983
733984
733985
733986
733987
733988
733989
733990
733991
733992
733993
733994
733995
733996
733997
733998
733999
734000
734001
734002
734003
734004
734005
734006
734007
734008
734009
734010
734011
734012
734013
734014
734015
734016
734017
734018
734019
734020
734021
734022
734023
734024
734025
734026
734027
734028
734029
734030
734031
734032
734033
734034
734035
734036
734037
734038
734039
734040
734041
734042
734043
734044
734045
734046
734047
734048
734049
734050
734051
734052
734053
734054
734055
734056
734057
734058
734059
734060
734061
734062
734063
734064
734065
734066
734067
734068
734069
734070
734071
734072
734073
734074
734075
734076
734077
734078
734079
734080
734081
734082
734083
734084
734085
734086
734087
734088
734089
734090
734091
734092
734093
734094
734095
734096
734097
734098
734099
734100
734101
734102
734103
734104
734105
734106
734107
734108
734109
734110
734111
734112
734113
734114
734115
734116
734117
734118
734119
734120
734121
734122
734123
734124
734125
734126
734127
734128
734129
734130
734131
734132
734133
734134
734135
734136
734137
734138
734139
734140
734141
734142
734143
734144
734145
734146
734147
734148
734149
734150
734151
734152
734153
734154
734155
734156
734157
734158
734159
734160
734161
734162
734163
734164
734165
734166
734167
734168
734169
734170
734171
734172
734173
734174
734175
734176
734177
734178
734179
734180
734181
734182
734183
734184
734185
734186
734187
734188
734189
734190
734191
734192
734193
734194
734195
734196
734197
734198
734199
734200
734201
734202
734203
734204
734205
734206
734207
734208
734209
734210
734211
734212
734213
734214
734215
734216
734217
734218
734219
734220
734221
734222
734223
734224
734225
734226
734227
734228
734229
734230
734231
734232
734233
734234
734235
734236
734237
734238
734239
734240
734241
734242
734243
734244
734245
734246
734247
734248
734249
734250
734251
734252
734253
734254
734255
734256
734257
734258
734259
734260
734261
734262
734263
734264
734265
734266
734267
734268
734269
734270
734271
734272
734273
734274
734275
734276
734277
734278
734279
734280
734281
734282
734283
734284
734285
734286
734287
734288
734289
734290
734291
734292
734293
734294
734295
734296
734297
734298
734299
734300
734301
734302
734303
734304
734305
734306
734307
734308
734309
734310
734311
734312
734313
734314
734315
734316
734317
734318
734319
734320
734321
734322
734323
734324
734325
734326
734327
734328
734329
734330
734331
734332
734333
734334
734335
734336
734337
734338
734339
734340
734341
734342
734343
734344
734345
734346
734347
734348
734349
734350
734351
734352
734353
734354
734355
734356
734357
734358
734359
734360
734361
734362
734363
734364
734365
734366
734367
734368
734369
734370
734371
734372
734373
734374
734375
734376
734377
734378
734379
734380
734381
734382
734383
734384
734385
734386
734387
734388
734389
734390
734391
734392
734393
734394
734395
734396
734397
734398
734399
734400
734401
734402
734403
734404
734405
734406
734407
734408
734409
734410
734411
734412
734413
734414
734415
734416
734417
734418
734419
734420
734421
734422
734423
734424
734425
734426
734427
734428
734429
734430
734431
734432
734433
734434
734435
734436
734437
734438
734439
734440
734441
734442
734443
734444
734445
734446
734447
734448
734449
734450
734451
734452
734453
734454
734455
734456
734457
734458
734459
734460
734461
734462
734463
734464
734465
734466
734467
734468
734469
734470
734471
734472
734473
734474
734475
734476
734477
734478
734479
734480
734481
734482
734483
734484
734485
734486
734487
734488
734489
734490
734491
734492
734493
734494
734495
734496
734497
734498
734499
734500
734501
734502
734503
734504
734505
734506
734507
734508
734509
734510
734511
734512
734513
734514
734515
734516
734517
734518
734519
734520
734521
734522
734523
734524
734525
734526
734527
734528
734529
734530
734531
734532
734533
734534
734535
734536
734537
734538
734539
734540
734541
734542
734543
734544
734545
734546
734547
734548
734549
734550
734551
734552
734553
734554
734555
734556
734557
734558
734559
734560
734561
734562
734563
734564
734565
734566
734567
734568
734569
734570
734571
734572
734573
734574
734575
734576
734577
734578
734579
734580
734581
734582
734583
734584
734585
734586
734587
734588
734589
734590
734591
734592
734593
734594
734595
734596
734597
734598
734599
734600
734601
734602
734603
734604
734605
734606
734607
734608
734609
734610
734611
734612
734613
734614
734615
734616
734617
734618
734619
734620
734621
734622
734623
734624
734625
734626
734627
734628
734629
734630
734631
734632
734633
734634
734635
734636
734637
734638
734639
734640
