678135
678136
678137
678138
678139
678140
678141
678142
678143
678144
678145
678146
678147
678148
678149
678150
678151
678152
678153
678154
678155
678156
678157
678158
678159
678160
678161
678162
678163
678164
678165
678166
678167
678168
678169
678170
678171
678172
678173
678174
678175
678176
678177
678178
678179
678180
678181
678182
678183
678184
678185
678186
678187
678188
678189
678190
678191
678192
678193
678194
678195
678196
678197
678198
678199
678200
678201
678202
678203
678204
678205
678206
678207
678208
678209
678210
678211
678212
678213
678214
678215
678216
678217
678218
678219
678220
678221
678222
678223
678224
678225
678226
678227
678228
678229
678230
678231
678232
678233
678234
678235
678236
678237
678238
678239
678240
678241
678242
678243
678244
678245
678246
678247
678248
678249
678250
678251
678252
678253
678254
678255
678256
678257
678258
678259
678260
678261
678262
678263
678264
678265
678266
678267
678268
678269
678270
678271
678272
678273
678274
678275
678276
678277
678278
678279
678280
678281
678282
678283
678284
678285
678286
678287
678288
678289
678290
678291
678292
678293
678294
678295
678296
678297
678298
678299
678300
678301
678302
678303
678304
678305
678306
678307
678308
678309
678310
678311
678312
678313
678314
678315
678316
678317
678318
678319
678320
678321
678322
678323
678324
678325
678326
678327
678328
678329
678330
678331
678332
678333
678334
678335
678336
678337
678338
678339
678340
678341
678342
678343
678344
678345
678346
678347
678348
678349
678350
678351
678352
678353
678354
678355
678356
678357
678358
678359
678360
678361
678362
678363
678364
678365
678366
678367
678368
678369
678370
678371
678372
678373
678374
678375
678376
678377
678378
678379
678380
678381
678382
678383
678384
678385
678386
678387
678388
678389
678390
678391
678392
678393
678394
678395
678396
678397
678398
678399
678400
678401
678402
678403
678404
678405
678406
678407
678408
678409
678410
678411
678412
678413
678414
678415
678416
678417
678418
678419
678420
678421
678422
678423
678424
678425
678426
678427
678428
678429
678430
678431
678432
678433
678434
678435
678436
678437
678438
678439
678440
678441
678442
678443
678444
678445
678446
678447
678448
678449
678450
678451
678452
678453
678454
678455
678456
678457
678458
678459
678460
678461
678462
678463
678464
678465
678466
678467
678468
678469
678470
678471
678472
678473
678474
678475
678476
678477
678478
678479
678480
678481
678482
678483
678484
678485
678486
678487
678488
678489
678490
678491
678492
678493
678494
678495
678496
678497
678498
678499
678500
678501
678502
678503
678504
678505
678506
678507
678508
678509
678510
678511
678512
678513
678514
678515
678516
678517
678518
678519
678520
678521
678522
678523
678524
678525
678526
678527
678528
678529
678530
678531
678532
678533
678534
678535
678536
678537
678538
678539
678540
678541
678542
678543
678544
678545
678546
678547
678548
678549
678550
678551
678552
678553
678554
678555
678556
678557
678558
678559
678560
678561
678562
678563
678564
678565
678566
678567
678568
678569
678570
678571
678572
678573
678574
678575
678576
678577
678578
678579
678580
678581
678582
678583
678584
678585
678586
678587
678588
678589
678590
678591
678592
678593
678594
678595
678596
678597
678598
678599
