655315
655316
655317
655318
655319
655320
655321
655322
655323
655324
655325
655326
655327
655328
655329
655330
655331
655332
655333
655334
655335
655336
655337
655338
655339
655340
655341
655342
655343
655344
655345
655346
655347
655348
655349
655350
655351
655352
655353
655354
655355
655356
655357
655358
655359
655360
655361
655362
655363
655364
655365
655366
655367
655368
655369
655370
655371
655372
655373
655374
655375
655376
655377
655378
655379
655380
655381
655382
655383
655384
655385
655386
655387
655388
655389
655390
655391
655392
655393
655394
655395
655396
655397
655398
655399
655400
655401
655402
655403
655404
655405
655406
655407
655408
655409
655410
655411
655412
655413
655414
655415
655416
655417
655418
655419
655420
655421
655422
655423
655424
655425
655426
655427
655428
655429
655430
655431
655432
655433
655434
655435
655436
655437
655438
655439
655440
655441
655442
655443
655444
655445
655446
655447
655448
655449
655450
655451
655452
655453
655454
655455
655456
655457
655458
655459
655460
655461
655462
655463
655464
655465
655466
655467
655468
655469
655470
655471
655472
655473
655474
655475
655476
655477
655478
655479
655480
655481
655482
655483
655484
655485
655486
655487
655488
655489
655490
655491
655492
655493
655494
655495
655496
655497
655498
655499
655500
655501
655502
655503
655504
655505
655506
655507
655508
655509
655510
655511
655512
655513
655514
655515
655516
655517
655518
655519
655520
655521
655522
655523
655524
655525
655526
655527
655528
655529
655530
655531
655532
655533
655534
655535
655536
655537
655538
655539
655540
655541
655542
655543
655544
655545
655546
655547
655548
655549
655550
655551
655552
655553
655554
655555
655556
655557
655558
655559
655560
655561
655562
655563
655564
655565
655566
655567
655568
655569
655570
655571
655572
655573
655574
655575
655576
655577
655578
655579
655580
655581
655582
655583
655584
655585
655586
655587
655588
655589
655590
655591
655592
655593
655594
655595
655596
655597
655598
655599
655600
655601
655602
655603
655604
655605
655606
655607
655608
655609
655610
655611
655612
655613
655614
655615
655616
655617
655618
655619
655620
655621
655622
655623
655624
655625
655626
655627
655628
655629
655630
655631
655632
655633
655634
655635
655636
655637
655638
655639
655640
655641
655642
655643
655644
655645
655646
655647
655648
655649
655650
655651
655652
655653
655654
655655
655656
655657
655658
655659
655660
655661
655662
655663
655664
655665
655666
655667
655668
655669
655670
655671
655672
655673
655674
655675
655676
655677
655678
655679
655680
655681
655682
655683
655684
655685
655686
655687
655688
655689
655690
655691
655692
655693
655694
655695
655696
655697
655698
655699
655700
655701
655702
655703
655704
655705
655706
655707
655708
655709
655710
655711
655712
655713
655714
655715
655716
655717
655718
655719
655720
655721
655722
655723
655724
655725
655726
655727
655728
655729
655730
655731
655732
655733
655734
655735
655736
655737
655738
655739
655740
655741
655742
655743
655744
655745
655746
655747
655748
655749
655750
655751
655752
655753
655754
655755
655756
655757
655758
655759
655760
655761
655762
655763
655764
655765
655766
655767
655768
655769
655770
655771
655772
655773
655774
655775
655776
655777
655778
655779
655780
655781
655782
655783
655784
655785
655786
655787
655788
655789
655790
655791
655792
655793
655794
655795
655796
655797
655798
655799
655800
655801
655802
655803
655804
655805
655806
655807
655808
655809
655810
655811
655812
655813
655814
655815
655816
655817
655818
655819
655820
655821
655822
655823
655824
655825
655826
655827
655828
655829
655830
655831
655832
655833
655834
655835
655836
655837
655838
655839
655840
655841
655842
655843
655844
655845
655846
655847
655848
655849
655850
655851
655852
655853
655854
655855
655856
655857
655858
655859
655860
655861
655862
655863
655864
655865
655866
655867
655868
655869
655870
655871
655872
655873
655874
655875
655876
655877
655878
655879
655880
655881
655882
655883
655884
655885
655886
655887
655888
655889
655890
655891
655892
655893
655894
655895
655896
655897
655898
655899
655900
655901
655902
655903
655904
655905
655906
655907
655908
655909
655910
655911
655912
655913
655914
655915
655916
655917
655918
655919
655920
655921
655922
655923
655924
655925
655926
655927
655928
655929
655930
655931
655932
655933
655934
655935
655936
655937
655938
655939
655940
655941
655942
655943
655944
655945
655946
655947
655948
655949
655950
655951
655952
655953
655954
655955
655956
655957
655958
655959
655960
655961
655962
655963
655964
655965
655966
655967
655968
655969
655970
655971
655972
655973
655974
655975
655976
655977
655978
655979
655980
655981
655982
655983
655984
655985
655986
655987
655988
655989
655990
655991
655992
655993
655994
655995
655996
655997
655998
655999
656000
656001
656002
656003
656004
656005
656006
656007
656008
656009
656010
656011
656012
656013
656014
656015
656016
656017
656018
656019
656020
656021
656022
656023
656024
656025
656026
656027
656028
656029
656030
656031
656032
656033
656034
656035
656036
656037
656038
656039
656040
656041
656042
656043
656044
656045
656046
656047
656048
656049
656050
656051
656052
656053
656054
656055
656056
656057
656058
656059
656060
656061
656062
656063
656064
656065
656066
656067
656068
656069
656070
656071
656072
656073
656074
656075
656076
656077
656078
656079
656080
656081
656082
656083
656084
656085
656086
656087
656088
656089
656090
656091
656092
656093
656094
656095
656096
656097
656098
656099
656100
656101
656102
656103
656104
656105
656106
656107
656108
656109
656110
656111
656112
656113
656114
656115
656116
656117
656118
656119
656120
656121
656122
656123
656124
656125
656126
656127
656128
656129
656130
656131
656132
656133
656134
656135
656136
656137
656138
656139
656140
656141
656142
656143
656144
656145
656146
656147
656148
656149
656150
656151
656152
656153
656154
656155
656156
656157
656158
656159
656160
656161
656162
656163
656164
656165
656166
656167
656168
656169
656170
656171
656172
656173
656174
656175
656176
656177
656178
656179
656180
656181
656182
656183
656184
656185
656186
656187
656188
656189
656190
656191
656192
656193
656194
656195
656196
656197
656198
656199
656200
656201
656202
656203
656204
656205
656206
656207
656208
656209
656210
656211
656212
656213
656214
656215
656216
656217
656218
656219
656220
656221
656222
656223
656224
656225
656226
656227
656228
656229
656230
656231
656232
656233
656234
656235
656236
656237
656238
656239
656240
656241
656242
656243
656244
656245
656246
656247
656248
656249
656250
656251
656252
656253
656254
656255
656256
656257
656258
656259
656260
656261
656262
656263
656264
656265
656266
656267
656268
656269
656270
656271
656272
656273
656274
656275
656276
656277
656278
656279
656280
656281
656282
656283
656284
656285
656286
656287
656288
656289
656290
656291
656292
656293
656294
656295
656296
656297
656298
656299
656300
656301
656302
656303
656304
656305
656306
656307
656308
656309
656310
656311
656312
656313
656314
656315
656316
656317
656318
656319
656320
656321
656322
656323
656324
656325
656326
656327
656328
656329
656330
656331
656332
656333
656334
656335
656336
656337
656338
656339
656340
656341
656342
656343
656344
656345
656346
656347
656348
656349
656350
656351
656352
656353
656354
656355
656356
656357
656358
656359
656360
656361
656362
656363
656364
656365
656366
656367
656368
656369
656370
656371
656372
656373
656374
656375
656376
656377
656378
656379
656380
656381
656382
656383
656384
656385
656386
656387
656388
656389
656390
656391
656392
656393
656394
656395
656396
656397
656398
656399
656400
656401
656402
656403
656404
656405
656406
656407
656408
656409
656410
656411
656412
656413
656414
656415
656416
656417
656418
656419
656420
656421
656422
656423
656424
656425
656426
656427
656428
656429
656430
656431
656432
656433
656434
656435
656436
656437
656438
656439
656440
656441
656442
656443
656444
656445
656446
656447
656448
656449
656450
656451
656452
656453
656454
656455
656456
656457
656458
656459
656460
656461
656462
656463
656464
656465
656466
656467
656468
656469
656470
656471
656472
656473
656474
656475
656476
656477
656478
656479
656480
656481
656482
656483
656484
656485
656486
656487
656488
656489
656490
656491
656492
656493
656494
656495
656496
656497
656498
656499
656500
656501
656502
656503
656504
656505
656506
656507
656508
656509
656510
656511
656512
656513
656514
656515
656516
656517
656518
656519
656520
656521
656522
656523
656524
656525
656526
656527
656528
656529
656530
656531
656532
656533
656534
656535
656536
656537
656538
656539
656540
656541
656542
656543
656544
656545
656546
656547
656548
656549
656550
656551
656552
656553
656554
656555
656556
656557
656558
656559
656560
656561
656562
656563
656564
656565
656566
656567
656568
656569
656570
656571
656572
656573
656574
656575
656576
656577
656578
656579
656580
656581
656582
656583
656584
656585
656586
656587
656588
656589
656590
656591
656592
656593
656594
656595
656596
656597
656598
656599
656600
656601
656602
656603
656604
656605
656606
656607
656608
656609
656610
656611
656612
656613
656614
656615
656616
656617
656618
656619
656620
656621
656622
656623
656624
656625
656626
656627
656628
656629
656630
656631
656632
656633
656634
656635
656636
656637
656638
656639
656640
656641
656642
656643
656644
656645
656646
656647
656648
656649
656650
656651
656652
656653
656654
656655
656656
656657
656658
656659
656660
656661
656662
656663
656664
656665
656666
656667
656668
656669
656670
656671
656672
656673
656674
656675
656676
656677
656678
656679
656680
656681
656682
656683
656684
656685
656686
656687
656688
656689
656690
656691
656692
656693
656694
656695
656696
656697
656698
656699
656700
656701
656702
656703
656704
656705
656706
656707
656708
656709
656710
656711
656712
656713
656714
656715
656716
656717
656718
656719
656720
656721
656722
656723
656724
656725
656726
656727
656728
656729
656730
656731
656732
656733
656734
656735
656736
656737
656738
656739
656740
656741
656742
656743
656744
656745
656746
656747
656748
656749
656750
656751
656752
656753
656754
656755
656756
656757
656758
656759
656760
656761
656762
656763
656764
656765
656766
656767
656768
656769
656770
656771
656772
656773
656774
656775
656776
656777
656778
656779
656780
656781
656782
656783
656784
656785
656786
656787
656788
656789
656790
656791
656792
656793
656794
656795
656796
656797
656798
656799
656800
656801
656802
656803
656804
656805
656806
656807
656808
656809
656810
656811
656812
656813
656814
656815
656816
656817
656818
656819
656820
656821
656822
656823
656824
656825
656826
656827
656828
656829
656830
656831
656832
656833
656834
656835
656836
656837
656838
656839
656840
656841
656842
656843
656844
656845
656846
656847
656848
656849
656850
656851
656852
656853
656854
656855
656856
656857
656858
656859
656860
656861
656862
656863
656864
656865
656866
656867
656868
656869
656870
656871
656872
656873
656874
656875
656876
656877
656878
656879
656880
656881
656882
656883
656884
656885
656886
656887
656888
656889
656890
656891
656892
656893
656894
656895
656896
656897
656898
656899
656900
656901
656902
656903
656904
656905
656906
656907
656908
656909
656910
656911
656912
656913
656914
656915
656916
656917
656918
656919
656920
656921
656922
656923
656924
656925
656926
656927
656928
656929
656930
656931
656932
656933
656934
656935
656936
656937
656938
656939
656940
656941
656942
656943
656944
656945
656946
656947
656948
656949
656950
656951
656952
656953
656954
656955
656956
656957
656958
656959
656960
656961
656962
656963
656964
656965
656966
656967
656968
656969
656970
656971
656972
656973
656974
656975
656976
656977
656978
656979
656980
656981
656982
656983
656984
656985
656986
656987
656988
656989
656990
656991
656992
656993
656994
656995
656996
656997
656998
656999
657000
657001
657002
657003
657004
657005
657006
657007
657008
657009
657010
657011
657012
657013
657014
657015
657016
657017
657018
657019
657020
657021
657022
657023
657024
657025
657026
657027
657028
657029
657030
657031
657032
657033
657034
657035
657036
657037
657038
657039
657040
657041
657042
657043
657044
657045
657046
657047
657048
657049
657050
657051
657052
657053
657054
657055
657056
657057
657058
657059
657060
657061
657062
657063
657064
657065
657066
657067
657068
657069
657070
657071
657072
657073
657074
657075
657076
657077
657078
657079
657080
657081
657082
657083
657084
657085
657086
657087
657088
657089
657090
657091
657092
657093
657094
657095
657096
657097
657098
657099
657100
657101
657102
657103
657104
657105
657106
657107
657108
657109
657110
657111
657112
657113
657114
657115
657116
657117
657118
657119
657120
657121
657122
657123
657124
657125
657126
657127
657128
657129
657130
657131
657132
657133
657134
657135
657136
657137
657138
657139
657140
657141
657142
657143
657144
657145
657146
657147
657148
657149
657150
657151
657152
657153
657154
657155
657156
657157
657158
657159
657160
657161
657162
657163
657164
657165
657166
657167
657168
657169
657170
657171
657172
657173
657174
657175
657176
657177
657178
657179
657180
657181
657182
657183
657184
657185
657186
657187
657188
657189
657190
657191
657192
657193
657194
657195
657196
657197
657198
657199
657200
657201
657202
657203
657204
657205
657206
657207
657208
657209
657210
657211
657212
657213
657214
657215
657216
657217
657218
657219
657220
657221
657222
657223
657224
657225
657226
657227
657228
657229
657230
657231
657232
657233
657234
657235
657236
657237
657238
657239
657240
657241
657242
657243
657244
657245
657246
657247
657248
657249
657250
657251
657252
657253
657254
657255
657256
657257
657258
657259
657260
657261
657262
657263
657264
657265
657266
657267
657268
657269
657270
657271
657272
657273
657274
657275
657276
657277
657278
657279
657280
657281
657282
657283
657284
657285
657286
657287
657288
657289
657290
657291
657292
657293
657294
657295
657296
657297
657298
657299
657300
657301
657302
657303
657304
657305
657306
657307
657308
657309
657310
657311
657312
657313
657314
657315
657316
657317
657318
657319
657320
657321
657322
657323
657324
657325
657326
657327
657328
657329
657330
657331
657332
657333
657334
657335
657336
657337
657338
657339
657340
657341
657342
657343
657344
657345
657346
657347
657348
657349
657350
657351
657352
657353
657354
657355
657356
657357
657358
657359
657360
657361
657362
657363
657364
657365
657366
657367
657368
657369
657370
657371
657372
657373
657374
657375
657376
657377
657378
657379
657380
657381
657382
657383
657384
657385
657386
657387
657388
657389
657390
657391
657392
657393
657394
657395
657396
657397
657398
657399
657400
657401
657402
657403
657404
657405
657406
657407
657408
657409
657410
657411
657412
657413
657414
657415
657416
657417
657418
657419
657420
657421
657422
657423
657424
657425
657426
657427
657428
657429
657430
657431
657432
657433
657434
657435
657436
657437
657438
657439
657440
657441
657442
657443
657444
657445
657446
657447
657448
657449
657450
657451
657452
657453
657454
657455
657456
657457
657458
657459
657460
657461
657462
657463
657464
657465
657466
657467
657468
657469
657470
657471
657472
657473
657474
657475
657476
657477
657478
657479
657480
657481
657482
657483
657484
657485
657486
657487
657488
657489
657490
657491
657492
657493
657494
657495
657496
657497
657498
657499
657500
657501
657502
657503
657504
657505
657506
657507
657508
657509
657510
657511
657512
657513
657514
657515
657516
657517
657518
657519
657520
657521
657522
657523
657524
657525
657526
657527
657528
657529
657530
657531
657532
657533
657534
657535
657536
657537
657538
657539
657540
657541
657542
657543
657544
657545
657546
657547
657548
657549
657550
657551
657552
657553
657554
657555
657556
657557
657558
657559
657560
657561
657562
657563
657564
657565
657566
657567
657568
657569
657570
657571
657572
657573
657574
657575
657576
657577
657578
657579
657580
657581
657582
657583
657584
657585
657586
657587
657588
657589
657590
657591
657592
657593
657594
657595
657596
657597
657598
657599
657600
657601
657602
657603
657604
657605
657606
657607
657608
657609
657610
657611
657612
657613
657614
657615
657616
657617
657618
657619
657620
657621
657622
657623
657624
657625
657626
657627
657628
657629
657630
657631
657632
657633
657634
657635
657636
657637
657638
657639
657640
657641
657642
657643
657644
657645
657646
657647
657648
657649
657650
657651
657652
657653
657654
657655
657656
657657
657658
657659
657660
657661
657662
657663
657664
657665
657666
657667
657668
657669
657670
657671
657672
657673
657674
657675
657676
657677
657678
657679
657680
657681
657682
657683
657684
657685
657686
657687
657688
657689
657690
657691
657692
657693
657694
657695
657696
657697
657698
657699
657700
657701
657702
657703
657704
657705
657706
657707
657708
657709
657710
657711
657712
657713
657714
657715
657716
657717
657718
657719
657720
657721
657722
657723
657724
657725
657726
657727
657728
657729
657730
657731
657732
657733
657734
657735
657736
657737
657738
657739
657740
657741
657742
657743
657744
657745
657746
657747
657748
657749
657750
657751
657752
657753
657754
657755
657756
657757
657758
657759
657760
657761
657762
657763
657764
657765
657766
657767
657768
657769
657770
657771
657772
657773
657774
657775
657776
657777
657778
657779
657780
657781
657782
657783
657784
657785
657786
657787
657788
657789
657790
657791
657792
657793
657794
657795
657796
657797
657798
657799
657800
657801
657802
657803
657804
657805
657806
657807
657808
657809
657810
657811
657812
657813
657814
657815
657816
657817
657818
657819
657820
657821
657822
657823
657824
657825
657826
657827
657828
657829
657830
657831
657832
657833
657834
657835
657836
657837
657838
657839
657840
657841
657842
657843
657844
657845
657846
657847
657848
657849
657850
657851
657852
657853
657854
657855
657856
657857
657858
657859
657860
657861
657862
657863
657864
657865
657866
657867
657868
657869
657870
657871
657872
657873
657874
657875
657876
657877
657878
657879
657880
657881
657882
657883
657884
657885
657886
657887
657888
657889
657890
657891
657892
657893
657894
657895
657896
657897
657898
657899
657900
657901
657902
657903
657904
657905
657906
657907
657908
657909
657910
657911
657912
657913
657914
657915
657916
657917
657918
657919
657920
657921
657922
657923
657924
657925
657926
657927
657928
657929
657930
657931
657932
657933
657934
657935
657936
657937
657938
657939
657940
657941
657942
657943
657944
657945
657946
657947
657948
657949
657950
657951
657952
657953
657954
657955
657956
657957
657958
657959
657960
657961
657962
657963
657964
657965
657966
657967
657968
657969
657970
657971
657972
657973
657974
657975
657976
657977
657978
657979
657980
657981
657982
657983
657984
657985
657986
657987
657988
657989
657990
657991
657992
657993
657994
657995
657996
657997
657998
657999
658000
658001
658002
658003
658004
658005
658006
658007
658008
658009
658010
658011
658012
658013
658014
658015
658016
658017
658018
658019
658020
658021
658022
658023
658024
658025
658026
658027
658028
658029
658030
658031
658032
658033
658034
658035
658036
658037
658038
658039
658040
658041
658042
658043
658044
658045
658046
658047
658048
658049
658050
658051
658052
658053
658054
658055
658056
658057
658058
658059
658060
658061
658062
658063
658064
658065
658066
658067
658068
658069
658070
658071
658072
658073
658074
658075
658076
658077
658078
658079
658080
658081
658082
658083
658084
658085
658086
658087
658088
658089
658090
658091
658092
658093
658094
658095
658096
658097
658098
658099
658100
658101
658102
658103
658104
658105
658106
658107
658108
658109
658110
658111
658112
658113
658114
658115
658116
658117
658118
658119
658120
658121
658122
658123
658124
658125
658126
658127
658128
658129
658130
658131
658132
658133
658134
658135
658136
658137
658138
658139
658140
658141
658142
658143
658144
658145
658146
658147
658148
658149
658150
658151
658152
658153
658154
658155
658156
658157
658158
658159
658160
658161
658162
658163
658164
658165
658166
658167
658168
658169
658170
658171
658172
658173
658174
658175
658176
658177
658178
658179
658180
658181
658182
658183
658184
658185
658186
658187
658188
658189
658190
658191
658192
658193
658194
658195
658196
658197
658198
658199
658200
658201
658202
658203
658204
658205
658206
658207
658208
658209
658210
658211
658212
658213
658214
658215
658216
658217
658218
658219
658220
658221
658222
658223
658224
658225
658226
658227
658228
658229
658230
658231
658232
658233
658234
658235
658236
658237
658238
658239
658240
658241
658242
658243
658244
658245
658246
658247
658248
658249
658250
658251
658252
658253
658254
658255
658256
658257
658258
658259
658260
658261
658262
658263
658264
658265
658266
658267
658268
658269
658270
658271
658272
658273
658274
658275
658276
658277
658278
658279
658280
658281
658282
658283
658284
658285
658286
658287
658288
658289
658290
658291
658292
658293
658294
658295
658296
658297
658298
658299
658300
658301
658302
658303
658304
658305
658306
658307
658308
658309
658310
658311
658312
658313
658314
658315
658316
658317
658318
658319
658320
658321
658322
658323
658324
658325
658326
658327
658328
658329
658330
658331
658332
658333
658334
658335
658336
658337
658338
658339
658340
658341
658342
658343
658344
658345
658346
658347
658348
658349
658350
658351
658352
658353
658354
658355
658356
658357
658358
658359
658360
658361
658362
658363
658364
658365
658366
658367
658368
658369
658370
658371
658372
658373
658374
658375
658376
658377
658378
658379
658380
658381
658382
658383
658384
658385
658386
658387
658388
658389
658390
658391
658392
658393
658394
658395
658396
658397
658398
658399
658400
658401
658402
658403
658404
658405
658406
658407
658408
658409
658410
658411
658412
658413
658414
658415
658416
658417
658418
658419
658420
658421
658422
658423
658424
658425
658426
658427
658428
658429
658430
658431
658432
658433
658434
658435
658436
658437
658438
658439
658440
658441
658442
658443
658444
658445
658446
658447
658448
658449
658450
658451
658452
658453
658454
658455
658456
658457
658458
658459
658460
658461
658462
658463
658464
658465
658466
658467
658468
658469
658470
658471
658472
658473
658474
658475
658476
658477
658478
658479
658480
658481
658482
658483
658484
658485
658486
658487
658488
658489
658490
658491
658492
658493
658494
658495
658496
658497
658498
658499
658500
658501
658502
658503
658504
658505
658506
658507
658508
658509
658510
658511
658512
658513
658514
658515
658516
658517
658518
658519
658520
658521
658522
658523
658524
658525
658526
658527
658528
658529
658530
658531
658532
658533
658534
658535
658536
658537
658538
658539
658540
658541
658542
658543
658544
658545
658546
658547
658548
658549
658550
658551
658552
658553
658554
658555
658556
658557
658558
658559
658560
658561
658562
