628903
628904
628905
628906
628907
628908
628909
628910
628911
628912
628913
628914
628915
628916
628917
628918
628919
628920
628921
628922
628923
628924
628925
628926
628927
628928
628929
628930
628931
628932
628933
628934
628935
628936
628937
628938
628939
628940
628941
628942
628943
628944
628945
628946
628947
628948
628949
628950
628951
628952
628953
628954
628955
628956
628957
628958
628959
628960
628961
628962
628963
628964
628965
628966
628967
628968
628969
628970
628971
628972
628973
628974
628975
628976
628977
628978
628979
628980
628981
628982
628983
628984
628985
628986
628987
628988
628989
628990
628991
628992
628993
628994
628995
628996
628997
628998
628999
629000
629001
629002
629003
629004
629005
629006
629007
629008
629009
629010
629011
629012
629013
629014
629015
629016
629017
629018
629019
629020
629021
629022
629023
629024
629025
629026
629027
629028
629029
629030
629031
629032
629033
629034
629035
629036
629037
629038
629039
629040
629041
629042
629043
629044
629045
629046
629047
629048
629049
629050
629051
629052
629053
629054
629055
629056
629057
629058
629059
629060
629061
629062
629063
629064
629065
629066
629067
629068
629069
629070
629071
629072
629073
629074
629075
629076
629077
629078
629079
629080
629081
629082
629083
629084
629085
629086
629087
629088
629089
629090
629091
629092
629093
629094
629095
629096
629097
629098
629099
629100
629101
629102
629103
629104
629105
629106
629107
629108
629109
629110
629111
629112
629113
629114
629115
629116
629117
629118
629119
629120
629121
629122
629123
629124
629125
629126
629127
629128
629129
629130
629131
629132
629133
629134
629135
629136
629137
629138
629139
629140
629141
629142
629143
629144
629145
629146
629147
629148
629149
629150
629151
629152
629153
629154
629155
629156
629157
629158
629159
629160
629161
629162
629163
629164
629165
629166
629167
629168
629169
629170
629171
629172
629173
629174
629175
629176
629177
629178
629179
629180
629181
629182
629183
629184
629185
629186
629187
629188
629189
629190
629191
629192
629193
629194
629195
629196
629197
629198
629199
629200
629201
629202
629203
629204
629205
629206
629207
629208
629209
629210
629211
629212
629213
629214
629215
629216
629217
629218
629219
629220
629221
629222
629223
629224
629225
629226
629227
629228
629229
629230
629231
629232
629233
629234
629235
629236
629237
629238
629239
629240
629241
629242
629243
629244
629245
629246
629247
629248
629249
629250
629251
629252
629253
629254
629255
629256
629257
629258
629259
629260
629261
629262
629263
629264
629265
629266
629267
629268
629269
629270
629271
629272
629273
629274
629275
629276
629277
629278
629279
629280
629281
629282
629283
629284
629285
629286
629287
629288
629289
629290
629291
629292
629293
629294
629295
629296
629297
629298
629299
629300
629301
629302
629303
629304
629305
629306
629307
629308
629309
629310
629311
629312
629313
629314
629315
629316
629317
629318
629319
629320
629321
629322
629323
629324
629325
629326
629327
629328
629329
629330
629331
629332
629333
629334
629335
629336
629337
629338
629339
629340
629341
629342
629343
629344
629345
629346
629347
629348
629349
629350
629351
629352
629353
629354
629355
629356
629357
629358
629359
629360
629361
629362
629363
629364
629365
629366
629367
629368
629369
629370
629371
629372
629373
629374
629375
629376
629377
629378
629379
629380
629381
629382
629383
629384
629385
629386
629387
629388
629389
629390
629391
629392
629393
629394
629395
629396
629397
629398
629399
629400
629401
629402
629403
629404
629405
629406
629407
629408
629409
629410
629411
629412
629413
629414
629415
629416
629417
629418
629419
629420
629421
629422
629423
629424
629425
629426
629427
629428
629429
629430
629431
629432
629433
629434
629435
629436
629437
629438
629439
629440
629441
629442
629443
629444
629445
629446
629447
629448
629449
629450
629451
629452
629453
629454
629455
629456
629457
629458
629459
629460
629461
629462
629463
629464
629465
629466
629467
629468
629469
629470
629471
629472
629473
629474
629475
629476
629477
629478
629479
629480
629481
629482
629483
629484
629485
629486
629487
629488
629489
629490
629491
629492
629493
629494
629495
629496
629497
629498
629499
629500
629501
629502
629503
629504
629505
629506
629507
629508
629509
629510
629511
629512
629513
629514
629515
629516
629517
629518
629519
629520
629521
629522
629523
629524
629525
629526
629527
629528
629529
629530
629531
629532
629533
629534
629535
629536
629537
629538
629539
629540
629541
629542
629543
629544
629545
629546
629547
629548
629549
629550
629551
629552
629553
629554
629555
629556
629557
629559
629560
629561
629562
629563
629564
