661575
661576
661577
661578
661579
661580
661581
661582
661583
661584
661585
661586
661587
661588
661589
661590
661591
661592
661593
661594
661595
661596
661597
661598
661599
661600
661601
661602
661603
661604
661605
661606
661607
661608
661609
661610
661611
661612
661613
661614
661615
661616
661617
661618
661619
661620
661621
661622
661623
661624
661625
661626
661627
661628
661629
661630
661631
661632
661633
661634
661635
661636
661637
661638
661639
661640
661641
661642
661643
661644
661645
661646
661647
661648
661649
661650
661651
661652
661653
661654
661655
661656
661657
661658
661659
661660
661661
661662
661663
661664
661665
661666
661667
661668
661669
661670
661671
661672
661673
661674
661675
661676
661677
661678
661679
661680
661681
661682
661683
661684
661685
661686
661687
661688
661689
661690
661691
661692
661693
661694
661695
661696
661697
661698
661699
661700
661701
661702
661703
661704
661705
661706
661707
661708
661709
661710
661711
661712
661713
661714
661715
661716
661717
661718
661719
661720
661721
661722
661723
661724
661725
661726
661727
661728
661729
661730
661731
661732
661733
661734
661735
661736
661737
661738
661739
661740
661741
661742
661743
661744
661745
661746
661747
661748
661749
661750
661751
661752
661753
661754
661755
661756
661757
661758
661759
661760
661761
661762
661763
661764
661765
661766
661767
661768
661769
661770
661771
661772
661773
661774
661775
661776
661777
661778
661779
661780
661781
661782
661783
661784
661785
661786
661787
661788
661789
661790
661791
661792
661793
661794
661795
661796
661797
661798
661799
661800
661801
661802
661803
661804
661805
661806
661807
661808
661809
661810
661811
661812
661813
661814
661815
661816
661817
661818
661819
661820
661821
661822
661823
661824
661825
661826
661827
661828
661829
661830
661831
661832
661833
661834
661835
661836
661837
661838
661839
661840
661841
661842
661843
661844
661845
661846
661847
661848
661849
661850
661851
661852
661853
661854
661855
661856
661857
661858
661859
661860
661861
661862
661863
661864
661865
661866
661867
661868
661869
661870
661871
661872
661873
661874
661875
661876
661877
661878
661879
661880
661881
661882
661883
661884
661885
661886
661887
661888
661889
661890
661891
661892
661893
661894
661895
661896
661897
661898
661899
661900
661901
661902
661903
661904
661905
661906
661907
661908
661909
661910
661911
661912
661913
661914
661915
661916
661917
661918
661919
661920
661921
661922
661923
661924
661925
661926
661927
661928
661929
661930
661931
661932
661933
661934
661935
661936
661937
661938
661939
661940
661941
661942
661943
661944
661945
661946
661947
661948
661949
661950
661951
661952
661953
661954
661955
661956
661957
661958
661959
661960
661961
661962
661963
661964
661965
661966
661967
661968
661969
661970
661971
661972
661973
661974
661975
661976
661977
661978
661979
661980
661981
661982
661983
661984
661985
661986
661987
661988
661989
661990
661991
661992
661993
661994
661995
661996
661997
661998
661999
662000
662001
662002
662003
