721385
721386
721387
721388
721389
721390
721391
721392
721393
721394
721395
721396
721397
721398
721399
721400
721401
721402
721403
721404
721405
721406
721407
721408
721409
721410
721411
721412
721413
721414
721415
721416
721417
721418
721419
721420
721421
721422
721423
721424
721425
721426
721427
721428
721429
721430
721431
721432
721433
721434
721435
721436
721437
721438
721439
721440
721441
721442
721443
721444
721445
721446
721447
721448
721449
721450
721451
721452
721453
721454
721455
721456
721457
721458
721459
721460
721461
721462
721463
721464
721465
721466
721467
721468
721469
721470
721471
721472
721473
721474
721475
721476
721477
721478
721479
721480
721481
721482
721483
721484
721485
721486
721487
721488
721489
721490
721491
721492
721493
721494
721495
721496
721497
721498
721499
721500
721501
721502
721503
721504
721505
721506
721507
721508
721509
721510
721511
721512
721513
721514
721515
721516
721517
721518
721519
721520
721521
721522
721523
721524
721525
721526
721527
721528
721529
721530
721531
721532
721533
721534
721535
721536
721537
721538
721539
721540
721541
721542
721543
721544
721545
721546
721547
721548
721549
721550
721551
721552
721553
721554
721555
721556
721557
721558
721559
721560
721561
721562
721563
721564
721565
721566
721567
721568
721569
721570
721571
721572
721573
721574
721575
721576
721577
721578
721579
721580
721581
721582
721583
721584
721585
721586
721587
721588
721589
721590
721591
721592
721593
721594
721595
721596
721597
721598
721599
721600
721601
721602
721603
721604
721605
721606
721607
721608
721609
721610
721611
721612
721613
721614
721615
721616
721617
721618
721619
721620
721621
721622
721623
721624
721625
721626
721627
721628
721629
721630
721631
721632
721633
721634
721635
721636
721637
721638
721639
721640
721641
721642
721643
721644
721645
721646
721647
721648
721649
721650
721651
721652
721653
721654
721655
721656
721657
721658
721659
721660
721661
721662
721663
721664
721665
721666
721667
721668
721669
721670
721671
721672
721673
721674
721675
721676
721677
721678
721679
721680
721681
721682
721683
721684
721685
721686
721687
721688
721689
721690
721691
721692
721693
721694
721695
721696
721697
721698
721699
721700
721701
721702
721703
721704
721705
721706
721707
721708
721709
721710
721711
721712
721713
721714
721715
721716
721717
721718
721719
721720
721721
721722
721723
721724
721725
721726
721727
721728
721729
721730
721731
721732
721733
721734
721735
721736
721737
721738
721739
721740
721741
721742
721743
721744
721745
721746
721747
721748
721749
721750
721751
721752
721753
721754
721755
721756
721757
721758
721759
721760
721761
721762
721763
721764
721765
721766
721767
721768
721769
721770
721771
721772
721773
721774
721775
721776
721777
721778
721779
721780
721781
721782
721783
721784
721785
721786
721787
721788
721789
721790
721791
721792
721793
721794
721795
721796
721797
721798
721799
721800
721801
721802
721803
721804
721805
721806
721807
721808
721809
721810
721811
721812
721813
721814
721815
721816
721817
721818
721819
721820
721821
721822
721823
721824
721825
721826
721827
721828
721829
721830
721831
721832
721833
721834
721835
721836
721837
721838
721839
721840
721841
721842
721843
721844
721845
721846
721847
721848
721849
721850
721851
721852
721853
721854
721855
721856
721857
721858
721859
721860
721861
721862
721863
721864
721865
721866
721867
721868
721869
721870
721871
721872
721873
721874
721875
721876
721877
721878
721879
721880
721881
721882
721883
721884
721885
721886
721887
721888
721889
721890
721891
721892
721893
721894
721895
721896
721897
721898
721899
721900
721901
721902
721903
721904
721905
721906
721907
721908
721909
721910
721911
721912
721913
721914
721915
721916
721917
721918
721919
721920
721921
721922
721923
721924
721925
721926
721927
721928
721929
721930
721931
721932
721933
721934
721935
721936
721937
721938
721939
721940
721941
721942
721943
721944
721945
721946
721947
721948
721949
721950
721951
721952
721953
721954
721955
721956
721957
721958
721959
721960
721961
721962
721963
721964
721965
721966
721967
721968
721969
721970
721971
721972
721973
721974
721975
721976
721977
721978
721979
721980
721981
721982
721983
721984
721985
721986
721987
721988
721989
721990
721991
721992
721993
721994
721995
721996
721997
721998
721999
722000
722001
722002
722003
722004
722005
722006
722007
722008
722009
722010
722011
722012
722013
722014
722015
722016
722017
722018
722019
722020
722021
722022
722023
722024
722025
722026
722027
722028
722029
722030
722031
722032
722033
722034
722035
722036
722037
722038
722039
722040
722041
722042
722043
722044
722045
722046
722047
722048
722049
722050
722051
722052
722053
722054
722055
722056
722057
722058
722059
722060
722061
722062
722063
722064
722065
722066
722067
722068
722069
722070
722071
722072
722073
722074
722075
722076
722077
722078
722079
722080
722081
722082
722083
722084
722085
722086
722087
722088
722089
722090
722091
722092
722093
722094
722095
722096
722097
722098
722099
722100
722101
722102
722103
722104
722105
722106
722107
722108
722109
722110
722111
722112
722113
722114
722115
722116
722117
722118
722119
722120
722121
722122
722123
722124
722125
722126
722127
722128
722129
722130
722131
722132
722133
722134
722135
722136
722137
722138
722139
722140
722141
722142
722143
722144
722145
722146
722147
722148
722149
722150
722151
722152
722153
722154
722155
722156
722157
722158
722159
722160
722161
722162
722163
722164
722165
722166
722167
722168
722169
722170
722171
722172
722173
722174
722175
722176
722177
722178
722179
722180
722181
722182
722183
722184
722185
722186
722187
722188
722189
722190
722191
722192
722193
722194
722195
722196
722197
722198
722199
722200
722201
722202
722203
722204
722205
722206
722207
722208
722209
722210
722211
722212
722213
722214
722215
722216
722217
722218
722219
722220
722221
722222
722223
722224
722225
722226
722227
722228
722229
722230
722231
722232
722233
722234
722235
722236
722237
722238
722239
722240
722241
722242
722243
722244
722245
722246
722247
722248
722249
722250
722251
722252
722253
722254
722255
722256
722257
722258
722259
722260
722261
722262
722263
722264
722265
722266
722267
722268
722269
722270
722271
722272
722273
722274
722275
722276
722277
722278
722279
722280
722281
722282
722283
722284
722285
722286
722287
722288
722289
722290
722291
722292
722293
722294
722295
722296
722297
722298
722299
722300
722301
722302
722303
722304
722305
722306
722307
722308
722309
722310
722311
722312
722313
722314
722315
722316
722317
722318
722319
722320
722321
722322
722323
722324
722325
722326
722327
722328
722329
722330
722331
722332
722333
722334
722335
722336
722337
722338
722339
722340
722341
722342
722343
722344
722345
722346
722347
722348
722349
722350
722351
722352
722353
722354
722355
722356
722357
722358
722359
722360
722361
722362
722363
722364
722365
722366
722367
722368
722369
722370
722371
722372
722373
722374
722375
722376
722377
722378
722379
722380
722381
722382
722383
722384
722385
722386
722387
722388
722389
722390
722391
722392
722393
722394
722395
722396
722397
722398
722399
722400
722401
722402
722403
722404
722405
722406
722407
722408
722409
722410
722411
722412
722413
722414
722415
722416
722417
722418
722419
722420
722421
722422
722423
722424
722425
722426
722427
722428
722429
722430
722431
722432
722433
722434
722435
722436
722437
722438
722439
722440
722441
722442
722443
722444
722445
722446
722447
722448
722449
722450
722451
722452
722453
722454
722455
722456
722457
722458
722459
722460
722461
722462
722463
722464
722465
722466
722467
722468
722469
722470
722471
722472
722473
722474
722475
722476
722477
722478
722479
722480
722481
722482
722483
722484
722485
722486
722487
722488
722489
722490
722491
722492
722493
722494
722495
722496
722497
722498
722499
722500
722501
722502
722503
722504
722505
722506
722507
722508
722509
722510
722511
722512
722513
722514
722515
722516
722517
722518
722519
722520
722521
722522
722523
722524
722525
722526
722527
722528
722529
722530
722531
722532
722533
722534
722535
722536
722537
722538
722539
722540
722541
722542
722543
722544
722545
722546
722547
722548
722549
722550
722551
722552
722553
722554
722555
722556
722557
722558
722559
722560
722561
722562
722563
722564
722565
722566
722567
722568
722569
722570
722571
722572
722573
722574
722575
722576
722577
722578
722579
722580
722581
722582
722583
722584
722585
722586
722587
722588
722589
722590
722591
722592
722593
722594
722595
722596
722597
722598
722599
722600
722601
722602
722603
722604
722605
722606
722607
722608
722609
722610
722611
722612
722613
722614
722615
722616
722617
722618
722619
722620
722621
722622
722623
722624
722625
722626
722627
722628
722629
722630
722631
722632
722633
722634
722635
722636
722637
722638
722639
722640
722641
722642
722643
722644
722645
722646
722647
722648
722649
722650
722651
722652
722653
722654
722655
722656
722657
722658
722659
722660
722661
722662
722663
722664
722665
722666
722667
722668
722669
722670
722671
722672
722673
722674
722675
722676
722677
722678
722679
722680
722681
722682
722683
722684
722685
722686
722687
722688
722689
722690
722691
722692
722693
722694
722695
722696
722697
722698
722699
722700
722701
722702
722703
722704
722705
722706
722707
722708
722709
722710
722711
722712
722713
722714
722715
722716
722717
722718
722719
722720
722721
722722
722723
722724
722725
722726
722727
722728
722729
722730
722731
722732
722733
722734
722735
722736
722737
722738
722739
722740
722741
722742
722743
722744
722745
722746
722747
722748
722749
722750
722751
722752
722753
722754
722755
722756
722757
722758
722759
722760
722761
722762
722763
722764
722765
722766
722767
722768
722769
722770
722771
722772
722773
722774
722775
722776
722777
722778
722779
722780
722781
722782
722783
722784
722785
722786
722787
722788
722789
722790
722791
722792
722793
722794
722795
722796
722797
722798
722799
722800
722801
722802
722803
722804
722805
722806
722807
722808
722809
722810
722811
722812
722813
722814
722815
722816
722817
722818
722819
722820
722821
722822
722823
722824
722825
722826
722827
722828
722829
722830
722831
722832
722833
722834
722835
722836
722837
722838
722839
722840
722841
722842
722843
722844
722845
722846
722847
722848
722849
722850
722851
722852
722853
722854
722855
722856
722857
722858
722859
722860
722861
722862
722863
722864
722865
722866
722867
722868
722869
722870
722871
722872
722873
722874
722875
722876
722877
722878
722879
722880
722881
722882
722883
722884
722885
722886
722887
722888
722889
722890
722891
722892
722893
722894
722895
722896
722897
722898
722899
722900
722901
722902
722903
722904
722905
722906
722907
722908
722909
722910
722911
722912
722913
722914
722915
722916
722917
722918
722919
722920
722921
722922
722923
722924
722925
722926
722927
722928
722929
722930
722931
722932
722933
722934
722935
722936
722937
722938
722939
722940
722941
722942
722943
722944
722945
722946
722947
722948
722949
722950
722951
722952
722953
722954
722955
722956
722957
722958
722959
722960
722961
722962
722963
722964
722965
722966
722967
722968
722969
722970
722971
722972
722973
722974
722975
722976
722977
722978
722979
722980
722981
722982
722983
722984
722985
722986
722987
722988
722989
722990
722991
722992
722993
722994
722995
722996
722997
722998
722999
723000
723001
723002
723004
723005
723006
723007
723008
723009
723010
723011
723012
723013
723014
723015
723016
723017
723018
723019
723020
723021
723022
723023
723024
723025
723026
723027
723028
723029
723030
723031
723032
723033
723034
723035
723036
723037
723038
723039
723040
723041
723042
723043
723044
723045
723046
723047
723048
723049
723050
723051
723052
723053
723054
723055
723056
723057
723058
723059
723060
723061
723062
723063
723064
723065
723066
723067
723068
723069
723070
723071
723072
723073
723074
723075
723076
723077
723078
723079
723080
723081
723082
723083
723084
723085
723086
723087
723088
723089
723090
723091
723092
723093
723094
723095
723096
723097
723098
723099
723100
723101
723102
723103
723104
723105
723106
723107
723108
723109
723110
723111
723112
723113
723114
723115
723116
723117
723118
723119
723120
723121
723122
723123
723124
723125
723126
723127
723128
723129
723130
723131
723132
723133
723134
723135
723136
723137
723138
723139
723140
723141
723142
723143
723144
723145
723146
723147
723148
723149
723150
723151
723152
723153
723154
723155
723156
723157
723158
723159
723160
723161
723162
723163
723164
723165
723166
723167
723168
723169
723170
723171
723172
723173
723174
723175
723176
723177
723178
723179
723180
723181
723182
723183
723184
723185
723186
723187
723188
723189
723190
723191
723192
723193
723194
723195
723196
723197
723198
723199
723200
723201
723202
723203
723204
723205
723206
723207
723208
723209
723210
723211
723212
723213
723214
723215
723216
723217
723218
723219
723220
723221
723222
723223
723224
723225
723226
723227
723228
723229
723230
723231
723232
723233
723234
723235
723236
723237
723238
723239
723240
723241
723242
723243
723244
723245
723246
723247
723248
723249
723250
723251
723252
723253
723254
723255
723256
723257
723258
723259
723260
723261
723262
723263
723264
723265
723266
723267
723268
723269
723270
723271
723272
723273
723274
723275
723276
723277
723278
723279
723280
723281
723282
723283
723284
723285
723286
723287
723288
723289
723290
723291
723292
723293
723294
723295
723296
723297
723298
723299
723300
723301
723302
723303
723304
723305
723306
723307
723308
723309
723310
723311
723312
723313
723314
723315
723316
723317
723318
723319
723320
723321
723322
723323
723324
723325
723326
723327
723328
723329
723330
723331
723332
723333
723334
723335
723336
723337
723338
723339
723340
723341
723342
723343
723344
723345
723346
723347
723348
723349
723350
723351
723352
723353
723354
723355
723356
723357
723358
723359
723360
723361
723362
723363
723364
723365
723366
723367
723368
723369
723370
723371
723372
723373
723374
723375
723376
723377
723378
723379
723380
723381
723382
723383
723384
723385
723386
723387
723388
723389
723390
723391
723392
723393
723394
723395
723396
723397
723398
723399
723400
723401
723402
723403
723404
723405
723406
723407
723408
723409
723410
723411
723412
723413
723414
723415
723416
723417
723418
723419
723420
723421
723422
723423
723424
723425
723426
723427
723428
723429
723430
723431
723432
723433
723434
723435
723436
723437
723438
723439
723440
723441
723442
723443
723444
723445
723446
723447
723448
723449
723450
723451
723452
723453
723454
723455
723456
723457
723458
723459
723460
723461
723462
723463
723464
723465
723466
723467
723468
723469
723470
723471
723472
723473
723474
723475
723476
723477
723478
723479
723480
723481
723482
723483
723484
723485
723486
723487
723488
723489
723490
723491
723492
723493
723494
723495
723496
723497
723498
723499
723500
723501
723502
723503
723504
723505
723506
723507
723508
723509
723510
723511
723512
723513
723514
723515
723516
723517
723518
723519
723520
723521
723522
723523
723524
723525
723526
723527
723528
723529
723530
723531
723532
723533
723534
723535
723536
723537
723538
723539
723540
723541
723542
723543
723544
723545
723546
723547
723548
723549
723550
723551
723552
723553
723554
723555
723556
723557
723558
723559
723560
723561
723562
723563
723564
723565
723566
723567
723568
723569
723570
723571
723572
723573
723574
723575
723576
723577
723578
723579
723580
723581
723582
723583
723584
723585
723586
723587
723588
723589
723590
723591
723592
723593
723594
723595
723596
723597
723598
723599
723600
723601
723602
723603
723604
723605
723606
723607
723608
723609
723610
723611
723612
723613
723614
723615
723616
723617
723618
723619
723620
723621
723622
723623
723624
723625
723626
723627
723628
723629
723630
723631
723632
723633
723634
723635
723636
723637
723638
723639
723640
723641
723642
723643
723644
723645
723646
723647
723648
723649
723650
723651
723652
723653
723654
723655
723656
723657
723658
723659
723660
723661
723662
723663
723664
723665
723666
723667
723668
723669
723670
723671
723672
723673
723674
723675
723676
723677
723678
723679
723680
723681
723682
723683
723684
723685
723686
723687
723688
723689
723690
723691
723692
723693
723694
723695
723696
723697
723698
723699
723700
723701
723702
723703
723704
723705
723706
723707
723708
723709
723710
723711
723712
723713
723714
723715
723716
723717
723718
723719
723720
723721
723722
723723
723724
723725
723726
723727
723728
723729
723730
723731
723732
723733
723734
723735
723736
723737
723738
723739
723740
723741
723742
723743
723744
723745
723746
723747
723748
723749
723750
723751
723752
723753
723754
723755
723756
723757
723758
723759
723760
723761
723762
723763
723764
723765
723766
723767
723768
723769
723770
723771
723772
723773
723774
723775
723776
723777
723778
723779
723780
723781
723782
723783
723784
723785
723786
723787
723788
723789
723790
723791
723792
723793
723794
723795
723796
723797
723798
723799
723800
723801
723802
723803
723804
723805
723806
723807
723808
723809
723810
723811
723812
723813
723814
723815
723816
723817
723818
723819
723820
723821
723822
723823
723824
723825
723826
723827
723828
723829
723830
723831
723832
723833
723834
723835
723836
723837
723838
723839
723840
723841
723842
723843
723844
723845
723846
723847
723848
723849
723850
723851
723852
723853
723854
723855
723856
723857
723858
723859
723860
723861
723862
723863
723864
723865
723866
723867
723868
723869
723870
723871
723872
723873
723874
723875
723876
723877
723878
723879
723880
723881
723882
723883
723884
723885
723886
723887
723888
723889
723890
723891
723892
723893
723894
723895
723896
723897
723898
723899
723900
723901
723902
723903
723904
723905
723906
723907
723908
723909
723910
723911
723912
723913
723914
723915
723916
723917
723918
723919
723920
723921
723922
723923
723924
723925
723926
723927
723928
723929
723930
723931
723932
723933
723934
723935
723936
723937
723938
723939
723940
723941
723942
723943
723944
723945
723946
723947
723948
723949
723950
723951
723952
723953
723954
723955
723956
723957
723958
723959
723960
723961
723962
723963
723964
723965
723966
723967
723968
723969
723970
723971
723972
723973
723974
723975
723976
723977
723978
723979
723980
723981
723982
723983
723984
723985
723986
723987
723988
723989
723990
723991
723992
723993
723994
723995
723996
723997
723998
723999
724000
724001
724002
724003
724004
724005
724006
724007
724008
724009
724010
724011
724012
724013
724014
724015
724016
724017
724018
724019
724020
724021
724022
724023
724024
724025
724026
724027
724028
724029
724030
724031
724032
724033
724034
724035
724036
724037
724038
724039
724040
724041
724042
724043
724044
724045
724046
724047
724048
724049
724050
724051
724052
724053
724054
724055
724056
724057
724058
724059
724060
724061
724062
724063
724064
724065
724066
724067
724068
724069
724070
724071
724072
724073
724074
724075
724076
724077
724078
724079
724080
724081
724082
724083
724084
724085
724086
724087
724088
724089
724090
724091
724092
724093
724094
724095
724096
724097
724098
724099
724100
724101
724102
724103
724104
724105
724106
724107
724108
724109
724110
724111
724112
724113
724114
724115
724116
724117
724118
724119
724120
724121
724122
724123
724124
724125
724126
724127
724128
724129
724130
724131
724132
724133
724134
724135
724136
724137
724138
724139
724140
724141
724142
724143
724144
724145
724146
724147
724148
724149
