359200
359201
359202
359203
359204
359205
359206
359207
359208
359209
359210
359211
359212
359213
359214
359215
359216
359217
359218
359219
359220
359221
359222
359223
359224
359225
359226
359227
359228
359229
359230
359231
359232
359233
359234
359235
359236
359237
359238
359239
359240
359241
359242
359243
359244
359245
359246
359247
359248
359249
359250
359251
359252
359253
359254
359255
359256
359257
359258
359259
359260
359261
359262
359263
359264
359265
359266
359267
359268
359269
359270
359271
359272
359273
359274
359275
359276
359277
359278
359279
359280
359281
359282
359283
359284
359285
359286
359287
359288
359289
359290
359291
359292
359293
359294
359295
359296
359297
359298
359299
359300
359301
359302
359303
359304
359305
359306
359307
359308
359309
359310
359311
359312
359313
359314
359315
359316
359317
359318
359319
359320
359321
359322
359323
359324
359325
359326
359327
359328
359329
359330
359331
359332
359333
359334
359335
359336
359337
359338
359339
359340
359341
359342
359343
359344
359345
359346
359347
359348
359349
359350
359351
359352
359353
359354
359355
359356
359357
359358
359359
359360
359361
359362
359363
359364
359365
359366
359367
359368
359369
359370
359371
359372
359373
359374
359375
359376
359377
359378
359379
359380
359381
359382
359383
359384
359385
359386
359387
359388
359389
359390
359391
359392
359393
359394
359395
359396
359397
359398
359399
359400
359401
359402
359403
359404
359405
359406
359407
359408
359409
359410
359411
359412
359413
359414
359415
359416
359417
359418
359419
359420
359421
359422
359423
359424
359425
359426
359427
359428
359429
359430
359431
359432
359433
359434
359435
359436
359437
359438
359439
359440
359441
359442
359443
359444
359445
359446
359447
359448
359449
359450
359451
359452
359453
359454
359455
359456
359457
359458
359459
359460
359461
359462
359463
359464
359465
359466
359467
359468
359469
359470
359471
359472
359473
359474
359475
359476
359477
359478
359479
359480
359481
359482
359483
359484
359485
359486
359487
359488
359489
359490
359491
359492
359493
359494
359495
359496
359497
359498
359499
359500
359501
359502
359503
359504
359505
359506
359507
359508
359509
359510
359511
359512
359513
359514
359515
359516
359517
359518
359519
359520
359521
359522
359523
359524
359525
359526
359527
359528
359529
359530
359531
359532
359533
359534
359535
359536
359537
359538
359539
359540
359541
359542
359543
359544
359545
359546
359547
359548
359549
359550
359551
359552
359553
359554
359555
359556
359557
359558
359559
359560
359561
359562
359563
359564
359565
359566
359567
359568
359569
359570
359571
359572
359573
359574
359575
359576
359577
359578
359579
359580
359581
359582
359583
359584
359585
359586
359587
359588
359589
359590
359591
359592
359593
359594
359595
359596
359597
359598
359599
359600
359601
359602
359603
359604
359605
359606
359607
359608
359609
359610
359611
359612
359613
359614
359615
359616
359617
359618
359619
359620
359621
359622
359623
359624
359625
359626
359627
359628
359629
359630
359631
359632
359633
359634
359635
359636
359637
359638
359639
359640
359641
359642
359643
359644
359645
359646
359647
359648
359649
359650
359651
359652
359653
359654
359655
359656
359657
359658
359659
359660
359661
359662
359663
359664
359665
359666
359667
359668
359669
359670
359671
359672
359673
359674
359675
359676
359677
359678
359679
359680
359681
359682
359683
359684
359685
359686
359687
359688
359689
359690
359691
359692
359693
359694
359695
359696
359697
359698
359699
359700
359701
359702
359703
359704
359705
359706
359707
359708
359709
359710
359711
359712
359713
359714
359715
359716
359717
359718
359719
359720
359721
359722
359723
359724
359725
359726
359727
359728
359729
359730
359731
359732
359733
359734
359735
359736
359737
359738
359739
359740
359741
359742
359743
359744
359745
359746
359747
359748
359749
359750
359751
359752
359753
359754
359755
359756
359757
359758
359759
359760
359761
359762
359763
359764
359765
359766
359767
359768
359769
359770
359771
359772
359773
359774
359775
359776
359777
359778
359779
359780
359781
359782
359783
359784
359785
359786
359787
359788
359789
359790
359791
359792
359793
359794
359795
359796
359797
359798
359799
359800
359801
359802
359803
359804
359805
359806
359807
359808
359809
359810
359811
359812
359813
359814
359815
359816
359817
359818
359819
359820
359821
359822
359823
359824
359825
359826
359827
359828
359829
359830
359831
359832
359833
359834
359835
359836
359837
359838
359839
359840
359841
359842
359843
359844
359845
359846
359847
359848
359849
359850
359851
359852
359853
359854
359855
359856
359857
359858
359859
359860
359861
359862
359863
359864
359865
359866
359867
359868
359869
359870
359871
359872
359873
359874
359875
359876
359877
359878
359879
359880
359881
359882
359883
359884
359885
359886
359887
359888
359889
359890
359891
359892
359893
359894
359895
359896
359897
359898
359899
359900
359901
359902
359903
359904
359905
359906
359907
359908
359909
359910
359911
359912
359913
359914
359915
359916
359917
359918
359919
359920
359921
359922
359923
359924
359925
359926
359927
359928
359929
359930
359931
359932
359933
359934
359935
359936
359937
359938
359939
359940
359941
359942
359943
359944
359945
359946
359947
359948
359949
359950
359951
359952
359953
359954
359955
359956
359957
359958
359959
359960
359961
359962
359963
359964
359965
359966
359967
359968
359969
359970
359971
359972
359973
359974
359975
359976
359977
359978
359979
359980
359981
359982
359983
359984
359985
359986
359987
359988
359989
359990
359991
359992
359993
359994
359995
359996
359997
359998
359999
360000
360001
360002
360003
360004
360005
360006
360007
360008
360009
360010
360011
360012
360013
360014
360015
360016
360017
360018
360019
360020
360021
360022
360023
360024
360025
360026
360027
360028
360029
360030
360031
360032
360033
360034
360035
360036
360037
360038
360039
360040
360041
360042
360043
360044
360045
360046
360047
360048
360049
360050
360051
360052
360053
360054
360055
360056
360057
360058
360059
360060
360061
360062
360063
360064
360065
360066
360067
360068
360069
360070
360071
360072
360073
360074
360075
360076
360077
360078
360079
360080
360081
360082
360083
360084
360085
360086
360087
360088
360089
360090
360091
360092
360093
360094
360095
360096
360097
360098
360099
360100
360101
360102
360103
360104
360105
360106
360107
360108
360109
360110
360111
360112
360113
360114
360115
360116
360117
360118
360119
360120
360121
360122
360123
360124
360125
360126
360127
360128
360129
360130
360131
360132
360133
360134
360135
360136
360137
360138
360139
360140
360141
360142
360143
360144
360145
360146
360147
360148
360149
360150
360151
360152
360153
360154
360155
360156
360157
360158
360159
360160
360161
360162
360163
360164
360165
360166
360167
360168
360169
360170
360171
360172
360173
360174
360175
360176
360177
360178
360179
360180
360181
360182
360183
360184
360185
360186
360187
360188
360189
360190
360191
360192
360193
360194
360195
360196
360197
360198
360199
360200
360201
360202
360203
360204
360205
360206
360207
360208
360209
360210
360211
360212
360213
360214
360215
360216
360217
360218
360219
360220
360221
360222
360223
360224
360225
360226
360227
360228
360229
360230
360231
360232
360233
360234
360235
360236
360237
360238
360239
360240
360241
360242
360243
360244
360245
360246
360247
360248
360249
360250
360251
360252
360253
360254
360255
360256
360257
360258
360259
360260
360261
360262
360263
360264
360265
360266
360267
360268
360269
360270
360271
360272
360273
360274
360275
360276
360277
360278
360279
360280
360281
360282
360283
360284
360285
360286
360287
360288
360289
360290
360291
360292
360293
360294
360295
360296
360297
360298
360299
360300
360301
360302
360303
360304
360305
360306
360307
360308
360309
360310
360311
360312
360313
360314
360315
360316
360317
360318
360319
360320
360321
360322
360323
360324
360325
360326
360327
360328
360329
360330
360331
360332
360333
360334
360335
360336
360337
360338
360339
360340
360341
360342
360343
360344
360345
360346
360347
360348
360349
360350
360351
360352
360353
360354
360355
360356
360357
360358
360359
360360
360361
360362
360363
360364
360365
360366
360367
360368
360369
360370
360371
360372
360373
360374
360375
360376
360377
360378
360379
360380
360381
360382
360383
360384
360385
360386
360387
360388
360389
360390
360391
360392
360393
360394
360395
360396
360397
360398
360399
360400
360401
360402
360403
360404
360405
360406
360407
360408
360409
360410
360411
360412
360413
360414
360415
360416
360417
360418
360419
360420
360421
360422
360423
360424
360425
360426
360427
360428
360429
360430
360431
360432
360433
360434
360435
360436
360437
360438
360439
360440
360441
360442
360443
360444
360445
360446
360447
360448
360449
360450
360451
360452
360453
360454
360455
360456
360457
360458
360459
360460
360461
360462
360463
360464
360465
360466
360467
360468
360469
360470
360471
360472
360473
360474
360475
360476
360477
360478
360479
360480
360481
360482
360483
360484
360485
360486
360487
360488
360489
360490
360491
360492
360493
360494
360495
360496
360497
360498
360499
360500
360501
360502
360503
360504
360505
360506
360507
360508
360509
360510
360511
360512
360513
360514
360515
360516
360517
360518
360519
360520
360521
360522
360523
360524
360525
360526
360527
360528
360529
360530
360531
360532
360533
360534
360535
360536
360537
360538
360539
360540
360541
360542
360543
360544
360545
360546
360547
360548
360549
360550
360551
360552
360553
360554
360555
360556
360557
360558
360559
360560
360561
360562
360563
360564
360565
360566
360567
360568
360569
360570
360571
360572
360573
360574
360575
360576
360577
360578
360579
360580
360581
360582
360583
360584
360585
360586
360587
360588
360589
360590
360591
360592
360593
360594
360595
360596
360597
360598
360599
360600
360601
360602
360603
360604
360605
360606
360607
360608
360609
360610
360611
360612
360613
360614
360615
360616
360617
360618
360619
360620
360621
360622
360623
360624
360625
360626
360627
360628
360629
360630
360631
360632
360633
360634
360635
360636
360637
360638
360639
360640
360641
360642
360643
360644
360645
360646
360647
360648
360649
360650
360651
360652
360653
360654
360655
360656
360657
360658
360659
360660
360661
360662
360663
360664
360665
360666
360667
360668
360669
360670
360671
360672
360673
360674
360675
360676
360677
360678
360679
360680
360681
360682
360683
360684
360685
360686
360687
360688
360689
360690
360691
360692
360693
360694
360695
360696
360697
360698
360699
360700
360701
360702
360703
360704
360705
360706
360707
360708
360709
360710
360711
360712
360713
360714
360715
360716
360717
360718
360719
360720
360721
360722
360723
360724
360725
360726
360727
360728
360729
360730
360731
360732
360733
360734
360735
360736
360737
360738
360739
360740
360741
360742
360743
360744
360745
360746
360747
360748
360749
360750
360751
360752
360753
360754
360755
360756
360757
360758
360759
360760
360761
360762
360763
360764
360765
360766
360767
360768
360769
360770
360771
360772
360773
360774
360775
360776
360777
360778
360779
360780
360781
360782
360783
360784
360785
360786
360787
360788
360789
360790
360791
360792
360793
360794
360795
360796
360797
360798
360799
360800
360801
360802
360803
360804
360805
360806
360807
360808
360809
360810
360811
360812
360813
360814
360815
360816
360817
360818
360819
360820
360821
360822
360823
360824
360825
360826
360827
360828
360829
360830
360831
360832
360833
360834
360835
360836
360837
360838
360839
360840
360841
360842
360843
360844
360845
360846
360847
360848
360849
360850
360851
360852
360853
360854
360855
360856
360857
360858
360859
360860
360861
360862
360863
360864
360865
360866
360867
360868
360869
360870
360871
360872
360873
360874
360875
360876
360877
360878
360879
360880
360881
360882
360883
360884
360885
360886
360887
360888
360889
360890
360891
360892
360893
360894
360895
360896
360897
360898
360899
360900
360901
360902
360903
360904
360905
360906
360907
360908
360909
360910
360911
360912
360913
360914
360915
360916
360917
360918
360919
360920
360921
360922
360923
360924
360925
360926
360927
360928
360929
360930
360931
360932
360933
360934
360935
360936
360937
360938
360939
360940
360941
360942
360943
360944
360945
360946
360947
360948
360949
360950
360951
360952
360953
360954
360955
360956
360957
360958
360959
360960
360961
360962
360963
360964
360965
360966
360967
360968
360969
360970
360971
360972
360973
360974
360975
360976
360977
360978
360979
360980
360981
360982
360983
360984
360985
360986
360987
360988
360989
360990
360991
360992
360993
360994
360995
360996
360997
360998
360999
361000
361001
361002
361003
361004
361005
361006
361007
361008
361009
361010
361011
361012
361013
361014
361015
361016
361017
361018
361019
361020
361021
361022
361023
361024
361025
361026
361027
361028
361029
361030
361031
361032
361033
361034
361035
361036
361037
361038
361039
361040
361041
361042
361043
361044
361045
361046
361047
361048
361049
361050
361051
361052
361053
361054
361055
361056
361057
361058
361059
361060
361061
361062
361063
361064
361065
361066
361067
361068
361069
361070
361071
361072
361073
361074
361075
361076
361077
361078
361079
361080
361081
361082
361083
361084
361085
361086
361087
361088
361089
361090
361091
361092
361093
361094
361095
361096
361097
361098
361099
361100
361101
361102
361103
361104
361105
361106
361107
361108
361109
361110
361111
361112
361113
361114
361115
361116
361117
361118
361119
361120
361121
361122
361123
361124
361125
361126
361127
361128
361129
361130
361131
361132
361133
361134
361135
361136
361137
361138
361139
361140
361141
361142
361143
361144
361145
361146
361147
361148
361149
361150
361151
361152
361153
361154
361155
361156
361157
361158
361159
361160
361161
361162
361163
361164
361165
361166
361167
361168
361169
361170
361171
361173
361174
361175
361176
361177
361178
361179
361180
361181
361182
361183
361184
361185
361186
361187
361188
361189
361190
361191
361192
361193
361194
361195
361196
361197
361198
361199
361200
361201
361202
361203
361204
361205
361206
361207
361208
361209
361210
361211
361212
361213
361214
361215
361216
361217
361218
361219
361220
361221
361222
361223
361224
361225
361226
361227
361228
361229
361230
361231
361232
361233
361234
361235
361236
361237
361238
361239
361240
361241
361242
361243
361244
361245
361246
361247
361248
361249
361250
361251
361252
361253
361254
361255
361256
361257
361258
361259
361260
361261
361262
361263
361264
361265
361266
361267
361268
361269
361270
361271
361272
361273
361274
361275
361276
361277
361278
361279
361280
361281
361282
361283
361284
361285
361286
361287
361288
361289
361290
361291
361292
361293
361294
361295
361296
361297
361298
361299
361300
361301
361302
361303
361304
361305
361306
361307
361308
361309
361310
361311
361312
361313
361314
361315
361316
361317
361318
361319
361320
361321
361322
361323
361324
361325
361326
361327
361328
361329
361330
361331
361332
361333
361334
361335
361336
361337
361338
361339
361340
361341
361342
361343
361344
361345
361346
361347
361348
361349
361350
361351
361352
361353
361354
361355
361356
361357
361358
361359
361360
361361
361362
361363
361364
361365
361366
361367
361368
361369
361370
361371
361372
361373
361374
361375
361376
361377
361378
361379
361380
361381
361382
361383
361384
361385
361386
361387
361388
361389
361390
361391
361392
361393
361394
361395
361396
361397
361398
361399
361400
361401
361402
361403
361404
361405
361406
361407
361408
361409
361410
361411
361412
361413
361414
361415
361416
361417
361418
361419
361420
361421
361422
361423
361424
361425
361426
361427
361428
361429
361430
361431
361432
361433
361434
361435
361436
361437
361438
361439
361440
361441
361442
361443
361444
361445
361446
361447
361448
361449
361450
361451
361452
361453
361454
361455
361456
361457
361458
361459
361460
361461
361462
361463
361464
361465
361466
361467
361468
361469
361470
361471
361472
361473
361474
361475
361476
361477
361478
361479
361480
361481
361482
361483
361484
361485
361486
361487
361488
361489
361490
361491
361492
361493
361494
361495
361496
361497
361498
361499
361500
361501
361502
361503
361504
361505
361506
361507
361508
361509
361510
361511
361512
361513
361514
361515
361516
361517
361518
361519
361520
361521
361522
361523
361524
361525
361526
361527
361528
361529
361530
361531
361532
361533
361534
361535
361536
361537
361538
361539
361540
361541
361542
361543
361544
361545
361546
361547
361548
361549
361550
361551
361552
361553
361554
361555
361556
361557
361558
361559
361560
361561
361562
361563
361564
361565
361566
361567
361568
361569
361570
361571
361572
361573
361574
361575
361576
361577
361578
361579
361580
361581
361582
361583
361584
361585
361586
361587
361588
361589
361590
361591
361592
361593
361594
361595
361596
361597
361598
361599
361600
361601
361602
361603
361604
361605
361606
361607
361608
361609
361610
361611
361612
361613
361614
361615
361616
361617
361618
361619
361620
361621
361622
361623
361624
361625
361626
361627
361628
361629
361630
361631
361632
361633
361634
361635
361636
361637
361638
361639
361640
361641
361642
361643
361644
361645
361646
361647
361648
361649
361650
361651
361652
361653
361654
361655
361656
361657
361658
361659
361660
361661
361662
361663
361664
361665
361666
361667
361668
361669
361670
361671
361672
361673
361674
361675
361676
361677
361678
361679
361680
361681
361682
361683
361684
361685
361686
361687
361688
361689
361690
361691
361692
361693
361694
361695
361696
361697
361698
361699
361700
361701
361702
361703
361704
361705
361706
361707
361708
361709
361710
361711
361712
361713
361714
361715
361716
361717
361718
361719
361720
361721
361722
361723
361724
361725
361726
361727
361728
361729
361730
361731
361732
361733
361734
361735
361736
361737
361738
361739
361740
361741
361742
361743
361744
361745
361746
361747
361748
361749
361750
361751
361752
361753
361754
361755
361756
361757
361758
361759
361760
361761
361762
361763
361764
361765
361766
361767
361768
361769
361770
361771
361772
361773
361774
361775
361776
361777
361778
361779
361780
361781
361782
361783
361784
361785
361786
361787
361788
361789
361790
361791
361792
361793
361794
361795
361796
361797
361798
361799
361800
361801
361802
361803
361804
361805
361806
361807
361808
361809
361810
361811
361812
361813
361814
361815
361816
361817
361818
361819
361820
361821
361822
361823
361824
361825
361826
361827
361828
361829
361830
361831
361832
361833
361834
361835
361836
361837
361838
361839
361840
361841
361842
361843
361844
361845
361846
361847
361848
361849
361850
361851
361852
361853
361854
361855
361856
361857
361858
361859
361860
361861
361862
361863
361864
361865
361866
361867
361868
361869
361870
361871
361872
361873
361874
361875
361876
361877
361878
361879
361880
361881
361882
361883
361884
361885
361886
361887
361888
361889
361890
361891
361892
361893
361894
361895
361896
361897
361898
361899
361900
361901
361902
361903
361904
361905
361906
361907
361908
361909
361910
361911
361912
361913
361914
361915
361916
361917
361918
361919
361920
361921
361922
361923
361924
361925
361926
361927
361928
361929
361930
361931
361932
361933
361934
361935
361936
361937
361938
361939
361940
361941
361942
361943
361944
361945
361946
361947
361948
361949
361950
361951
361952
361953
361954
361955
361956
361957
361958
361959
361960
361961
361962
361963
361964
361965
361966
361967
361968
361969
361970
361971
361972
361973
361974
361975
361976
361977
361978
361979
361980
361981
361982
361983
361984
361985
361986
361987
361988
361989
361990
361991
361992
361993
361994
361995
361996
361997
361998
361999
362000
362001
362002
362003
362004
362005
362006
362007
362008
362009
362010
362011
362012
362013
362014
362015
362016
362017
362018
362019
362020
362021
362022
362023
362024
362025
362026
362027
362028
362029
362030
362031
362032
362033
362034
362035
362036
362037
362038
362039
362040
362041
362042
362043
362044
362045
362046
362047
362048
362049
362050
362051
362052
362053
362054
362055
362056
362057
362058
362059
362060
362061
362062
362063
362064
362065
362066
362067
362068
362069
362070
362071
362072
362073
362074
362075
362076
362077
362078
362079
362080
362081
362082
362083
362084
362085
362086
362087
362088
362089
362090
362091
362092
362093
362094
362095
362096
362097
362098
362099
362100
362101
362102
362103
362104
362105
362106
362107
362108
362109
362110
362111
362112
362113
362114
362115
362116
362117
362118
362119
362120
362121
362122
362123
362124
362125
362126
362127
362128
362129
362130
362131
362132
362133
362134
362135
362136
362137
362138
362139
362140
362141
362142
362143
362144
362145
362146
362147
362148
362149
362150
362151
362152
362153
362154
362155
362156
362157
362158
362159
362160
362161
362162
362163
362164
362165
362166
362167
362168
362169
362170
362171
362172
362173
362174
362175
362176
362177
362178
362179
362180
362181
362182
362183
362184
362185
362186
362187
362188
362189
362190
362191
362192
362193
362194
362195
362196
362197
362198
362199
362200
362201
362202
362203
362204
362205
362206
362207
362208
362209
362210
362211
362212
362213
362214
362215
362216
362217
362218
362219
362220
362221
362222
362223
362224
362225
362226
362227
362228
362229
362230
362231
362232
362233
362234
362235
362236
362237
362238
362239
362240
362241
362242
362243
362244
362245
362246
362247
362249
362250
362251
362252
362253
362254
362256
362257
362258
362259
