662610
662611
662612
662613
662614
662615
662616
662617
662618
662619
662620
662621
662622
662623
662624
662625
662626
662627
662628
662629
662630
662631
662632
662633
662634
662635
662636
662637
662638
662639
662640
662641
662642
662643
662644
662645
662646
662647
662648
662649
662650
662651
662652
662653
662654
662655
662656
662657
662658
662659
662660
662661
662662
662663
662664
662665
662666
662667
662668
662669
662670
662671
662672
662673
662674
662675
662676
662677
662678
662679
662680
662681
662682
662683
662684
662685
662686
662687
662688
662689
662690
662691
662692
662693
662694
662695
662696
662697
662698
662699
662700
662701
662702
662703
662704
662705
662706
662707
662708
662709
662710
662711
662712
662713
662714
662715
662716
662717
662718
662719
662720
662721
662722
662723
662724
662725
662726
662727
662728
662729
662730
662731
662732
662733
662734
662735
662736
662737
662738
662739
662740
662741
662742
662743
662744
662745
662746
662747
662748
662749
662750
662751
662752
662753
662754
662755
662756
662757
662758
662759
662760
662761
662762
662763
662764
662765
662766
662767
662768
662769
662770
662771
662772
662773
662774
662775
662776
662777
662778
662779
662780
662781
662782
662783
662784
662785
662786
662787
662788
662789
662790
662791
662792
662793
662794
662795
662796
662797
662798
662799
662800
662801
662802
662803
662804
662805
662806
662807
662808
662809
662810
662811
662812
662813
662814
662815
662816
662817
662818
662819
662820
662821
662822
662823
662824
662825
662826
662827
662828
662829
662830
662831
662832
662833
662834
662835
662836
662837
662838
662839
662840
662841
662842
662843
662844
662845
662846
662847
662848
662849
662850
662851
662852
662853
662854
662855
662856
662857
662858
662859
662860
662861
662862
662863
662864
662865
662866
662867
662868
662869
662870
662871
662872
662873
662874
662875
662876
662877
662878
662879
662880
662881
662882
662883
662884
662885
662886
662887
662888
662889
662890
662891
662892
662893
662894
662895
662896
662897
662898
662899
662900
662901
662902
662903
662904
662905
662906
662907
662908
662909
662910
662911
662912
662913
662914
662915
662916
662917
662918
662919
662920
662921
662922
662923
662924
662925
662926
662927
662928
662929
662930
662931
662932
662933
662934
662935
662936
662937
662938
662939
662940
662941
662942
662943
662944
662945
662946
662947
662948
662949
662950
662951
662952
662953
662954
662955
662956
662957
662958
662959
662960
662961
662962
662963
662964
662965
662966
662967
662968
662969
662970
662971
662972
662973
662974
662975
662976
662977
662978
662979
662980
662981
662982
662983
662984
662985
662986
662987
662988
662989
662990
662991
662992
662993
662994
662995
662996
662997
662998
662999
663000
663001
663002
663003
663004
663005
663006
663007
663008
663009
663010
663011
663012
663013
663014
663015
663016
663017
663018
663019
663020
663021
663022
663023
663024
663025
663026
663027
663028
663029
663030
663031
663032
663033
663034
663035
663036
663037
663038
663039
663040
663041
663042
663043
663044
663045
663046
663047
663048
663049
663050
663051
663052
663053
663054
663055
663056
663057
663058
663059
663060
663061
663062
663063
663064
663065
663066
663067
663068
663069
663070
663071
663072
663073
663074
663075
663076
663077
663078
663079
663080
663081
663082
663083
663084
663085
663086
663087
663088
663089
663090
663091
663092
663093
663094
663095
663096
663097
663098
663099
663100
663101
663102
663103
663104
663105
663106
663107
663108
663109
663110
663111
663112
663113
663114
663115
663116
663117
663118
663119
663120
663121
663122
663123
663124
663125
663126
663127
663128
663129
663130
663131
663132
663133
663134
663135
663136
663137
663138
663139
663140
663141
663142
663143
663144
663145
663146
663147
663148
663149
663150
663151
663152
663153
663154
663155
663156
663157
663158
663159
663160
663161
663162
663163
663164
663165
663166
663167
663168
663169
663170
663171
663172
663173
663174
663175
663176
663177
663178
663179
663180
663181
663182
663183
663184
663185
663186
663187
663188
663189
663190
663191
663192
663193
663194
663195
663196
663197
663198
663199
663200
663201
663202
663203
663204
663205
663206
663207
663208
663209
663210
663211
663212
663213
663214
663215
663216
663217
663218
663219
663220
663221
663222
663223
663224
663225
663226
663227
663228
663229
663230
663231
663232
663233
663234
663235
663236
663237
663238
663239
663240
663241
663242
663243
663244
663245
663246
663247
663248
663249
663250
663251
663252
663253
663254
663255
663256
663257
663258
663259
663260
663261
663262
663263
663264
663265
663266
663267
663268
663269
663270
663271
663272
663273
663274
663275
663276
663277
663278
663279
663280
663281
663282
663283
663284
663285
663286
663287
663288
663289
663290
663291
663292
663293
663294
663295
663296
663297
663298
663299
663300
663301
663302
663303
663304
663305
663306
663307
663308
663309
663310
663311
663312
663313
663314
663315
663316
663317
663318
663319
663320
663321
663322
663323
663324
663325
663326
663327
663328
663329
663330
663331
663332
663333
663334
663335
663336
663337
663338
663339
663340
663341
663342
663343
663344
663345
663346
663347
663348
663349
663350
663351
663352
663353
663354
663355
663356
663357
663358
663359
663360
663361
663362
663363
663364
663365
663366
663367
663368
663369
663370
663371
663372
663373
663374
663375
663376
663377
663378
663379
663380
663381
663382
663383
663384
663385
663386
663387
663388
663389
663390
663391
663392
663393
663394
663395
663396
663397
663398
663399
663400
663401
663402
663403
663404
663405
663406
663407
663408
663409
663410
663411
663412
663413
663414
663415
663416
663417
663418
663419
663420
663421
663422
663423
663424
663425
663426
663427
663428
663429
663430
663431
663432
663433
663434
663435
663436
663437
663438
663439
663440
663441
663442
663443
663444
663445
663446
663447
663448
663449
663450
663451
663452
663453
663454
663455
663456
663457
663458
663459
663460
663461
663462
663463
663464
663465
663466
663467
663468
663469
663470
663471
663472
663473
663474
663475
663476
663477
663478
663479
663480
663481
663482
663483
663484
663485
663486
663487
663488
663489
663490
663491
663492
663493
663494
663495
663496
663497
663498
663499
663500
663501
663502
663503
663504
663505
663506
663507
663508
663509
663510
663511
663512
663513
663514
663515
663516
663517
663518
663519
663520
663521
663522
663523
663524
663525
663526
663527
663528
663529
663530
663531
663532
663533
663534
663535
663536
663537
663538
663539
663540
663541
663542
663543
663544
663545
663546
663547
663548
663549
663550
663551
663552
663553
663554
663555
663556
663557
663558
663559
663560
663561
663562
663563
663564
663565
663566
663567
663568
663569
663570
663571
663572
663573
663574
663575
663576
663577
663578
663579
663580
663581
663582
663583
663584
663585
663586
663587
663588
663589
663590
663591
663592
663593
663594
663595
663596
663597
663598
663599
663600
663601
663602
663603
663604
663605
663606
663607
663608
663609
663610
663611
663612
663613
663614
663615
663616
663617
663618
663619
663620
663621
663622
663623
663624
663625
663626
663627
663628
663629
663630
663631
663632
663633
663634
663635
663636
663637
663638
663639
663640
663641
663642
663643
663644
663645
663646
663647
663648
663649
663650
663651
663652
663653
663654
663655
663656
663657
663658
663659
663660
663661
663662
663663
663664
663665
663666
663667
663668
663669
663670
663671
663672
663673
663674
663675
663676
663677
663678
663679
663680
663681
663682
663683
663684
663685
663686
663687
663688
663689
663690
663691
663692
663693
663694
663695
663696
663697
663698
663699
663700
663701
663702
663703
663704
663705
663706
663707
663708
663709
663710
663711
663712
663713
663714
663715
663716
663717
663718
663719
663720
663721
663722
663723
663724
663725
663726
663727
663728
663729
663730
663731
663732
663733
663734
663735
663736
663737
663738
663739
663740
663741
663742
663743
663744
663745
663746
663747
663748
663749
663750
663751
663752
663753
663754
663755
663756
663757
663758
663759
663760
663761
663762
663763
663764
663765
663766
663767
663768
663769
663770
663771
663772
663773
663774
663775
663776
663777
663778
663779
663780
663781
663782
663783
663784
663785
663786
663787
663788
663789
663790
663791
663792
663793
663794
663795
663796
663797
663798
663799
663800
663801
663802
663803
663804
663805
663806
663807
663808
663809
663810
663811
663812
663813
663814
663815
663816
663817
663818
663819
663820
663821
663822
663823
663824
663825
663826
663827
663828
663829
663830
663831
663832
663833
663834
663835
663836
663837
663838
663839
663840
663841
663842
663843
663844
663845
663846
663847
663848
663849
663850
663851
663852
663853
663854
663855
663856
663857
663858
663859
663860
663861
663862
663863
663864
663865
663866
663867
663868
663869
663870
663871
663872
663873
663874
663875
663876
663877
663878
663879
663880
663881
663882
663883
663884
663885
663886
663887
663888
663889
663890
663891
663892
663893
663894
663895
663896
663897
663898
663899
663900
663901
663902
663903
663904
663905
663906
663907
663908
663909
663910
663911
663912
663913
663914
663915
663916
663917
663918
663919
663920
663921
663922
663923
663924
663925
663926
663927
663928
663929
663930
663931
663932
663933
663934
663935
663936
663937
663938
663939
663940
663941
663942
663943
663944
663945
663946
663947
663948
663949
663950
663951
663952
663953
663954
663955
663956
663957
663958
663959
663960
663961
663962
663963
663964
663965
663966
663967
663968
663969
663970
663971
663972
663973
663974
663975
663976
663977
663978
663979
663980
663981
663982
663983
663984
663985
663986
663987
663988
663989
663990
663991
663992
663993
663994
663995
663996
663997
663998
663999
664000
664001
664002
664003
664004
664005
664006
664007
664008
664009
664010
664011
664012
664013
664014
664015
664016
664017
664018
664019
664020
664021
664022
664023
664024
664025
664026
664027
664028
664029
664030
664031
664032
664033
664034
664035
664036
664037
664038
664039
664040
664041
664042
664043
664044
664045
664046
664047
664048
664049
664050
664051
664052
664053
664054
664055
664056
664057
664058
664059
664060
664061
664062
664063
664064
664065
664066
664067
664068
664069
664070
664071
664072
664073
664074
664075
664076
664077
664078
664079
664080
664081
664082
664083
664084
664085
664086
664087
664088
664089
664090
664091
664092
664093
664094
664095
664096
664097
664098
664099
664100
664101
664102
664103
664104
664105
664106
664107
664108
664109
664110
664111
664112
664113
664114
664115
664116
664117
664118
664119
664120
664121
664122
664123
664124
664125
664126
664127
664128
664129
664130
664131
664132
664133
664134
664135
664136
664137
664138
664139
664140
664141
664142
664143
664144
664145
664146
664147
664148
664149
664150
664151
664152
664153
664154
664155
664156
664157
664158
664159
664160
664161
664162
664163
664164
664165
664166
664167
664168
664169
664170
664171
664172
664173
664174
664175
664176
664177
664178
664179
664180
664181
664182
664183
664184
664185
664186
664187
664188
664189
664190
664191
664192
664193
664194
664195
664196
664197
664198
664199
664200
664201
664202
664203
664204
664205
664206
664207
664208
664209
664210
664211
664212
664213
664214
664215
664216
664217
664218
664219
664220
664221
664222
664223
664224
664225
664226
664227
664228
664229
664230
664231
664232
664233
664234
664235
664236
664237
664238
664239
664240
664241
664242
664243
664244
664245
664246
664247
664248
664249
664250
664251
664252
664253
664254
664255
664256
664257
664258
664259
664260
664261
664262
664263
664264
664265
664266
664267
664268
664269
664270
664271
664272
664273
664274
664275
664276
664277
664278
664279
664280
664281
664282
664283
664284
664285
664286
664287
664288
664289
664290
664291
664292
664293
664294
664295
664296
664297
664298
664299
664300
664301
664302
664303
664304
664305
664306
664307
664308
664309
664310
664311
664312
664313
664314
664315
664316
664317
664318
664319
664320
664321
664322
664323
664324
664325
664326
664327
664328
664329
664330
664331
664332
664333
664334
664335
664336
664337
664338
664339
664340
664341
664342
664343
664344
664345
664346
664347
664348
664349
664350
664351
664352
664353
664354
664355
664356
664357
664358
664359
664360
664361
664362
664363
664364
664365
664366
664367
664368
664369
664370
664371
664372
664373
664374
664375
664376
664377
664378
664379
664380
664381
664382
664383
664384
664385
664386
664387
664388
664389
664390
664391
664392
664393
664394
664395
664396
664397
664398
664399
664400
664401
664402
664403
664404
664405
664406
664407
664408
664409
664410
664411
664412
664413
664414
664415
664416
664417
664418
664419
664420
664421
664422
664423
664424
664425
664426
664427
664428
664429
664430
664431
664432
664433
664434
664435
664436
664437
664438
664439
664440
664441
664442
664443
664444
664445
664446
664447
664448
664449
664450
664451
664452
664453
664454
664455
664456
664457
664458
664459
664460
664461
664462
664463
664464
664465
664466
664467
664468
664469
664470
664471
664472
664473
664474
664475
664476
664477
664478
664479
664480
664481
664482
664483
664484
664485
664486
664487
664488
664489
664490
664491
664492
664493
664494
664495
664496
664497
664498
664499
664500
664501
664502
664503
664504
664505
664506
664507
664508
664509
664510
664511
664512
664513
664514
664515
664516
664517
664518
664519
664520
664521
664522
664523
664524
664525
664526
664527
664528
664529
664530
664531
664532
664533
664534
664535
664536
664537
664538
664539
664540
664541
664542
664543
664544
664545
664546
664547
664548
664549
664550
664551
664552
664553
664554
664555
664556
664557
664558
664559
664560
664561
664562
664563
664564
664565
664566
664567
664568
664569
664570
664571
664572
664573
664574
664575
664576
664577
664578
664579
664580
664581
664582
664583
664584
664585
664586
664587
664588
664589
664590
664591
664592
664593
664594
664595
664596
664597
664598
664599
664600
664601
664602
664603
664604
664605
664606
664607
664608
664609
664610
664611
664612
664613
664614
664615
664616
664617
664618
664619
664620
664621
664622
664623
664624
664625
664626
664627
664628
664629
664630
664631
664632
664633
664634
664635
664636
664637
664638
664639
664640
664641
664642
664643
664644
664645
664646
664647
664648
664649
664650
664651
664652
664653
664654
664655
664656
664657
664658
664659
664660
664661
664662
664663
664664
664665
664666
664667
664668
664669
664670
664672
664673
664674
664675
664676
664677
664678
664679
664680
664681
664682
664683
664684
664685
664686
664687
664688
664689
664690
664691
664692
664693
664694
664695
664696
664697
664698
664699
664700
664701
664702
664703
664704
664705
664706
664707
664708
664709
664710
664711
664712
664713
664714
664715
664716
664717
664718
664719
664720
664721
664722
664723
664724
664725
664726
664727
664728
664729
664730
664731
664732
664733
664734
664735
664736
664737
664738
664739
664740
664741
664742
664743
664744
664745
664746
664747
664748
664749
664750
664751
664752
664753
664754
664755
664756
664757
664758
664759
664760
664761
664762
664763
664764
664765
664766
664767
664768
664769
664770
664771
664772
664773
664774
664775
664776
664777
664778
664779
664780
664781
664782
664783
664784
664785
664786
664787
664788
664789
664790
664791
664792
664793
664794
664795
664796
664797
664798
664799
664800
664801
664802
664803
664804
664805
664806
664807
664808
664809
664810
664811
664812
664813
664814
664815
664816
664817
664818
664819
664820
664821
664822
664823
664824
664825
664826
664827
664828
664829
664830
664831
664832
664833
664834
664835
664836
664837
664838
664839
664840
664841
664842
664843
664844
664845
664846
664847
664848
664849
664850
664851
664852
664853
664854
664855
664856
664857
664858
664859
664860
664861
664862
664863
664864
664865
664866
664867
664868
664869
664870
664871
664872
664873
664874
664875
664876
664877
664878
664879
664880
664881
664882
664883
664884
664885
664886
664887
664888
664889
664890
664891
664892
664893
664894
664895
664896
664897
664898
664899
664900
664901
664902
664903
664904
664905
664906
664907
664908
664909
664910
664911
664912
664913
664914
664915
664916
664917
664918
664919
664920
664921
664922
664923
664924
664925
664926
664927
664928
664929
664930
664931
664932
664933
664934
664935
664936
664937
664938
664939
664940
664941
664942
664943
664944
664945
664946
664947
664948
664949
664950
664951
664952
664953
664954
664955
664956
664957
664958
664959
664960
664961
664962
664963
664964
664965
664966
664967
664968
664969
664970
664971
664972
664973
664974
664975
664976
664977
664978
664979
664980
664981
664982
664983
664984
664985
664986
664987
664988
664989
664990
664991
664992
664993
664994
664995
664996
664997
664998
664999
665000
665001
665002
665003
665004
665005
665006
665007
665008
665009
665010
665011
665012
665013
665014
665015
665016
665017
665018
665019
665020
665021
665022
665023
665024
665025
665026
665027
665028
665029
665030
665031
665032
665033
665034
665035
665036
665037
665038
665039
665040
665041
665042
665043
665044
665045
665046
665047
665048
665049
665050
665051
665052
665053
665054
665055
665056
665057
665058
665059
665060
665061
665062
665063
665064
665065
665066
665067
665068
665069
665070
665071
665072
665073
665074
665075
665076
665077
665078
665079
665080
665081
665082
665083
665084
665085
665086
665087
665088
665089
665090
665091
665092
665093
665094
665095
665096
665097
665098
665099
665100
665101
665102
665103
665104
665105
665106
665107
665108
665109
665110
665111
665112
665113
665114
665115
665116
665117
665118
665119
665120
665121
665122
665123
665124
665125
665126
665127
665128
665129
665130
665131
665132
665133
665134
665135
665136
665137
665138
665139
665140
665141
665142
665143
665144
665145
665146
665147
665148
665149
665150
665151
665152
665153
665154
665155
665156
665157
665158
665159
665160
665161
665162
665163
665164
665165
665166
665167
665168
665169
665170
665171
665172
665173
665174
665175
665176
665177
665178
665179
665180
665181
665182
665183
665184
665185
665186
665187
665188
665189
665190
665191
665192
665193
665194
665195
665196
665197
665198
665199
665200
665201
665202
665203
665204
665205
665206
665207
665208
665209
665210
665211
665212
665213
665214
665215
665216
665217
665218
665219
665220
665221
665222
665223
665224
665225
665226
665227
665228
665229
665230
665231
665232
665233
665234
665235
665236
665237
665238
665239
665240
665241
665242
665243
665244
665245
665246
665247
665248
665249
665250
665251
665252
665253
665254
665255
665256
665257
665258
665259
665260
665261
665262
665263
665264
665265
665266
665267
665268
665269
665270
665271
665272
665273
665274
665275
665276
665277
665278
665279
665280
665281
665282
665283
665284
665285
665286
665287
665288
665289
665290
665291
665292
665293
665294
665295
665296
665297
665298
665299
665300
665301
665302
665303
665304
665305
665306
665307
665308
665309
665310
665311
665312
665313
665314
665315
665316
665317
665318
665319
665320
665321
665322
665323
665324
665325
665326
665327
665328
665329
665330
665331
665332
665333
665334
665335
665336
665337
665338
665339
665340
665341
665342
665343
665344
665345
665346
665347
665348
665349
665350
665351
665352
665353
665354
665355
665356
665357
665358
665359
665360
665361
665362
