365940
365941
365942
365943
365944
365945
365946
365947
365948
365949
365950
365951
365952
365953
365954
365955
365956
365957
365958
365959
365960
365961
365962
365963
365964
365965
365966
365967
365968
365969
365970
365971
365972
365973
365974
365975
365976
365977
365978
365979
365980
365981
365982
365983
365984
365985
365986
365987
365988
365989
365990
365991
365992
365993
365994
365995
365996
365997
365998
365999
366000
366001
366002
366003
366004
366005
366006
366007
366008
366009
366010
366011
366012
366013
366014
366015
366016
366017
366018
366019
366020
366021
366022
366023
366024
366025
366026
366027
366028
366029
366030
366031
366032
366033
366034
366035
366036
366037
366038
366039
366040
366041
366042
366043
366044
366045
366046
366047
366048
366049
366050
366051
366052
366053
366054
366055
366056
366057
366058
366059
366060
366061
366062
366063
366064
366065
366066
366067
366068
366069
366070
366071
366072
366073
366074
366075
366076
366077
366078
366079
366080
366081
366082
366083
366084
366085
366086
366087
366088
366089
366090
366091
366092
366093
366094
366095
366096
366097
366098
366099
366100
366101
366102
366103
366104
366105
366106
366107
366108
366109
366110
366111
366112
366113
366114
366115
366116
366117
366118
366119
366120
366121
366122
366123
366124
366125
366126
366127
366128
366129
366130
366131
366132
366133
366134
366135
366136
366137
366138
366139
366140
366141
366142
366143
366144
366145
366146
366147
366148
366149
366150
366151
366152
366153
366154
366155
366156
366157
366158
366159
366160
366161
366162
366163
366164
366165
366166
366167
366168
366169
366170
366171
366172
366173
366174
366175
366176
366177
366178
366179
366180
366181
366182
366183
366184
366185
366186
366187
366188
366189
366190
366191
366192
366193
366194
366195
366196
366197
366198
366199
366200
366201
366202
366203
366204
366205
366206
366207
366208
366209
366210
366211
366212
366213
366214
366215
366216
366217
366218
366219
366220
366221
366222
366223
366224
366225
366226
366227
366228
366229
366230
366231
366232
366233
366234
366235
366236
366237
366238
366239
366240
366241
366242
366243
366244
366245
366246
366247
366248
366249
366250
366251
366252
366253
366254
366255
366256
366257
366258
366259
366260
366261
366262
366263
366264
366265
366266
366267
366268
366269
366270
366271
366272
366273
366274
366275
366276
366277
366278
366279
366280
366281
366282
366283
366284
366285
366286
366287
366288
366289
366290
366291
366292
366293
366294
366295
366296
366297
366298
366299
366300
366301
366302
366303
366304
366305
366306
366307
366308
366309
366310
366311
366312
366313
366314
366315
366316
366317
366318
366319
366320
366321
366322
366323
366324
366325
366326
366327
366328
366329
366330
366331
366332
366333
366334
366335
366336
366337
366338
366339
366340
366341
366342
366343
366344
366345
366346
366347
366348
366349
366350
366351
366352
366353
366354
366355
366356
366357
366358
366359
366360
366361
366362
366363
366364
366365
366366
366367
366368
366369
366370
366371
366372
366373
366374
366375
366376
366377
366378
366379
366380
366381
366382
366383
366384
366385
366386
366387
366388
366389
366390
366391
366392
366393
366394
366395
366396
366397
366398
366399
366400
366401
366402
366403
366404
366405
366406
366407
366408
366409
366410
366411
366412
366413
366414
366415
366416
366417
366418
366419
366420
366421
366422
366423
366424
366425
366426
366427
366428
366429
366430
366431
366432
366433
366434
366435
366436
366437
366438
366439
366440
366441
366442
366443
366444
366445
366446
366447
366448
366449
366450
366451
366452
366453
366454
366455
366456
366457
366458
366459
366460
366461
366462
366463
366464
366465
366466
366467
366468
366469
366470
366471
366472
366473
366474
366475
366476
366477
366478
366479
366480
366481
366482
366483
366484
366485
366486
366487
366488
366489
366490
366491
366492
366493
366494
366495
366496
366497
366498
366499
366500
366501
366502
366503
366504
366505
366506
366507
366508
366509
366510
366511
366512
366513
366514
366515
366516
366517
366518
366519
366520
366521
366522
366523
366524
366525
366526
366527
366528
366529
366530
366531
366532
366533
366534
366535
366536
366537
366538
366539
366540
366541
366542
366543
366544
366545
366546
366547
366548
366549
366550
366551
366552
366553
366554
366555
366556
366557
366558
366559
366560
366561
366562
366563
366564
366565
366566
366567
366568
366569
366570
366571
366572
366573
366574
366575
366576
366577
366578
366579
366580
366581
366582
366583
366584
366585
366586
366587
366588
366589
366590
366591
366592
366593
366594
366595
366596
366597
366598
366599
366600
366601
366602
366603
366604
366605
366606
366607
366608
366609
366610
366611
366612
366613
366614
366615
366616
366617
366618
366619
366620
366621
366622
366623
366624
366625
366626
366627
366628
366629
366630
366631
366632
366633
366634
366635
366636
366637
366638
366639
366640
366641
366642
366643
366644
366645
366646
366647
366648
366649
366650
366651
366652
366653
366654
366655
366656
366657
366658
366659
366660
366661
366662
366663
366664
366665
366666
366667
366668
366669
366670
366671
366672
366673
366674
366675
366676
366677
366678
366679
366680
366681
366682
366683
366684
366685
366686
366687
366688
366689
366690
366691
366692
366693
366694
366695
366696
366697
366698
366699
366700
366701
366702
366703
366704
366705
366706
366707
366708
366709
366710
366711
366712
366713
366714
366715
366716
366717
366718
366719
366720
366721
366722
366723
366724
366725
366726
366727
366728
366729
366730
366731
366732
366733
366734
366735
366736
366737
366738
366739
366740
366741
366742
366743
366744
366745
366746
366747
366748
366749
366750
366751
366752
366753
366754
366755
366756
366757
366758
366759
366760
366761
366762
366763
366764
366765
366766
366767
366768
366769
366770
366771
366772
366773
366774
366775
366776
366777
366778
366779
366780
366781
366782
366783
366784
366785
366786
366787
366788
366789
366790
366791
366792
366793
366794
366795
366796
366797
366798
366799
366800
366801
366802
366803
366804
366805
366806
366807
366808
366809
366810
366811
366812
366813
366814
366815
366816
366817
366818
366819
366820
366821
366822
366823
366824
366825
366826
366827
366828
366829
366830
366831
366832
366833
366834
366835
366836
366837
366838
366839
366840
366841
366842
366843
366844
366845
366846
366847
366848
366849
366850
366851
366852
366853
366854
366855
366856
366857
366858
366859
366860
366861
366862
366863
366864
366865
366866
366867
366868
366869
366870
366871
366872
366873
366874
366875
366876
366877
366878
366879
366880
366881
366882
366883
366884
366885
366886
366887
366888
366889
366890
366891
366892
366893
366894
366895
366896
366897
366898
366899
366900
366901
366902
366903
366904
366905
366906
366907
366908
366909
366910
366911
366912
366913
366914
366915
366916
366917
366918
366919
366920
366921
366922
366923
366924
366925
366926
366927
366928
366929
366930
366931
366932
366933
366934
366935
366936
366937
366938
366939
366940
366941
366942
366943
366944
366945
366946
366947
366948
366949
366950
366951
366952
366953
366954
366955
366956
366957
366958
366959
366960
366961
366962
366963
366964
366965
366966
366967
366968
366969
366970
366971
366972
366973
366974
366975
366976
366977
366978
366979
366980
366981
366982
366983
366984
366985
366986
366987
366988
366989
366990
366991
366992
366993
366994
366995
366996
366997
366998
366999
367000
367001
367002
367003
367004
367005
367006
367007
367008
367009
367010
367011
367012
367013
367014
367015
367016
367017
367018
367019
367020
367021
367022
367023
367024
367025
367026
367027
367028
367029
367030
367031
367032
367033
367034
367035
367036
367037
367038
367039
367040
367041
367042
367043
367044
367045
367046
367047
367048
367049
367050
367051
367052
367053
367054
367055
367056
367057
367058
367059
367060
367061
367062
367063
367064
367065
367066
367067
367068
367069
367070
367071
367072
367073
367074
367075
367076
367077
367078
367079
367080
367081
367082
367083
367084
367085
367086
367087
367088
367089
367090
367091
367092
367093
367094
367095
367096
367097
367098
367099
367100
367101
367102
367103
367104
367105
367106
367107
367108
367109
367110
367111
367112
367113
367114
367115
367116
367117
367118
367119
367120
367121
367122
367123
367124
367125
367126
367127
367128
367129
367130
367131
367132
367133
367134
367135
367136
367137
367138
367139
367140
367141
367142
367143
367144
367145
367146
367147
367148
367149
367150
367151
367152
367153
367154
367155
367156
367157
367158
367159
367160
367161
367162
367163
367164
367165
367166
367167
367168
367169
367170
367171
367172
367173
367174
367175
367176
367177
367178
367179
367180
367181
367182
367183
367184
367185
367186
367187
367188
367189
367190
367191
367192
367193
367194
367195
367196
367197
367198
367199
367200
367201
367202
367203
367204
367205
367206
367207
367208
367209
367210
367211
367212
367213
367214
367215
367216
367217
367218
367219
367220
367221
367222
367223
367224
367225
367226
367227
367228
367229
367230
367231
367232
367233
367234
367235
367236
367237
367238
367239
367240
367241
367242
367243
367244
367245
367246
367247
367248
367249
367250
367251
367252
367253
367254
367255
367256
367257
367258
367259
367260
367261
367262
367263
367264
367265
367266
367267
367268
367269
367270
367271
367272
367273
367274
367275
367276
367277
367278
367279
367280
367281
367282
367283
367284
367285
367286
367287
367288
367289
367290
367291
367292
367293
367294
367295
367296
367297
367298
367299
367300
367301
367302
367303
367304
367305
367306
367307
367308
367309
367310
367311
367312
367313
367314
367315
367316
367317
367318
367319
367320
367321
367322
367323
367324
367325
367326
367327
367328
367329
367330
367331
367332
367333
367334
367335
367336
367337
367338
367339
367340
367341
367342
367343
367344
367345
367346
367347
367348
367349
367350
367351
367352
367353
367354
367355
367356
367357
367358
367359
367360
367361
367362
367363
367364
367365
367366
367367
367368
367369
367370
367371
367372
367373
367374
367375
367376
367377
367378
367379
367380
367381
367382
367383
367384
367385
367386
367387
367388
367389
367390
367391
367392
367393
367394
367395
367396
367397
367398
367399
367400
367401
367402
367403
367404
367405
367406
367407
367408
367409
367410
367411
367412
367413
367414
367415
367416
367417
367418
367419
367420
367421
367422
367423
367424
367425
367426
367427
367428
367429
367430
367431
367432
367433
367434
367435
367436
367437
367438
367439
367440
367441
367442
367443
367444
367445
367446
367447
367448
367449
367450
367451
367452
367453
367454
367455
367456
367457
367458
367459
367460
367461
367462
367463
367464
367465
367466
367467
367468
367469
367470
367471
367472
367473
367474
367475
367476
367477
367478
367479
367480
367481
367482
367483
367484
367485
367486
367487
367488
367489
367490
367491
367492
367493
367494
367495
367496
367497
367498
367499
367500
367501
367502
367503
367504
367505
367506
367507
367508
367509
367510
367511
367512
367513
367514
367515
367516
367517
367518
367519
367520
367521
367522
367523
367524
367525
367526
367527
367528
367529
367530
367531
367532
367533
367534
367535
367536
367537
367538
367539
367540
367541
367542
367543
367544
367545
367546
367547
367548
367549
367550
367551
367552
367553
367554
367555
367556
367557
367558
367559
367560
367561
367562
367563
367564
367565
367566
367567
367568
367569
367570
367571
367572
367573
367574
367575
367576
367577
367578
367579
367580
367581
367582
367583
367584
367585
367586
367587
367588
367589
367590
367591
367592
367593
367594
367595
367596
367597
367598
367599
367600
367601
367602
367603
367604
367605
367606
367607
367608
367609
367610
367611
367612
367613
367614
367615
367616
367617
367618
367619
367620
367621
367622
367623
367624
367625
367626
367627
367628
367629
367630
367631
367632
367633
367634
367635
367636
367637
367638
367639
367640
367641
367642
367643
367644
367645
367646
367647
367648
367649
367650
367651
367652
367653
367654
367655
367656
367657
367658
367659
367660
367661
367662
367663
367664
367665
367666
367667
367668
367669
367670
367671
367672
367673
367674
367675
367676
367677
367678
367679
367680
367681
367682
367683
367684
367685
367686
367687
367688
367689
367690
367691
367692
367693
367694
367695
367696
367697
367698
367699
367700
367701
367702
367703
367704
367705
367706
367707
367708
367709
367710
367711
367712
367713
367714
367715
367716
367717
367718
367719
367720
367721
367722
367723
367724
367725
367726
367727
367728
367729
367730
367731
367732
367733
367734
367735
367736
367737
367738
367739
367740
367741
367742
367743
367744
367745
367746
367747
367748
367749
367750
367751
367752
367753
367754
367755
367756
367757
367758
367759
367760
367761
367762
367763
367764
367765
367766
367767
367768
367769
367770
367771
367772
367773
367774
367775
367776
367777
367778
367779
367780
367781
367782
367783
367784
367785
367786
367787
367788
367789
367790
367791
367792
367793
367794
367795
367796
367797
367798
367799
367800
367801
367802
367803
367804
367805
367806
367807
367808
367809
367810
367811
367812
367813
367814
367815
367816
367817
367818
367819
367820
367821
367822
367823
367824
367825
367826
367827
367828
367829
367830
367831
367832
367833
367834
367835
367836
367837
367838
367839
367840
367841
367842
367843
367844
367845
367846
367847
367848
367849
367850
367851
367852
367853
367854
367855
367856
367857
367858
367859
367860
367861
367862
367863
367864
367865
367866
367867
367868
367869
367870
367871
367872
367873
367874
367875
367876
367877
367878
367879
367880
367881
367882
367883
367884
367885
367886
367887
367888
367889
367890
367891
367892
367893
367894
367895
367896
367897
367898
367899
367900
367901
367902
367903
367904
367905
367906
367907
367908
367909
367910
367911
367912
367913
367914
367915
367916
367917
367918
367919
367920
367921
367922
367923
367924
367925
367926
367927
367928
367929
367930
367931
367932
367933
367934
367935
367936
367937
367938
367939
367940
367941
367942
367943
367944
367945
367946
367947
367948
367949
367950
367951
367952
367953
367954
367955
367956
367957
367958
367959
367960
367961
367962
367963
367964
367965
367966
367967
367968
367969
367970
367971
367972
367973
367974
367975
367976
367977
367978
367979
367980
367981
367982
367983
367984
367985
367986
367987
367988
367989
367990
367991
367992
367993
367994
367995
367996
367997
367998
367999
368000
368001
368002
368003
368004
368005
368006
368007
368008
368009
368010
368011
368012
368013
368014
368015
368016
368017
368018
368019
368020
368021
368022
368023
368024
368025
368026
368027
368028
368029
368030
368031
368032
368033
368034
368035
368036
368037
368038
368039
368040
368041
368042
368043
368044
368045
368046
368047
368048
368049
368050
368051
368052
368053
368054
368055
368056
368057
368058
368059
368060
368061
368062
368063
368064
368065
368066
368067
368068
368069
368070
368071
368072
368073
368074
368075
368076
368077
368078
368079
368080
368081
368082
368083
368084
368085
368086
368087
368088
368089
368090
368091
368092
368093
368094
368095
368096
368097
368098
368099
368100
368101
368102
368103
368104
368105
368106
368107
368108
368109
368110
368111
368112
368113
368114
368115
368116
368117
368118
368119
368120
368121
368122
368123
368124
368125
368126
368127
368128
368129
368130
368131
368132
368133
368134
368135
368136
368137
368138
368139
368140
368141
368142
368143
368144
368145
368146
368147
368148
368149
368150
368151
368152
368153
368154
368155
368156
368157
368158
368159
368160
368161
368162
368163
368164
368165
368166
368167
368168
368169
368170
368171
368172
368173
368174
368175
368176
368177
368178
368179
368180
368181
368182
368183
368184
368185
368186
368187
368188
368189
368190
368191
368192
368193
368194
368195
368196
368197
368198
368199
368200
368201
368202
368203
368204
368205
368206
368207
368208
368209
368210
368211
368212
368213
368214
368215
368216
368217
368218
368219
368220
368221
368222
368223
368224
368225
368226
368227
368228
368229
368230
368231
368232
368233
368234
368235
368236
368237
368238
368239
368240
368241
368242
368243
368244
368245
368246
368247
368248
368249
368250
368251
368252
368253
368254
368255
368256
368257
368258
368259
368260
368261
368262
368263
368264
368265
368266
368267
368268
368269
368270
368271
368272
368273
368274
368275
368276
368277
368278
368279
368280
368281
368282
368283
368284
368285
368286
368287
368288
368289
368290
368291
368292
368293
368294
368295
368296
368297
368298
368299
368300
368301
368302
368303
368304
368305
368306
368307
368308
368309
368310
368311
368312
368313
368314
368315
368316
368317
368318
368319
368320
368321
368322
368323
368324
368325
368326
368327
368328
368329
368330
368331
368332
368333
368334
368335
368336
368337
368338
368339
368340
368341
368342
368343
368344
368345
368346
368347
368348
368349
368350
368351
368352
368353
368354
368355
368356
368357
368358
368359
368360
368361
368362
368363
368364
368365
368366
368367
368368
368369
368370
368371
368372
368373
368374
368375
368376
368377
368378
368379
368380
368381
368382
368383
368384
368385
368386
368387
368388
368389
368390
368391
368392
368393
368394
368395
368396
368397
368398
368399
368400
368401
368402
368403
368404
368405
368406
368407
368408
368409
368410
368411
368412
368413
368414
368415
368416
368417
368418
368419
368420
368421
368422
368423
368424
368425
368426
368427
368428
368429
368430
368431
368432
368433
368434
368435
368436
368437
368438
368439
368440
368441
368442
368443
368444
368445
368446
368447
368448
368449
368450
368451
368452
368453
368454
368455
368456
368457
368458
368459
368460
368461
368462
368463
368464
368465
368466
368467
