703961
703962
703963
703964
703965
703966
703967
703968
703969
703970
703971
703972
703973
703974
703975
703976
703977
703978
703979
703980
703981
703982
703983
703984
703985
703986
703987
703988
703989
703990
703991
703992
703993
703994
703995
703996
703997
703998
703999
704000
704001
704002
704003
704004
704005
704006
704007
704008
704009
704010
704011
704012
704013
704014
704015
704016
704017
704018
704019
704020
704021
704022
704023
704024
704025
704026
704027
704028
704029
704030
704031
704032
704033
704034
704035
704036
704037
704038
704039
704040
704041
704042
704043
704044
704045
704046
704047
704048
704049
704050
704051
704052
704053
704054
704055
704056
704057
704058
704059
704060
704061
704062
704063
704064
704065
704066
704067
704068
704069
704070
704071
704072
704073
704074
704075
704076
704077
704078
704079
704080
704081
704082
704083
704084
704085
704086
704087
704088
704089
704090
704091
704092
704093
704094
704095
704096
704097
704098
704099
704100
704101
704102
704103
704104
704105
704106
704107
704108
704109
704110
704111
704112
704113
704114
704115
704116
704117
704118
704119
704120
704121
704122
704123
704124
704125
704126
704127
704128
704129
704130
704131
704132
704133
704134
704135
704136
704137
704138
704139
704140
704141
704142
704143
704144
704145
704146
704147
704148
704149
704150
704151
704152
704153
704154
704155
704156
704157
704158
704159
704160
704161
704162
704163
704164
704165
704166
704167
704168
704169
704170
704171
704172
704173
704174
704175
704176
704177
704178
704179
704180
704181
704182
704183
704184
704185
704186
704187
704188
704189
704190
704191
704192
704193
704194
704195
704196
704197
704198
704199
704200
704201
704202
704203
704204
704205
704206
704207
704208
704209
704210
704211
704212
704213
704214
704215
704216
704217
704218
704219
704220
704221
704222
704223
704224
704225
704226
704227
704228
704229
704230
704231
704232
704233
704234
704235
704236
704237
704238
704239
704240
704241
704242
704243
704244
704245
704246
704247
704248
704249
704250
704251
704252
704253
704254
704255
704256
704257
704258
704259
704260
704261
704262
704263
704264
704265
704266
704267
704268
704269
704270
704271
704272
704273
704274
704275
704276
704277
704278
704279
704280
704281
704282
704283
704284
704285
704286
704287
704288
704289
704290
704291
704292
704293
704294
704295
704296
704297
704298
704299
704300
704301
704302
704303
704304
704305
704306
704307
704308
704309
704310
704311
704312
704313
704314
704315
704316
704317
704318
704319
704320
704321
704322
704323
704324
704325
704326
704327
704328
704329
704330
704331
704332
704333
704334
704335
704336
704337
704338
704339
704340
704341
704342
704343
704344
704345
704346
704347
704348
704349
704350
704351
704352
704353
704354
704355
704356
704357
704358
704359
704360
704361
704362
704363
704364
704365
704366
704367
704368
704369
704370
704371
704372
704373
704374
704375
704376
704377
704378
704379
704380
704381
704382
704383
704384
704385
704386
704387
704388
704389
704390
704391
704392
704393
704394
704395
704396
704397
704398
704399
704400
704401
704402
704403
704404
704405
704406
704407
704408
704409
704410
704411
704412
704413
704414
704415
704416
704417
704418
704419
704420
704421
704422
704423
704424
704425
704426
704427
704428
704429
704430
704431
704432
704433
704434
704435
704436
704437
704438
704439
704440
704441
704442
704443
704444
704445
704446
704447
704448
704449
704450
704451
704452
704453
704454
704455
704456
704457
704458
704459
704460
704461
704462
704463
704464
704465
704466
704467
704468
704469
704470
704471
704472
704473
704474
704475
704476
704477
704478
704479
704480
704481
704482
704483
704484
704485
704486
704487
704488
704489
704490
704491
704492
704493
704494
704495
704496
704497
704498
704499
704500
704501
704502
704503
704504
704505
704506
704507
704508
704509
704510
704511
704512
704513
704514
704515
704516
704517
704518
704519
704520
704521
704522
704523
704524
704525
704526
704527
704528
704529
704530
704531
704532
704533
704534
704535
704536
704537
704538
704539
704540
704541
704542
704543
704544
704545
704546
704547
704548
704549
704550
704551
704552
704553
704554
704555
704556
704557
704558
704559
704560
704561
704562
704563
704564
704565
704566
704567
704568
704569
704570
704571
704572
704573
704574
704575
704576
704577
704578
704579
704580
704581
704582
704583
704584
704585
704586
704587
704588
704589
704590
704591
704592
704593
704594
704595
704596
704597
704598
704599
704600
704601
704602
704603
704604
704605
704606
704607
704608
704609
704610
704611
704612
704613
704614
704615
704616
704617
704618
704619
704620
704621
704622
704623
704624
704625
704626
704627
704628
704629
704630
704631
704632
704633
704634
704635
704636
704637
704638
704639
704640
704641
704642
704643
704644
704645
704646
704647
704648
704649
704650
704651
704652
704653
704654
704655
704656
704657
704658
704659
704660
704661
704662
704663
704664
704665
704666
704667
704668
704669
704670
704671
704672
704673
704674
704675
704676
704677
704678
704679
704680
704681
704682
704683
704684
704685
704686
704687
704688
704689
704690
704691
704692
704693
704694
704695
704696
704697
704698
704699
704700
704701
704702
704703
704704
704705
704706
704707
704708
704709
704710
704711
704712
704713
704714
704715
704716
704717
704718
704719
704720
704721
704722
704723
704724
704725
704726
704727
704728
704729
704730
704731
704732
704733
704734
704735
704736
704737
704738
704739
704740
704741
704742
704743
704744
704745
704746
704747
704748
704749
704750
704751
704752
704753
704754
704755
704756
704757
704758
704759
704760
704761
704762
704763
704764
704765
704766
704767
704768
704769
704770
704771
704772
704773
704774
704775
704776
704777
704778
704779
704780
704781
704782
704783
704784
704785
704786
704787
704788
704789
704790
704791
704792
704793
704794
704795
704796
704797
704798
704799
704800
704801
704802
704803
704804
704805
704806
704807
704808
704809
704810
704811
704812
704813
704814
704815
704816
704817
704818
704819
704820
704821
704822
704823
704824
704825
704826
704827
704828
704829
704830
704831
704832
704833
704834
704835
704836
704837
704838
704839
704840
704841
704842
704843
704844
704845
704846
704847
704848
704849
704850
704851
704852
704853
704854
704855
704856
704857
704858
704859
704860
704861
704862
704863
704864
704865
704866
704867
704868
704869
704870
704871
704872
704873
704874
704875
704876
704877
704878
704879
704880
704881
704882
704883
704884
704885
704886
704887
704888
704889
704890
704891
704892
704893
704894
704895
704896
704897
704898
704899
704900
704901
704902
704903
704904
704905
704906
704907
704908
704909
704910
704911
704912
704913
704914
704915
704916
704917
704918
704919
704920
704921
704922
704923
704924
704925
704926
704927
704928
704929
704930
704931
704932
704933
704934
704935
704936
704937
704938
704939
704940
704941
704942
704943
704944
704945
704946
704947
704948
704949
704950
704951
704952
704953
704954
704955
704956
704957
704958
704959
704960
704961
704962
704963
704964
704965
704966
704967
704968
704969
704970
704971
704972
704973
704974
704975
704976
704977
704978
704979
704980
704981
704982
704983
704984
704985
704986
704987
704988
704989
704990
704991
704992
704993
704994
704995
704996
704997
704998
704999
705000
705001
705002
705003
705004
705005
705006
705007
705008
705009
705010
705011
705012
705013
705014
705015
705016
705017
705018
705019
705020
705021
705022
705023
705024
705025
705026
705027
705028
705029
705030
705031
705032
705033
705034
705035
705036
705037
705038
705039
705040
705041
705042
705043
705044
705045
705046
705047
705048
705049
705050
705051
705052
705053
705054
705055
705056
705057
705058
705059
705060
705061
705062
705063
705064
705065
705066
705067
705068
705069
705070
705071
705072
705073
705074
705075
705076
705077
705078
705079
705080
705081
705082
705083
705084
705085
705086
705087
705088
705089
705090
705091
705092
705093
705094
705095
705096
705097
705098
705099
705100
705101
705102
705103
705104
705105
705106
705107
705108
705109
705110
705111
705112
705113
705114
705115
705116
705117
705118
705119
705120
705121
705122
705123
705124
705125
705126
705127
705128
705129
705130
705131
705132
705133
705134
705135
705136
705137
705138
705139
705140
705141
705142
705143
705144
705145
705146
705147
705148
705149
705150
705151
705152
705153
705154
705155
705156
705157
705158
705159
705160
705161
705162
705163
705164
705165
705166
705167
705168
705169
705170
705171
705172
705173
705174
705175
705176
705177
705178
705179
705180
705181
705182
705183
705184
705185
705186
705187
705188
705189
705190
705191
705192
705193
705194
705195
705196
705197
705198
705199
705200
705201
705202
705203
705204
705205
705206
705207
705208
705209
705210
705211
705212
705213
705214
705215
705216
705217
705218
705219
705220
705221
705222
705223
705224
705225
705226
705227
705228
705229
705230
705231
705232
705233
705234
705235
705236
705237
705238
705239
705240
705241
705242
705243
705244
705245
705246
705247
705248
705249
705250
705251
705252
705253
705254
705255
705256
705257
705258
705259
705260
705261
705262
705263
705264
705265
705266
705267
705268
705269
705270
705271
705272
705273
705274
705275
705276
705277
705278
705279
705280
705281
705282
705283
705284
705285
705286
705287
705288
705289
705290
705291
705292
705293
705294
705295
705296
705297
705298
705299
705300
705301
705302
705303
705304
705305
705306
705307
705308
705309
705310
705311
705312
705313
705314
705315
705316
705317
705318
705319
705320
705321
705322
705323
705324
705325
705326
705327
705328
705329
705330
705331
705332
705333
705334
705335
705336
705337
705338
705339
705340
705341
705342
705343
705344
705345
705346
705347
705348
705349
705350
705351
705352
705353
705354
705355
705356
705357
705358
705359
705360
705361
705362
705363
705364
705365
705366
705367
705368
705369
705370
705371
705372
705373
705374
705375
705376
705377
705378
705379
705380
705381
705382
705383
705384
705385
705386
705387
705388
705389
705390
705391
705392
705393
705394
705395
705396
705397
705398
705399
705400
705401
705402
705403
705404
705405
705406
705407
705408
705409
705410
705411
705412
705413
705414
705415
705416
705417
705418
705419
705420
705421
705422
705423
705424
705425
705426
705427
705428
705429
705430
705431
705432
705433
705434
705435
705436
705437
705438
705439
705440
705441
705442
705443
705444
705445
705446
705447
705448
705449
705450
705451
705452
705453
705454
705455
705456
705457
705458
705459
705460
705461
705462
705463
705464
705465
705466
705467
705468
705469
705470
705471
705472
705473
705474
705475
705476
705477
705478
705479
705480
705481
705482
705483
705484
705485
705486
705487
705488
705489
705490
705491
705492
705493
705494
705495
705496
705497
705498
705499
705500
705501
705502
705503
705504
705505
705506
705507
705508
705509
705510
705511
705512
705513
705514
705515
705516
705517
705518
705519
705520
705521
705522
705523
705524
705525
705526
705527
705528
705529
705530
705531
705532
705533
705534
705535
705536
705537
705538
705539
705540
705541
705542
705543
705544
705545
705546
705547
705548
705549
705550
705551
705552
705553
705554
705555
705556
705557
705558
705559
705560
705561
705562
705563
705564
705565
705566
705567
705568
705569
705570
705571
705572
705573
705574
705575
705576
705577
705578
705579
705580
705581
705582
705583
705584
705585
705586
705587
705588
705589
705590
705591
705592
705593
705594
705595
705596
705597
705598
705599
705600
705601
705602
705603
705604
705605
705606
705607
705608
705609
705610
705611
705612
705613
705614
705615
705616
705617
705618
705619
705620
705621
705622
705623
705624
705625
705626
705627
705629
705630
705631
705632
705633
705634
705635
705636
705637
705638
705639
705640
705641
705642
705643
705644
705645
705646
705647
705648
705649
705650
705651
705652
705653
705654
705655
705656
705657
705658
705659
705660
705661
705662
705663
705664
705665
705666
705667
705668
705669
705670
705671
705672
705673
705674
705675
705676
705677
705678
705679
705680
705681
705682
705683
705684
705685
705686
705687
705688
705689
705690
705691
705692
705693
705694
705695
705696
705697
705698
705699
705700
705701
705702
705703
705704
705705
705706
705707
705708
705709
705710
705711
705712
705713
705714
705715
705716
705717
705718
705719
705720
705721
705722
705723
705724
705725
705726
705727
705728
705729
705730
705731
705732
705733
705734
705735
705736
705737
705738
705739
705740
705741
705742
705743
705744
705745
705746
705747
705748
705749
705750
705751
705752
705753
705754
705755
705756
705757
705758
705759
705760
705761
705762
705763
705764
705765
705766
705767
705768
705769
705770
705771
705772
705773
705774
705775
705776
705777
705778
705779
705780
705781
705782
705783
705784
705785
705786
705787
705788
705789
705790
705791
705792
705793
705794
705795
705796
705797
705798
705799
705800
705801
705802
705803
705804
705805
705806
705807
705808
705809
705810
705811
705812
705813
705814
705815
705816
705817
705818
705819
705820
705821
705822
705823
705824
705825
705826
705827
705828
705829
705830
705831
705832
705833
705834
705835
705836
705837
705838
705839
705840
705841
705842
705843
705844
705845
705846
705847
705848
705849
705850
705851
705852
705853
705854
705855
705856
705857
705858
705859
705860
705861
705862
705863
705864
705865
705866
705867
705868
705869
705870
705871
705872
705873
705874
705875
705876
705877
705878
705879
705880
705881
705882
705883
705884
705885
705886
705887
705888
705889
705890
705891
705892
705893
705894
705895
705896
705897
705898
705899
705900
705901
705902
705903
705904
705905
705906
705907
705908
705909
705910
705911
705912
705913
705914
705915
705916
705917
705918
705919
705920
705921
705922
705923
705924
705925
705926
705927
705928
705929
705930
705931
705932
705933
705934
705935
705936
705937
705938
705939
705940
705941
705942
705943
705944
705945
705946
705947
705948
705949
705950
705951
705952
705953
705954
705955
705956
705957
705958
705959
705960
705961
705962
705963
705964
705965
705966
705967
705968
705969
705970
705971
705972
705973
705974
705975
705976
705977
705978
705979
705980
705981
705982
705983
705984
705985
705986
705987
705988
705989
705990
705991
705992
705993
705994
705995
705996
705997
705998
705999
706000
706001
706002
706003
706004
706005
706006
706007
706008
706009
706010
706011
706012
706013
706014
706015
706016
706017
706018
706019
706020
706021
706022
706023
706024
706025
706026
706027
706028
706029
706030
706031
706032
706033
706034
706035
706036
706037
706038
706039
706040
706041
706042
706043
706044
706045
706046
706047
706048
706049
706050
706051
706052
706053
706054
706055
706056
706057
706058
706059
706060
706061
706062
706063
706064
706065
706066
706067
706068
706069
706070
706071
706072
706073
706074
706075
706076
706077
706078
706079
706080
706081
706082
706083
706084
706085
706086
706087
706088
706089
706090
706091
706092
706093
706094
706095
706096
706097
706098
706099
706100
706101
706102
706103
706104
706105
706106
706107
706108
706109
706110
706111
706112
706113
706114
706115
706116
706117
706118
706119
706120
706121
706122
706123
706124
706125
706126
706127
706128
706129
706130
706131
706132
706133
706134
706135
706136
706137
706138
706139
706140
706141
706142
706143
706144
706145
706146
706147
706148
706149
706150
706151
706152
706153
706154
706155
706156
706157
706158
706159
706160
706161
706162
706163
706164
706165
706166
706167
706168
706169
706170
706171
706172
706173
706174
706175
706176
706177
706178
706179
706180
706181
706182
706183
706184
706185
706186
706187
706188
706189
706190
706191
706192
706193
706194
706195
706196
706197
706198
706199
706200
706201
706202
706203
706204
706205
706206
706207
706208
706209
706210
706211
706212
706213
706214
706215
706216
706217
706218
706219
706220
706221
706222
706223
706224
706225
706226
706227
706228
706229
706230
706231
706232
706233
706234
706235
706236
706237
706238
706239
706240
706241
706242
706243
706244
706245
706246
706247
706248
706249
706250
706251
706252
706253
706254
706255
706256
706257
706258
706259
706260
706261
706262
706263
706264
706265
706266
706267
706268
706269
706270
706271
706272
706273
706274
706275
706276
706277
706278
706279
706280
706281
706282
706283
706284
706285
706286
706287
706288
706289
706290
706291
706292
706293
706294
706295
706296
706297
706298
706299
706300
706301
706302
706303
706304
706305
706306
706307
706308
706309
706310
706311
706312
706313
706314
706315
706316
706317
706318
706319
706320
706321
706322
706323
706324
706325
706326
706327
706328
706329
706330
706331
706332
706333
706334
706335
706336
706337
706338
706339
706340
706341
706342
706343
706344
706345
706346
706347
706348
706349
706350
706351
706352
706353
706354
706355
706356
706357
706358
706359
706360
706361
706362
706363
706364
706365
706366
706367
706368
706369
706370
706371
706372
706373
706374
706375
706376
706377
706378
706379
706380
706381
706382
706383
706384
706385
706386
706387
706388
706389
706390
706391
706392
706393
706394
706395
706396
706397
706398
706399
706400
706401
706402
706403
706404
706405
706406
706407
706408
706409
706410
706411
706412
706413
706414
706415
706416
706417
706418
706419
706420
706421
706422
706423
706424
706425
706426
706427
706428
706429
706430
706431
706432
706433
706434
706435
706436
706437
706438
706439
706440
706441
706442
706443
706444
706445
706446
706447
706448
706449
706450
706451
706452
706453
706454
706455
706456
706457
706458
706459
706460
706461
706462
706463
706464
706465
706466
706467
706468
706469
706470
706471
706472
706473
706474
706475
706476
706477
706478
706479
706480
706481
706482
706483
706484
706485
706486
706487
706488
706489
706490
706491
706492
706493
706494
706495
706496
706497
706498
706499
706500
706501
706502
706503
706504
706505
706506
706507
706508
706509
706510
706511
706512
706513
706514
706515
706516
706517
706518
706519
706520
706521
706522
706523
706524
706525
706526
706527
706528
706529
706530
706531
706532
706533
706534
706535
706536
706537
706538
706539
706540
706541
706542
706543
706544
706545
706546
706547
706548
706549
706550
706551
706552
706553
706554
706555
706556
706557
706558
706559
706560
706561
706562
706563
706564
706565
706566
706567
706568
706569
706570
706571
706572
706573
706574
706575
706576
706577
706578
706579
706580
706581
706582
706583
706584
706585
706586
706587
706588
706589
706590
706591
706592
706593
706594
706595
706596
706597
706598
706599
706600
706601
706602
706603
706604
706605
706606
706607
706608
706609
706610
706611
706612
706613
706614
706615
706616
706617
706618
706619
706620
706621
706622
706623
706624
706625
706626
706627
706628
706629
706630
706631
706632
706633
706634
706635
706636
706637
706638
706639
706640
706641
706642
706643
706644
706645
706646
706647
706648
706649
706650
706651
706652
706653
706654
706655
706656
706657
706658
706659
706660
706661
706662
706663
706664
706665
706666
706667
706668
706669
706670
706671
706672
706673
706674
706675
706676
706677
706678
706679
706680
706681
706682
706683
706684
706685
706686
706687
706688
706689
706690
706691
706692
706693
706694
706695
706696
706697
706698
706699
706700
706701
706702
706703
706704
706705
706706
706707
706708
706709
706710
706711
706712
706713
706714
706715
706716
706717
706718
706719
706720
706721
706722
706723
706724
706725
706726
706727
706728
706729
706730
706731
706732
706733
706734
706735
706736
706737
706738
706739
706740
706741
706742
706743
706744
706745
706746
706747
706748
706749
706750
706751
706752
706753
706754
706755
706756
706757
706758
706759
706760
706761
706762
706763
706764
706765
706766
706767
706768
706769
706770
706771
706772
706773
706774
706775
706776
706777
706778
706779
