541356
541357
541358
541359
541360
541361
541362
541363
541364
541365
541366
541367
541368
541369
541370
541371
541372
541373
541374
541375
541376
541377
541378
541379
541380
541381
541382
541383
541384
541385
541386
541387
541388
541389
541390
541391
541392
541393
541394
541395
541396
541397
541398
541399
541400
541401
541402
541403
541404
541405
541406
541407
541408
541409
541410
541411
541412
541413
541414
541415
541416
541417
541418
541419
541420
541421
541422
541423
541424
541425
541426
541427
541428
541429
541430
541431
541432
541433
541434
541435
541436
541437
541438
541439
541440
541441
541442
541443
541444
541445
541446
541447
541448
541449
541450
541451
541452
541453
541454
541455
541456
541457
541458
541459
541460
541461
541462
541463
541464
541465
541466
541467
541468
541469
541470
541471
541472
541473
541474
541475
541476
541477
541478
541479
541480
541481
541482
541483
541484
541485
541486
541487
541488
541489
541490
541491
541492
541493
541494
541495
541496
541497
541498
541499
541500
541501
541502
541503
541504
541505
541506
541507
541508
541509
541510
541511
541512
541513
541514
541515
541516
541517
541518
541519
541520
541521
541522
541523
541524
541525
541526
541527
541528
541529
541530
541531
541532
541533
541534
541535
541536
541537
541538
541539
541540
541541
541542
541543
541544
541545
541546
541547
541548
541549
541550
541551
541552
541553
541554
541555
541556
541557
541558
541559
541560
541561
541562
541563
541564
541565
541566
541567
541568
541569
541570
541571
541572
541573
541574
541575
541576
541577
541578
541579
541580
541581
541582
541583
541584
541585
541586
541587
541588
541589
541590
541591
541592
541593
541594
541595
541596
541597
541598
541599
541600
541601
541602
541603
541604
541605
541606
541607
541608
541609
541610
541611
541612
541613
541614
541615
541616
541617
541618
541619
541620
541621
541622
541623
541624
541625
541626
541627
541628
541629
541630
541631
541632
541633
541634
541635
541636
541637
541638
541639
541640
541641
541642
541643
541644
541645
541646
541647
541648
541649
541650
541651
541652
541653
541654
541655
541656
541657
541658
541659
541660
541661
541662
541663
541664
541665
541666
541667
541668
541669
541670
541671
541672
541673
541674
541675
541676
541677
541678
541679
541680
541681
541682
541683
541684
541685
541686
541687
541688
541689
541690
541691
541692
541693
541694
541695
541696
541697
541698
541699
541700
541701
541702
541703
541704
541705
541706
541707
541708
541709
541710
541711
541712
541713
541714
541715
541716
541717
541718
541719
541720
541721
541722
541723
541724
541725
541726
541727
541728
541729
541730
541731
541732
541733
541734
541735
541736
541737
541738
541739
541740
541741
541742
541743
541744
541745
541746
541747
541748
541749
541750
541751
541752
541753
541754
541755
541756
541757
541758
541759
541760
541761
541762
541763
541764
541766
541767
541768
541769
