477886
477887
477888
477889
477890
477891
477892
477893
477894
477895
477896
477897
477898
477899
477900
477901
477902
477903
477904
477905
477906
477907
477908
477909
477910
477911
477912
477913
477914
477915
477916
477917
477918
477919
477920
477921
477922
477923
477924
477925
477926
477927
477928
477929
477930
477931
477932
477933
477934
477935
477936
477937
477938
477939
477940
477941
477942
477943
477944
477945
477946
477947
477948
477949
477950
477951
477952
477953
477954
477955
477956
477957
477958
477959
477960
477961
477962
477963
477964
477965
477966
477967
477968
477969
477970
477971
477972
477973
477974
477975
477976
477977
477978
477979
477980
477981
477982
477983
477984
477985
477986
477987
477988
477989
477990
477991
477992
477993
477994
477995
477996
477997
477998
477999
478000
478001
478002
478003
478004
478005
478006
478007
478008
478009
478010
478011
478012
478013
478014
478015
478016
478017
478018
478019
478020
478021
478022
478023
478024
478025
478026
478027
478028
478029
478030
478031
478032
478033
478034
478035
478036
478037
478038
478039
478040
478041
478042
478043
478044
478045
478046
478047
478048
478049
478050
478051
478052
478053
478054
478055
478056
478057
478058
478059
478060
478061
478062
478063
478064
478065
478066
478067
478068
478069
478070
478071
478072
478073
478074
478075
478076
478077
478078
478079
478080
478081
478082
478083
478084
478085
478086
478087
478088
478089
478090
478091
478092
478093
478094
478095
478096
478097
478098
478099
478100
478101
478102
478103
478104
478105
478106
478107
478108
478109
478110
478111
478112
478113
478114
478115
478116
478117
478118
478119
478120
478121
478122
478123
478124
478125
478126
478127
478128
478129
478130
478131
478132
478133
478134
478135
478136
478137
478138
478139
478140
478141
478142
478143
478144
478145
478146
478147
478148
478149
478150
478151
478152
478153
478154
478155
478156
478157
478158
478159
478160
478161
478162
478163
478164
478165
478166
478167
478168
478169
478170
478171
478172
478173
478174
478175
478176
478177
478178
478179
478180
478181
478182
478183
478184
478185
478186
478187
478188
478189
478190
478191
478192
478193
478194
478195
478196
478197
478198
478199
478200
478201
478202
478203
478204
478205
478206
478207
478208
478209
478210
478211
478212
478213
478214
478215
478216
478217
478218
478219
478220
478221
478222
478223
478224
478225
478226
478227
478228
478229
478230
478231
478232
478233
478234
478235
478236
478237
478238
478239
478240
478241
478242
478243
478244
478245
478246
478247
478248
478249
478250
478251
478252
478253
478254
478255
478256
478257
478258
478259
478260
478261
478262
478263
478264
478265
478266
478267
478268
478269
478270
478271
478272
478273
478274
478275
478276
478277
478278
478279
478280
478281
478282
478283
478284
478285
478286
478287
478288
478289
478290
478291
478292
478293
478294
478295
478296
478297
478298
478299
478300
478301
478302
478303
478304
478305
478306
478307
478308
478309
478310
478311
478312
478313
478314
478315
478316
478317
478318
478319
478320
478321
478322
478323
478324
478325
478326
478327
478328
478329
478330
478331
478332
478333
478334
478335
478336
478337
478338
478339
478340
478341
478342
478343
478344
478345
478346
478347
478348
478349
478350
478351
478352
478353
478354
478355
478356
478357
478358
478359
478360
478361
478362
478363
478364
478365
478366
478367
478368
478369
478370
478371
478372
478373
478374
478375
478376
478377
478378
478379
478380
478381
478382
478383
478384
478385
478386
478387
478388
478389
478390
478391
478392
478393
478394
478395
478396
478397
478398
478399
478400
478401
478402
478403
478404
478405
478406
478407
478408
478409
478410
478411
478412
478413
478414
478415
478416
478417
478418
478419
478420
478421
478422
478423
478424
478425
478426
478427
478428
478429
478430
478431
478432
478433
478434
478435
478436
478437
478438
478439
478440
478441
478442
478443
478444
478445
478446
478447
478448
478449
478450
478451
478452
478453
478454
478455
478456
478457
478458
478459
478460
478461
478462
478463
478464
478465
478466
478467
478468
478469
478470
478471
478472
478473
478474
478475
478476
478477
478478
478479
478480
478481
478482
478483
478484
478485
478486
478487
478488
478489
478490
478491
478492
478493
478494
478495
478496
478497
478498
478499
478500
478501
478502
478503
478504
478505
478506
478507
478508
478509
478510
478511
478512
478513
478514
478515
478516
478517
478518
478519
478520
478521
478522
478523
478524
478525
478526
478527
478528
478529
478530
478531
478532
478533
478534
478535
478536
478537
478538
478539
478540
478541
478542
478543
478544
478545
478546
478547
478548
478549
478550
478551
478552
478553
478554
478555
478556
478557
478558
478559
478560
478561
478562
478563
478564
478565
478566
478567
478568
478569
478570
478571
478572
478573
478574
478575
478576
478577
478578
478579
478580
478581
478582
478583
478584
478585
478586
478587
478588
478589
478590
478591
478592
478593
478594
478595
478596
478597
478598
478599
478600
478601
478602
478603
478604
478605
478606
478607
478608
478609
478610
478611
478612
478613
478614
478615
478616
478617
478618
478619
478620
478621
478622
478623
478624
478625
478626
478627
478628
478629
478630
478631
478632
478633
478634
478635
478636
478637
478638
478639
478640
478641
478642
478643
478644
478645
478646
478647
478648
478649
478650
478651
478652
478653
478654
478655
478656
478657
478658
478659
478660
478661
478662
478663
478664
478665
478666
478667
478668
478669
478670
478671
478672
478673
478674
478675
478676
478677
478678
478679
478680
478681
478682
478683
478684
478685
478686
478687
478688
478689
478690
478691
478692
478693
478694
478695
478696
478697
478698
478699
478700
478701
478702
478703
478704
478705
478706
478707
478708
478709
478710
478711
478712
478713
478714
478715
478716
478717
478718
478719
478720
478721
478722
478723
478724
478725
478726
478727
478728
478729
478730
478731
478732
478733
478734
478735
478736
478737
478738
478739
478740
478741
478742
478743
478744
478745
478746
478747
478748
478749
478750
478751
478752
478753
478754
478755
478756
478757
478758
478759
478760
478761
478762
478763
478764
478765
478766
478767
478768
478769
478770
478771
478772
478773
478774
478775
478776
478777
478778
478779
478780
478781
478782
478783
478784
478785
478786
478787
478788
478789
478790
478791
478792
478793
478794
478795
478796
478797
478798
478799
478800
478801
478802
478803
478804
478805
478806
478807
478808
478809
478810
478811
478812
478813
478814
478815
478816
478817
478818
478819
478820
478821
478822
478823
478824
478825
478826
478827
478828
478829
478830
478831
478832
478833
478834
478835
478836
478837
478838
478839
478840
478841
478842
478843
478844
478845
478846
478847
478848
478849
478850
478851
478852
478853
478854
478855
478856
478857
478858
478859
478860
478861
478862
478863
478864
478865
478866
478867
478868
478869
478870
478871
478872
478873
478874
478875
478876
478877
478878
478879
478880
478881
478882
478883
478884
478885
478886
478887
478888
478889
478890
478891
478892
478893
478894
478895
478896
478897
478898
478899
478900
478901
478902
478903
478904
478905
478906
478907
478908
478909
478910
478911
478912
478913
478914
478915
478916
478917
478918
478919
478920
478921
478922
478923
478924
478925
478926
478927
478928
478929
478930
478931
478932
478933
478934
478935
478936
478937
478938
478939
478940
478941
478942
478943
478944
478945
478946
478947
478948
478949
478950
478951
478952
478953
478954
478955
478956
478957
478958
478959
478960
478961
478962
478963
478964
478965
478966
478967
478968
478969
478970
478971
478972
478973
478974
478975
478976
478977
478978
478979
478980
478981
478982
478983
478984
478985
478986
478987
478988
478989
478990
478991
478992
478993
478994
478995
478996
478997
478998
478999
479000
479001
479002
479003
479004
479005
479006
479007
479008
479009
479010
479011
479012
479013
479014
479015
479016
479017
479018
479019
479020
479021
479022
479023
479024
479025
479026
479027
479028
479029
479030
479031
479032
479033
479034
479035
479036
479037
479038
479039
479040
479041
479042
479043
479044
479045
479046
479047
479048
479049
479050
479051
479052
479053
479054
479055
479056
479057
479058
479059
479060
479061
479062
479063
479064
479065
479066
479067
479068
479069
479070
479071
479072
479073
479074
479075
479076
479077
479078
479079
479080
479081
479082
479083
479084
479085
479086
479087
479088
479089
479090
479091
479092
479093
479094
479095
479096
479097
479098
479099
479100
479101
479102
479103
479104
479105
479106
479107
479108
479109
479110
479111
479112
479113
479114
479115
479116
479117
479118
479119
479120
479121
479122
479123
479124
479125
479126
479127
479128
479129
479130
479131
479132
479133
479134
479135
479136
479137
479138
479139
479140
479141
479142
479143
479144
479145
479146
479147
479148
479149
479150
479151
479152
479153
479154
479155
479156
479157
479158
479159
479160
479161
479162
479163
479164
479165
479166
479167
479168
479169
479170
479171
479172
479173
479174
479175
479176
479177
479178
479179
479180
479181
479182
479183
479184
479185
479186
479187
479188
479189
479190
479191
479192
479193
479194
479195
479196
479197
479198
479199
479200
479201
479202
479203
479204
479205
479206
479207
479208
479209
479210
479211
479212
479213
479214
479215
479216
479217
479218
479219
479220
479221
479222
479223
479224
479225
479226
479227
479228
479229
479230
479231
479232
479233
479234
479235
479236
479237
479238
479239
479240
479241
479242
479243
479244
479245
479246
479247
479248
479249
479250
479251
479252
479253
479254
479255
479256
479257
479258
479259
479260
479261
479262
479263
479264
479265
479266
479267
479268
479269
479270
479271
479272
479273
479274
479275
479276
479277
479278
479279
479280
479281
479282
479283
479284
479285
479286
479287
479288
479289
479290
479291
479292
479293
479294
479295
479296
479297
479298
479299
479300
479301
479302
479303
479304
479305
479306
479307
479308
479309
479310
479311
479312
479313
479314
479315
479316
479317
479318
479319
479320
479321
479322
479323
479324
479325
479326
479327
479328
479329
479330
479331
479332
479333
479334
479335
479336
479337
479338
479339
479340
479341
479342
479343
479344
479345
479346
479347
479348
479349
479350
479351
479352
479353
479354
479355
479356
479357
479358
479359
479360
479361
479362
479363
479364
479365
479366
479367
479368
479369
479370
479371
479372
479373
479374
479375
479376
479377
479378
479379
479380
479381
479382
479383
479384
479385
479386
479387
479388
479389
479390
479391
479392
479393
479394
479395
479396
479397
479398
479399
479400
479401
479402
479403
479404
479405
479406
479407
479408
479409
479410
479411
479412
479413
479414
479415
479416
479417
479418
479419
479420
479421
479422
479423
479424
479425
479426
479427
479428
479429
479430
479431
479432
479433
479434
479435
479436
479437
479438
479439
479440
479441
479442
479443
479444
479445
479446
479447
479448
479449
479450
479451
479452
479453
479454
479455
479456
479457
479458
479459
479460
479461
479462
479463
479464
479465
479466
479467
479468
479469
479470
479471
479472
479473
479474
479475
479476
479477
479478
479479
479480
479481
479482
479483
479484
479485
479486
479487
479488
479489
479490
479491
479492
479493
479494
479495
479496
479497
479498
479499
479500
479501
479502
479503
479504
479505
479506
479507
479508
479509
479510
479511
479512
479513
479514
479515
479516
479517
479518
479519
479520
479521
479522
479523
479524
479525
479526
479527
479528
479529
479530
479531
479532
479533
479534
479535
479536
479537
479538
479539
479540
479541
479542
479543
479544
479545
479546
479547
479548
479549
479550
479551
479552
479553
479554
479555
479556
479557
479558
479559
479560
479561
479562
479563
479564
479565
479566
479567
479568
479569
479570
479571
479572
479573
479574
479575
479576
479577
479578
479579
479580
479581
479582
479583
479584
479585
479586
479587
479588
479589
479590
479591
479592
479593
479594
479595
479596
479597
479598
479599
479600
479601
479602
479603
479604
479605
479606
479607
479608
479609
479610
479611
479612
479613
479614
479615
479616
479617
479618
479619
479620
479621
479622
479623
479624
479625
479626
479627
479628
479629
479630
479631
479632
479633
479634
479635
479636
479637
479638
479639
479640
479641
479642
479643
479644
479645
479646
479647
479648
479649
479650
479651
479652
479653
479654
479655
479656
479657
479658
479659
479660
479661
479662
479663
479664
479665
479666
479667
479668
479669
479670
479671
479672
479673
479674
479675
479676
479677
479678
479679
479680
479681
479682
479683
479684
479685
479686
479687
479688
479689
479690
479691
479692
479693
479694
479695
479696
479697
479698
479699
479700
479701
479702
479703
479704
479705
479706
479707
479708
479709
479710
479711
479712
479713
479714
479715
479716
479717
479718
479719
479720
479721
479722
479723
479724
479725
479726
479727
479728
479729
479730
479731
479732
479733
479734
479735
479736
479737
479738
479739
479740
479741
479742
479743
479744
479745
479746
479747
479748
479749
479750
479751
479752
479753
479754
479755
479756
479757
479758
479759
479760
479761
479762
479763
479764
479765
479766
479767
479768
479769
479770
479771
479772
479773
479774
479775
479776
479777
479778
479779
479780
479781
479782
479783
479784
479785
479786
479787
479788
479789
479790
479791
479792
479793
479794
479795
479796
479797
479798
479799
479800
479801
479802
479803
479804
479805
479806
479807
479808
479809
479810
479811
479812
479813
479814
479815
479816
479817
479818
479819
479820
479821
479822
479823
479824
479825
479826
479827
479828
479829
479830
479831
479832
479833
479834
479835
479836
479837
479838
479839
479840
479841
479842
479843
479844
479845
479846
479847
479848
479849
479850
479851
479852
479853
479854
479855
479856
479857
479858
479859
479860
479861
479862
479863
479864
479865
479866
479867
479868
479869
479870
479871
479872
479873
479874
479875
479876
479877
479878
479879
479880
479881
479882
479883
479884
479885
479886
479887
479888
479889
479890
479891
479892
479893
479894
479895
479896
479897
479898
479899
479900
479901
479902
479903
479904
479905
479906
479907
479908
479909
479910
479911
479912
479913
479914
479915
479916
479917
479918
479919
479920
479921
479922
479923
479924
479925
479926
479927
479928
479929
479930
479931
479932
479933
479934
479935
479936
479937
479938
479939
479940
479941
479942
479943
479944
479945
479946
479947
479948
479949
479950
479951
479952
479953
479954
479955
479956
479957
479958
479959
479960
479961
479962
479963
479964
479965
479966
479967
479968
479969
479970
479971
479972
479973
479974
479975
479976
479977
479978
479979
479980
479981
479982
479983
479984
479985
479986
479987
479988
479989
479990
479991
479992
479993
479994
479995
479996
479997
479998
479999
480000
480001
480002
480003
480004
480005
480006
480007
480008
480009
480010
480011
480012
480013
480014
480015
480016
480017
480018
480019
480020
480021
480022
480023
480024
480025
480026
480027
480028
480029
480030
480031
480032
480033
480034
480035
480036
480037
480038
480039
480040
480041
480042
480043
480044
480045
480046
480047
480048
480049
480050
480051
480052
480053
480054
480055
480056
480057
480058
480059
480060
480061
480062
480063
480064
480065
480066
480067
480068
480069
480070
480071
480072
480073
480074
480075
480076
480077
480078
480079
480080
480081
480082
480083
480084
480085
480086
480087
480088
480089
480090
480091
480092
480093
480094
480095
480096
480097
480098
480099
480100
480101
480102
480103
480104
480105
480106
480107
480108
480109
480110
480111
480112
480113
480114
480115
480116
480117
480118
480119
480120
480121
480122
480123
480124
480125
480126
480127
480128
480129
480130
480131
480132
480133
480134
480135
480136
480137
480138
480139
480140
480141
480142
480143
480144
480145
480146
480147
480148
480149
480150
480151
480152
480153
480154
480155
480156
480157
480158
480159
480160
480161
480162
480163
480164
480165
480166
480167
480168
480169
480170
480171
480172
480173
480174
480175
480176
480177
480178
480179
480180
480181
480182
480183
480184
480185
480186
480187
480188
480189
480190
480191
480192
480193
480194
480195
480196
480197
480198
480199
480200
480201
480202
480203
480204
480205
480206
480207
480208
480209
480210
480211
480212
480213
480214
480215
480216
480217
480218
480219
480220
480221
480222
480223
480224
480225
480226
480227
480228
480229
480230
480231
480232
480233
480234
480235
480236
480237
480238
480239
480240
480241
480242
480243
480244
480245
480246
480247
480248
480249
480250
480251
480252
480253
480254
480255
480256
480257
480258
480259
480260
480261
480262
480263
480264
480265
480266
480267
480268
480269
480270
480271
480272
480273
480274
480275
480276
480277
480278
480279
480280
480281
480282
480283
480284
480285
480286
480287
480288
480289
480290
480291
480292
480293
480294
480295
480296
480297
480298
480299
480300
480301
480302
480303
480304
480305
480306
480307
480308
480309
480310
480311
480312
480313
480314
480315
480316
480317
480318
480319
480320
480321
480322
480323
480324
480325
480326
480327
480328
480329
480330
480331
480332
480333
480334
480335
480336
480337
480338
480339
480340
480341
480342
480343
480344
480345
480346
480347
480348
480349
480350
480351
480352
480353
480354
480355
480356
480357
480358
480359
480360
480361
480362
480363
480364
480365
480366
480367
480368
480369
480370
480371
480372
480373
480374
480375
480376
480377
480378
480379
480380
480381
480382
480383
480384
480385
480386
480387
480388
480389
480390
480391
480392
480393
480394
480395
480396
480397
480398
480399
480400
480401
480402
480403
480404
480405
480406
480407
480408
480409
480410
480411
480412
480413
480414
480415
480416
480417
480418
480419
480420
480421
480422
480423
480424
480425
480426
480427
480428
480429
480430
480431
480432
480433
480434
480435
480436
480437
480438
480439
480440
480441
480442
480443
480444
480445
480446
480447
480448
480449
480450
480451
480452
480453
480454
480455
480456
480457
480458
480459
480460
480461
480462
480463
480464
480465
480466
480467
480468
480469
480470
480471
480472
480473
480474
480475
480476
480477
480478
480479
480480
480481
480482
480483
480484
480485
480486
480487
480488
480489
480490
480491
480492
480493
480494
480495
480496
480497
480498
480499
480500
480501
480502
480503
480504
480505
480506
480507
480508
480509
480510
480511
480512
480513
480514
480515
480516
480517
480518
480519
480520
480521
480522
480523
480524
480525
480526
480527
480528
480529
480530
480531
480532
480533
480534
480535
480536
480537
480538
480539
480540
480541
480542
480543
480544
480545
480546
480547
480548
480549
480550
480551
480552
480553
480554
480555
480556
480557
480558
480559
480560
480561
480562
480563
480564
480565
480566
480567
480568
480569
480570
480571
480572
480573
480574
480575
480576
480577
480578
480579
480580
480581
480582
480583
480584
480585
480586
480587
480588
480589
480590
480591
480592
480593
480594
480595
480596
480597
480598
480599
480600
480601
480602
480603
480604
480605
480606
480607
480608
480609
480610
480611
480612
480613
480614
480615
480616
480617
480618
480619
480620
480621
480622
480623
480624
480625
480626
480627
480628
480629
480630
480631
480632
480633
480634
480635
480636
480637
480638
480639
480640
480641
480642
480643
480644
480645
480646
480647
480648
480649
480650
480651
480652
480653
480654
480655
480656
480657
480658
480659
480660
480661
480662
480663
480664
480665
480666
480667
480668
480669
480670
480671
480672
480673
480674
480675
480676
480677
480678
480679
480680
480681
480682
480683
480684
480685
480686
480687
480688
480689
480690
480691
480692
480693
480694
480695
480696
480697
480698
480699
480700
480701
480702
480703
480704
480705
480706
480707
480708
480709
480710
480711
480712
480713
480714
480715
480716
480717
480718
480719
480720
480721
480722
480723
480724
