380477
380478
380479
380480
380481
380482
380483
380484
380485
380486
380487
380488
380489
380490
380491
380492
380493
380494
380495
380496
380497
380498
380499
380500
380501
380502
380503
380504
380505
380506
380507
380508
380509
380510
380511
380512
380513
380514
380515
380516
380517
380518
380519
380520
380521
380522
380523
380524
380525
380526
380527
380528
380529
380530
380531
380532
380533
380534
380535
380536
380537
380538
380539
380540
380541
380542
380543
380544
380545
380546
380547
380548
380549
380550
380551
380552
380553
380554
380555
380556
380557
380558
380559
380560
380561
380562
380563
380564
380565
380566
380567
380568
380569
380570
380571
380572
380573
380574
380575
380576
380577
380578
380579
380580
380581
380582
380583
380584
380585
380586
380587
380588
380589
380590
380591
380592
380593
380594
380595
380596
380597
380598
380599
380600
380601
380602
380603
380604
380605
380606
380607
380608
380609
380610
380611
380612
380613
380614
380615
380616
380617
380618
380619
380620
380621
380622
380623
380624
380625
380626
380627
380628
380629
380630
380631
380632
380633
380634
380635
380636
380637
380638
380639
380640
380641
380642
380643
380644
380645
380646
380647
380648
380649
380650
380651
380652
380653
380654
380655
380656
380657
380658
380659
380660
380661
380662
380663
380664
380665
380666
380667
380668
380669
380670
380671
380672
380673
380674
380675
380676
380677
380678
380679
380680
380681
380682
380683
380684
380685
380686
380687
380688
380689
380690
380691
380692
380693
380694
380695
380696
380697
380698
380699
380700
380701
380702
380703
380704
380705
380706
380707
380708
380709
380710
380711
380712
380713
380714
380715
380716
380717
380718
380719
380720
380721
380722
380723
380724
380725
380726
380727
380728
380729
380730
380731
380732
380733
380734
380735
380736
380737
380738
380739
380740
380741
380742
380743
380744
380745
380746
380747
380748
380749
380750
380751
380752
380753
380754
380755
380756
380757
380758
380759
380760
380761
380762
380763
380764
380765
380766
380767
380768
380769
380770
380771
380772
380773
380774
380775
380776
380777
380778
380779
380780
380781
380782
380783
380784
380785
380786
380787
380788
380789
380790
380791
380792
380793
380794
380795
380796
380797
380798
380799
380800
380801
380802
380803
380804
380805
380806
380807
380808
380809
380810
380811
380812
380813
380814
380815
380816
380817
380818
380819
380820
380821
380822
380823
380824
380825
380826
380827
380828
380829
380830
380831
380832
380833
380834
380835
380836
380837
380838
380839
380840
380841
380842
380843
380844
380845
380846
380847
380848
380849
380850
380851
380852
380853
380854
380855
380856
380857
380858
380859
380860
380861
380862
380863
380864
380865
380866
380867
380868
380869
380870
380871
380872
380873
380874
380875
380876
380877
380878
380879
380880
380881
380882
380883
380884
380885
380886
380887
380888
380889
380890
380891
380892
380893
380894
380895
380896
380897
380898
380899
380900
380901
380902
380903
380904
380905
380906
380907
380908
380909
380910
380911
380912
380913
380914
380915
380916
380917
380918
380919
380920
380921
380922
380923
380924
380925
380926
380927
380928
380929
380930
380931
380932
380933
380934
380935
380936
380937
