801416
801417
801418
801419
801420
801421
801422
801423
801424
801425
801426
801427
801428
801429
801430
801431
801432
801433
801434
801435
801436
801437
801438
801439
801440
801441
801442
801443
801444
801445
801446
801447
801448
801449
801450
801451
801452
801453
801454
801455
801456
801457
801458
801459
801460
801461
801462
801463
801464
801465
801466
801467
801468
801469
801470
801471
801472
801473
801474
801475
801476
801477
801478
801479
801480
801481
801482
801483
801484
801485
801486
801487
801488
801489
801490
801491
801492
801493
801494
801495
801496
801497
801498
801499
801500
801501
801502
801503
801504
801505
801506
801507
801508
801509
801510
801511
801512
801513
801514
801515
801516
801517
801518
801519
801520
801521
801522
801523
801524
801525
801526
801527
801528
801529
801530
801531
801532
801533
801534
801535
801536
801537
801538
801539
801540
801541
801542
801543
801544
801545
801546
801547
801548
801549
801550
801551
801552
801553
801554
801555
801556
801557
801558
801559
801560
801561
801562
801563
801564
801565
801566
801567
801568
801569
801570
801571
801572
801573
801574
801575
801576
801577
801578
801579
801580
801581
801582
801583
801584
801585
801586
801587
801588
801589
801590
801591
801592
801593
801594
801595
801596
801597
801598
801599
801600
801601
801602
801603
801604
801605
801606
801607
801608
801609
801610
801611
801612
801613
801614
801615
801616
801617
801618
801619
801620
801621
801622
801623
801624
801625
801626
801627
801628
801629
801630
801631
801632
801633
801634
801635
801636
801637
801638
801639
801640
801641
801642
801643
801644
801645
801646
801647
801648
801649
801650
801651
801652
801653
801654
801655
801656
801657
801658
801659
801660
801661
801662
801663
801664
801665
801666
801667
801668
801669
801670
801671
801672
801673
801674
801675
801676
801677
801678
801679
801680
801681
801682
801683
801684
801685
801686
801687
801688
801689
801690
801691
801692
801693
801694
801695
801696
801697
801698
801699
801700
801701
801702
801703
801704
801705
801706
801707
801708
801709
801710
801711
801712
801713
801714
801715
801716
801717
801718
801719
801720
801721
801722
801723
801724
801725
801726
801727
801728
801729
801730
801731
801732
801733
801734
801735
801736
801737
801738
801739
801740
801741
801742
801743
801744
801745
801746
801747
801748
801749
801750
801751
801752
801753
801754
801755
801756
801757
801758
801759
801760
801761
801762
801763
801764
801765
801766
801767
801768
801769
801770
801771
801772
801773
801774
801775
801776
801777
801778
801779
801780
801781
801782
801783
801784
801785
801786
801787
801788
801789
801790
801791
801792
801793
801794
801795
801796
801797
801798
801799
801800
801801
801802
801803
801804
801805
801806
801807
801808
801809
801810
801811
801812
801813
801814
801815
801816
801817
801818
801819
801820
801821
801822
801823
801824
801825
801826
801827
801828
801829
801830
801831
801832
801833
801834
801835
801836
801837
801838
801839
801840
801841
801842
801843
801844
801845
801846
801847
801848
801849
801850
801851
801852
801853
801854
801855
801856
801857
801858
801859
801860
801861
801862
801863
801864
801865
801866
801867
801868
801869
801870
801871
801872
801873
801874
801875
801876
801877
801878
801879
801880
801881
801882
801883
801884
801885
801886
801887
801888
801889
801890
801891
801892
801893
801894
801895
801896
801897
801898
801899
801900
801901
801902
801903
801904
801905
801906
801907
801908
801909
801910
801911
801912
801913
801914
801915
801916
801917
801918
801919
801920
801921
801922
801923
801924
801925
801926
801927
801928
801929
801930
801931
801932
801933
801934
801935
801936
801937
801938
801939
801940
801941
801942
801943
801944
801945
801946
801947
801948
801949
801950
801951
801952
801953
801954
801955
801956
801957
801958
801959
801960
801961
801962
801963
801964
801965
801966
801967
801968
801969
801970
801971
801972
801973
801974
801975
801976
801977
801978
801979
801980
801981
801982
801983
801984
801985
801986
801987
801988
801989
801990
801991
801992
801993
801994
801995
801996
801997
801998
801999
802000
802001
802002
802003
802004
802005
802006
802007
802008
802009
802010
802011
802012
802013
802014
802015
802016
802017
802018
802019
802020
802021
802022
802023
802024
802025
802026
802027
802028
802029
802030
802031
802032
802033
802034
802035
802036
802037
802038
802039
802040
802041
802042
802043
802044
802045
802046
802047
802048
802049
802050
802051
802052
802053
802054
802055
802056
802057
802058
802059
802060
802061
802062
802063
802064
802065
802066
802067
802068
802069
802070
802071
802072
802073
802074
802075
802076
802077
802078
802079
802080
802081
802082
802083
802084
802085
802086
802087
802088
802089
802090
802091
802092
802093
802094
802095
802096
802097
802098
802099
802100
802101
802102
802103
802104
802105
802106
802107
802108
802109
802110
802111
802112
802113
802114
802115
802116
802117
802118
802119
802120
802121
802122
802123
802124
802125
802126
802127
802128
802129
802130
802131
802132
802133
802134
802135
802136
802137
802138
802139
802140
802141
802142
802143
802144
802145
802146
802147
802148
802149
802150
802151
802152
802153
802154
802155
802156
802157
802158
802159
802160
802161
802162
802163
802164
802165
802166
802167
802168
802169
802170
802171
802172
802173
802174
802175
802176
802177
802178
802179
802180
802181
802182
802183
802184
802185
802186
802187
802188
802189
802190
802191
802192
802193
802194
802195
802196
802197
802198
802199
802200
802201
802202
802203
802204
802205
802206
802207
802208
802209
802210
802211
802212
802213
802214
802215
802216
802217
802218
802219
802220
802221
802222
802223
802224
802225
802226
802227
802228
802229
802230
802231
802232
802233
802234
802235
802236
802237
802238
802239
802240
802241
802242
802243
802244
802245
802246
802247
802248
802249
802250
802251
802252
802253
802254
802255
802256
802257
802258
802259
802260
802261
802262
802263
802264
802265
802266
802267
802268
802269
802270
802271
802272
802273
802274
802275
802276
802277
802278
802279
802280
802281
802282
802283
802284
802285
802286
802287
802288
802289
802290
802291
802292
802293
802294
802295
802296
802297
802298
802299
802300
802301
802302
802303
802304
802305
802306
802307
802308
802309
802310
802311
802312
802313
802314
802315
802316
802317
802318
802319
802320
802321
802322
802323
802324
802325
802326
802327
802328
802329
802330
802331
802332
802333
802334
802335
802336
802337
802338
802339
802340
802341
802342
802343
802344
802345
802346
802347
802348
802349
802350
802351
802352
802353
802354
802355
802356
802357
802358
802359
802360
802361
802362
802363
802364
802365
802366
802367
802368
802369
802370
802371
802372
802373
802374
802375
802376
802377
802378
802379
802380
802381
802382
802383
802384
802385
802386
802387
802388
802389
802390
802391
802392
802393
802394
802395
802396
802397
802398
802399
802400
802401
802402
802403
802404
802405
802406
802407
802408
802409
802410
802411
802412
802413
802414
802415
802416
802417
802418
802419
802420
802421
802422
802423
802424
802425
802426
802427
802428
802429
802430
802431
802432
802433
802434
802435
802436
802437
802438
802439
802440
802441
802442
802443
802444
802445
802446
802447
802448
802449
802450
802451
802452
802453
802454
802455
802456
802457
802458
802459
802460
802461
802462
802463
802464
802465
802466
802467
802468
802469
802470
802471
802472
802473
802474
802475
802476
802477
802478
802479
802480
802481
802482
802483
802484
802485
802486
802487
802488
802489
802490
802491
802492
802493
802494
802495
802496
802497
802498
802499
802500
802501
802502
802503
802504
802505
802506
802507
802508
802509
802510
802511
802512
802513
802514
802515
802516
802517
802518
802519
802520
802521
802522
802523
802524
802525
802526
802527
802528
802529
802530
802531
802532
802533
802534
802535
802536
802537
802538
802539
802540
802541
802542
802543
802544
802545
802546
802547
802548
802549
802550
802551
802552
802553
802554
802555
802556
802557
802558
802559
802560
802561
802562
802563
802564
802565
802566
802567
802568
802569
802570
802571
802572
802573
802574
802575
802576
802577
802578
802579
802580
802581
802582
802583
802584
802585
802586
802587
802588
802589
802590
802591
802592
802593
802594
802595
802596
802597
802598
802599
802600
802601
802602
802603
802604
802605
802606
802607
802608
802609
802610
802611
802612
802613
802614
802615
802616
802617
802618
802619
802620
802621
802622
802623
802624
802625
802626
802627
802628
802629
802630
802631
802632
802633
802634
802635
802636
802637
802638
802639
802640
802641
802642
802643
802644
802645
802646
802647
802648
802649
802650
802651
802652
802653
802654
802655
802656
802657
802658
802659
802660
802661
802662
802663
802664
802665
802666
802667
802668
802669
802670
802671
802672
802673
802674
802675
802676
802677
802678
802679
802680
802681
802682
802683
802684
802685
802686
802687
802688
802689
802690
802691
802692
802693
802694
802695
802696
802697
802698
802699
802700
802701
802702
802703
802704
802705
802706
802707
802708
802709
802710
802711
802712
802713
802714
802715
802716
802717
802718
802719
802720
802721
802722
802723
802724
802725
802726
802727
802728
802729
802730
802731
802732
802733
802734
802735
802736
802737
802738
802739
802740
802741
802742
802743
802744
802745
802746
802747
802748
802749
802750
802751
802752
802753
802754
802755
802756
802757
802758
802759
802760
802761
802762
802763
802764
802765
802766
802767
802768
802769
802770
802771
802772
802773
802774
802775
802776
802777
802778
802779
802780
802781
802782
802783
802784
802785
802786
802787
802788
802789
802790
802791
802792
802793
802794
802795
802796
802797
802798
802799
802800
802801
802802
802803
802804
802805
802806
802807
802808
802809
802810
802812
802813
802814
802815
802816
802817
802818
802819
802820
802821
802822
802823
802824
802825
802826
802827
802828
802829
802830
802831
802832
802833
802834
802835
802836
802837
802838
802839
802840
802841
802842
802843
802844
802845
802846
802847
802848
802849
802850
802851
802852
802853
802854
802855
802856
802857
802858
802859
802860
802861
802862
802863
802864
802865
802866
802867
802868
802869
802870
802871
802872
802873
802874
802875
802876
802877
802878
802879
802880
802881
802882
802883
802884
802885
802886
802887
802888
802889
802890
802891
802892
802893
802894
802895
802896
802897
802898
802899
802900
802901
802902
802903
802904
802905
802906
802907
802908
802909
802910
802911
802912
802913
802914
802915
802916
802917
802918
802919
802920
802921
802922
802923
802924
802925
802926
802927
802928
802929
802930
802931
802932
802933
802934
802935
802936
802937
802938
802939
802940
802941
802942
802943
802944
802945
802946
802947
802948
802949
802950
802951
802952
802953
802954
802955
802956
802957
802958
802959
802960
802961
802962
802963
802964
802965
802966
802967
802968
802969
802970
802971
802972
802973
802974
802975
802976
802977
802978
802979
802980
802981
802982
802983
802984
802985
802986
802987
802988
802989
802990
802991
802992
802993
802994
802995
802996
802997
802998
802999
803000
803001
803002
803003
803004
803005
803006
803007
803008
803009
803010
803011
803012
803013
803014
803015
803016
803017
803018
803019
803020
803021
803022
803023
803024
803025
803026
803027
803028
803029
803030
803031
803032
803033
803034
803035
803036
803037
803038
803039
803040
803041
803042
803043
803044
803045
803046
803047
803048
803049
803050
803051
803052
803053
803054
803055
803056
803057
803058
803059
803060
803061
803062
803063
803064
803065
803066
803067
803068
803069
803070
803071
803072
803073
803074
803075
803076
803077
803078
803079
803080
803081
803082
803083
803084
803085
803086
803087
803088
803089
803090
803091
803092
803093
803094
803095
803096
803097
803098
803099
803100
803101
803102
803103
803104
803105
803106
803107
803108
803109
803110
803111
803112
803113
803114
803115
803116
803117
803118
803119
803120
803121
803122
803123
803124
803125
803126
803127
803128
803129
803130
803131
803132
803133
803134
803135
803136
803137
803138
803139
803140
803141
803142
803143
803144
803145
803146
803147
803148
803149
803150
803151
803152
803153
803154
803155
803156
803157
803158
803159
803160
803161
803162
803163
803164
803165
803166
803167
803168
803169
803170
803171
803172
803173
803174
803175
803176
803177
803178
803179
803180
803181
803182
803183
803184
803185
803186
803187
803188
803189
803190
803191
803192
803193
803194
803195
803196
803197
803198
803199
803200
803201
803202
803203
803204
803205
803206
803207
803208
803209
803210
803211
803212
803213
803214
803215
803216
803217
803218
803219
803220
803221
803222
803223
803224
803225
803226
803227
803228
803229
803230
803231
803232
803233
803234
803235
803236
803237
803238
803239
803240
803241
803242
803243
803244
803245
803246
803247
803248
803249
803250
803251
803252
803253
803254
803255
803256
803257
803258
803259
803260
803261
803262
803263
803264
803265
803266
803267
803268
803269
803270
803271
803272
803273
803274
803275
803276
803277
803278
803279
803280
803281
803282
803283
803284
803285
803286
803287
803288
803289
803290
803291
803292
803293
803294
803295
803296
803297
803298
803299
803300
803301
803302
803303
803304
803305
803306
803307
803308
803309
803310
803311
803312
803313
803314
803315
803316
803317
803318
803319
803320
803321
803322
803323
803324
803325
803326
803327
803328
803329
803330
803331
803332
803333
803334
803335
803336
803337
803338
803339
803340
803341
803342
803343
803344
803345
803346
803347
803348
803349
803350
803351
803352
803353
803354
803355
803356
803357
803358
803359
803360
803361
803362
803363
803364
803365
803366
803367
803368
803369
803370
803371
803372
803373
803374
803375
803376
803377
803378
803379
803380
803381
803382
803383
803384
803385
803386
803387
803388
803389
803390
803391
803392
803393
803394
803395
803396
803397
803398
803399
803400
803401
803402
803403
803404
803405
803406
803407
803408
803409
803410
803411
803412
803413
803414
803415
803416
803417
803418
803419
803420
803421
803422
803423
803424
803425
803426
803427
803428
803429
803430
803431
803432
803433
803434
803435
803436
803437
803438
803439
803440
803441
803442
803443
803444
803445
803446
803447
803448
803449
803450
803451
803452
803453
803454
803455
803456
803457
803458
803459
803460
803461
803462
803463
803464
803465
803466
803467
803468
803469
803470
803471
803472
803473
803474
803475
803476
803477
803478
803479
803480
803481
803482
803483
803484
803485
803486
803487
803488
803489
803490
803491
803492
803493
803494
803495
803496
803497
803498
803499
803500
803501
803502
803503
803504
803505
803506
803507
803508
803509
803510
803511
803512
803513
803514
803515
803516
803517
803518
803519
803520
803521
803522
803523
803524
803525
803526
803527
803528
803529
803530
803531
803532
803533
803534
803535
803536
803537
803538
803539
803540
803541
803542
803543
803544
803545
803546
803547
803548
803549
803550
803551
803552
803553
803554
803555
803556
803557
803558
803559
803560
803561
803562
803563
803564
803565
803566
803567
803568
803569
803570
803571
803572
803573
803574
803575
803576
803577
803578
803579
803580
803581
803582
803583
803584
803585
803586
803587
803588
803589
803590
803591
803592
803593
803594
803595
803596
803597
803598
803599
803600
803601
803602
803603
803604
803605
803606
803607
803608
803609
803610
803611
803612
803613
803614
803615
803616
803617
803618
803619
803620
803621
803622
803623
803624
803625
803626
803627
803628
803629
803630
803631
803632
803633
803634
803635
803636
803637
803638
803639
803640
803641
803642
803643
803644
803645
803646
803647
803648
803649
803650
803651
803652
803653
803654
803655
803656
803657
803658
803659
803660
803661
803662
803663
803664
803665
803666
803667
803668
803669
803670
803671
803672
803673
803674
803675
803676
803677
803678
803679
803680
803681
803682
803683
803684
803685
803686
803687
803688
803689
803690
803691
803692
803693
803694
803695
803696
803697
803698
803699
803700
803701
803702
803703
803704
803705
803706
803707
803708
803709
803710
803711
803712
803713
803714
803715
803716
803717
803718
803719
803720
803721
803722
803723
803724
803725
803726
803727
803728
803729
803730
803731
803732
803733
803734
803735
803736
803737
803738
803739
803740
803741
803742
803743
803744
803745
803746
803747
803748
803749
803750
803751
803752
803753
803754
803755
803756
803757
803758
803759
803760
803761
803762
803763
803764
803765
803766
803767
803768
803769
803770
803771
803772
803773
803774
803775
803776
803777
803778
803779
803780
803781
803782
803783
803784
803785
803786
803787
803788
803789
803790
803791
803792
803793
803794
803795
803796
803797
803798
803799
803800
803801
803802
803803
803804
803805
803806
803807
803808
803809
803810
803811
803812
803813
803814
803815
803816
803817
803818
803819
803820
803821
803822
803823
803824
803825
803826
803827
803828
803829
803830
803831
803832
803833
803834
803835
803836
803837
803838
803839
803840
803841
803842
803843
803844
803845
803846
803847
803848
803849
803850
803851
803852
803853
803854
803855
803856
803857
803858
803859
803860
803861
803862
803863
803864
803865
803866
803867
803868
803869
803870
803871
803872
803873
803874
803875
803876
803877
803878
803879
803880
803881
803882
803883
803884
803885
803886
803887
803888
803889
803890
803891
803892
803893
803894
803895
803896
803897
803898
803899
803900
803901
803902
803903
803904
803905
803906
803907
803908
803909
803910
803911
803912
803913
803914
803915
803916
803917
803918
803919
803920
803921
803922
803923
803924
803925
803926
803927
803928
803929
803930
803931
803932
803933
803934
803935
803936
803937
803938
803939
803940
803941
803942
803943
803944
803945
803946
803947
803948
803949
803950
803951
803952
803953
803954
803955
803956
803957
803958
803959
803960
803961
803962
803963
803964
803965
803966
803967
803968
803969
803970
803971
803972
803973
803974
803975
803976
803977
803978
803979
803980
803981
803982
803983
803984
803985
803986
