313989
313990
313991
313992
313993
313994
313995
313996
313997
313998
313999
314000
314001
314002
314003
314004
314005
314006
314007
314008
314009
314010
314011
314012
314013
314014
314015
314016
314017
314018
314019
314020
314021
314022
314023
314024
314025
314026
314027
314028
314029
314030
314031
314032
314033
314034
314035
314036
314037
314038
314039
314040
314041
314042
314043
314044
314045
314046
314047
314048
314049
314050
314051
314052
314053
314054
314055
314056
314057
314058
314059
314060
314061
314062
314063
314064
314065
314066
314067
314068
314069
314070
314071
314072
314073
314074
314075
314076
314077
314078
314079
314080
314081
314082
314083
314084
314085
314086
314087
314088
314089
314090
314091
314092
314093
314094
314095
314096
314097
314098
314099
314100
314101
314102
314103
314104
314105
314106
314107
314108
314109
314110
314111
314112
314113
314114
314115
314116
314117
314118
314119
314120
314121
314122
314123
314124
314125
314126
314127
314128
314129
314130
314131
314132
314133
314134
314135
314136
314137
314138
314139
314140
314141
314142
314143
314144
314145
314146
314147
314148
314149
314150
314151
314152
314153
314154
314155
314156
314157
314158
314159
314160
314161
314162
314163
314164
314165
314166
314167
314168
314169
314170
314171
314172
314173
314174
314175
314176
314177
314178
314179
314180
314181
314182
314183
314184
314185
314186
314187
314188
314189
314190
314191
314192
314193
314194
314195
314196
314197
314198
314199
314200
314201
314202
314203
314204
314205
314206
314207
314208
314209
314210
314211
314212
314213
314214
314215
314216
314217
314218
314219
314220
314221
314222
314223
314224
314225
314226
314227
314228
314229
314230
314231
314232
314233
314234
314235
314236
314237
314238
314239
314240
314241
314242
314243
314244
314245
314246
314247
314248
314249
314250
314251
314252
314253
314254
314255
314256
314257
314258
314259
314260
314261
314262
314263
314264
314265
314266
314267
314268
314269
314270
314271
314272
314273
314274
314275
314276
314277
314278
314279
314280
314281
314282
314283
314284
314285
314286
314287
314288
314289
314290
314291
314292
314293
314294
314295
314296
314297
314298
314299
314300
314301
314302
314303
314304
314305
314306
314307
314308
314309
314310
314311
314312
314313
314314
314315
314316
314317
314318
314319
314320
314321
314322
314323
314324
314325
314326
314327
314328
314329
314330
314331
314332
314333
314334
314335
314336
314337
314338
314339
314340
314341
314342
314343
314344
314345
314346
314347
314348
314349
314350
314351
314352
314353
314354
314355
314356
314357
314358
314359
314360
314361
314362
314363
314364
314365
314366
314367
314368
314369
314370
314371
314372
314373
314374
314375
314376
314377
314378
314379
314380
314381
314382
314383
314384
314385
314386
314387
314388
314389
314390
314391
314392
314393
314394
314395
314396
314397
314398
314399
314400
314401
314402
314403
314404
314405
314406
314407
314408
314409
314410
314411
314412
314413
314414
314415
314416
314417
314418
314419
314420
314421
314422
314423
314424
314425
314426
314427
314428
314429
314430
314431
314432
314433
314434
314435
314436
314437
314438
314439
314440
314441
314442
314443
314444
314445
314446
314447
314448
314449
314450
314451
314452
314453
314454
314455
314456
314457
314458
314459
314460
314461
314462
314463
314464
314465
314466
314467
314468
314469
314470
314471
314472
314473
314474
314475
314476
314477
314478
314479
314480
314481
314482
314483
314484
314485
314486
314487
314488
314489
314490
314491
314492
314493
314494
314495
314496
314497
314498
314499
314500
314501
314502
314503
314504
314505
314506
314507
314508
314509
314510
314511
314512
314513
314514
314515
314516
314517
314518
314519
314520
314521
314522
314523
314524
314525
314526
314527
314528
314529
314530
314531
314532
314533
314534
314535
314536
314537
314538
314539
314540
314541
314542
314543
314544
314545
314546
314547
314548
314549
314550
314551
314552
314553
314554
314555
314556
314557
314558
314559
314560
314561
314562
314563
314564
314565
314566
314567
314568
314569
314570
314571
314572
314573
314574
314575
314576
314577
314578
314579
314580
314581
314582
314583
314584
314585
314586
314587
314588
314589
314590
314591
314592
314593
314594
314595
314596
314597
314598
314599
314600
314601
314602
314603
314604
314605
314606
314607
314608
314609
314610
314611
314612
314613
314614
314615
314616
314617
314618
314619
314620
314621
314622
314623
314624
314625
314626
314627
314628
314629
314630
314631
314632
314633
314634
314635
314636
314637
314638
314639
314640
314641
314642
314643
314644
314645
314646
314647
314648
314649
314650
314651
314652
314653
314654
314655
314656
314657
314658
314659
314660
314661
314662
314663
314664
314665
314666
314667
314668
314669
314670
314671
314672
314673
314674
314675
314676
314677
314678
314679
314680
314681
314682
314683
314684
314685
314686
314687
314688
314689
314690
314691
314692
314693
314694
314695
314696
314697
314698
314699
314700
314701
314702
314703
314704
314705
314706
314707
314708
314709
314710
314711
314712
314713
314714
314715
314716
314717
314718
314719
314720
314721
314722
314723
314724
314725
314726
314727
314728
314729
314730
314731
314732
314733
314734
314735
314736
314737
314738
314739
314740
314741
314742
314743
314744
314745
314746
314747
314748
314749
314750
314751
314752
314753
314754
314755
314756
314757
314758
314759
314760
314761
314762
314763
314764
314765
314766
314767
314768
314769
314770
314771
314772
314773
314774
314775
314776
314777
314778
314779
314780
314781
314782
314783
314784
314785
314786
314787
314788
314789
314790
314791
314792
314793
314794
314795
314796
314797
314798
314799
314800
314801
314802
314803
314804
314805
314806
314807
314808
314809
314810
314811
314812
314813
314814
314815
314816
314817
314818
314819
314820
314821
314822
314823
314824
314825
314826
314827
314828
314829
314830
314831
314832
314833
314834
314835
314836
314837
314838
314839
314840
314841
314842
314843
314844
314845
314846
314847
314848
314849
314850
314851
314852
314853
314854
314855
314856
314857
314858
314859
314860
314861
314862
314863
314864
314865
314866
314867
314868
314869
314870
314871
314872
314873
314874
314875
314876
314877
314878
314879
314880
314881
314882
314883
314884
314885
314886
314887
314888
314889
314890
314891
314892
314893
314894
314895
314896
314897
314898
314899
314900
314901
314902
314903
314904
314905
314906
314907
314908
314909
314910
314911
314912
314913
314914
314915
314916
314917
314918
314919
314920
314921
314922
314923
314924
314925
314926
314927
314928
314929
314930
314931
314932
314933
314934
314935
314936
314937
314938
314939
314940
314941
314942
314943
314944
314945
314946
314947
314948
314949
314950
314951
314952
314953
314954
314955
314956
314957
314958
314959
314960
314961
314962
314963
314964
314965
314966
314967
314968
314969
314970
314971
314972
314973
314974
314975
314976
314977
314978
314979
314980
314981
314982
314983
314984
314985
314986
314987
314988
314989
314990
314991
314992
314993
314994
314995
314996
314997
314998
314999
315000
315001
315002
315003
315004
315005
315006
315007
315008
315009
315010
315011
315012
315013
315014
315015
315016
315017
315018
315019
315020
315021
315022
315023
315024
315025
315026
315027
315028
315029
315030
315031
315032
315033
315034
315035
315036
315037
315038
315039
315040
315041
315042
315043
315044
315045
315046
315047
315048
315049
315050
315051
315052
315053
315054
315055
315056
315057
315058
315059
315060
315061
315062
315063
315064
315065
315066
315067
315068
315069
315070
315071
315072
315073
315074
315075
315076
315077
315078
315079
315080
315081
315082
315083
315084
315085
315086
315087
315088
315089
315090
315091
315092
315093
315094
315095
315096
315097
315098
315099
315100
315101
315102
315103
315104
315105
315106
315107
315108
315109
315110
315111
315112
315113
315114
315115
315116
315117
315118
315119
315120
315121
315122
315123
315124
315125
315126
315127
315128
315129
315130
315131
315132
315133
315134
315135
315136
315137
315138
315139
315140
315141
315142
315143
315144
315145
315146
315147
315148
315149
315150
315151
315152
315153
315154
315155
315156
315157
315158
315159
315160
315161
315162
315163
315164
315165
315166
315167
315168
315169
315170
315171
315172
315173
315174
315175
315176
315177
315178
315179
315180
315181
315182
315183
315184
315185
315186
315187
315188
315189
315190
315191
315192
315193
315194
315195
315196
315197
315198
315199
315200
315201
315202
315203
315204
315205
315206
315207
315208
315209
315210
315211
315212
315213
315214
315215
315216
315217
315218
315219
315220
315221
315222
315223
315224
315225
315226
315227
315228
315229
315230
315231
315232
315233
315234
315235
315236
315237
315238
315239
315240
315241
315242
315243
315244
315245
315246
315247
315248
315249
315250
315251
315252
315253
315254
315255
315256
315257
315258
315259
315260
315261
315262
315263
315264
315265
315266
315267
315268
315269
315270
315271
315272
315273
315274
315275
315276
315277
315278
315279
315280
315281
315282
315283
315284
315285
315286
315287
315288
315289
315290
315291
315292
315293
315294
315295
315296
315297
315298
315299
315300
315301
315302
315303
315305
315306
315307
315308
315309
315310
315311
315312
315313
315314
315315
315316
315317
315318
315319
315320
315321
315322
315323
315324
315325
315326
315327
315328
315329
315330
315331
315332
315333
315334
315335
315336
315337
315338
315339
315340
315341
315342
315343
315344
315345
315346
315347
315348
315349
315350
315351
315352
315353
315354
315355
315356
315357
315358
315359
315360
315361
315362
315363
315364
315365
315366
315367
315368
315369
315370
315371
315372
315373
315374
315375
315376
315377
315378
315379
315380
315381
315382
315383
315384
315385
315386
315387
315388
315389
315390
315391
315392
315393
315394
315395
315396
315397
315398
315399
315400
315401
315402
315403
315404
315405
315406
315407
315408
315409
315410
315411
315412
315413
315414
315415
315416
315417
315418
315419
315420
315421
315422
315423
315424
315425
315426
315427
315428
315429
315430
315431
315432
315433
315434
315435
315436
315437
315438
315439
315440
315441
315442
315443
315444
315445
315446
315447
315448
315449
315450
315451
315452
315453
315454
315455
315456
315457
315458
315459
315460
315461
315462
315463
315464
315465
315466
315467
315468
315469
315470
315471
315472
315473
315474
315475
315476
315477
315478
315479
315480
315481
315482
315483
315484
315485
315486
315487
315488
315489
315490
315491
315492
315493
315494
315495
315496
315497
315498
315499
315500
315501
315502
315503
315504
315505
315506
315507
315508
315509
315510
315511
315512
315513
315514
315515
315516
315517
315518
315519
315520
315521
315522
315523
315524
315525
315526
315527
315528
315529
315530
315531
315532
315533
315534
315535
315536
315537
315538
315539
315540
315541
315542
315543
315544
315545
315546
315547
315548
315549
315550
315551
315552
315553
315554
315555
315556
315557
315558
315559
315560
315561
315562
315563
315564
315565
315566
315567
315568
315569
315570
315571
315572
315573
315574
315575
315576
315577
315578
315579
315580
315581
315582
315583
315584
315585
315586
315587
315588
315589
315590
315591
315592
315593
315594
315595
315596
315597
315598
315599
315600
315601
315602
315603
315604
315605
315606
315607
315608
315609
315610
315611
315612
315613
315614
315615
315616
315617
315618
315619
315620
315621
315622
315623
315624
315625
315626
315627
315628
315629
315630
315631
315632
315633
315634
315635
315636
315637
315638
315639
315640
315641
315642
315643
315644
315645
315646
315647
315648
315649
315650
315651
315652
315653
315654
315655
315656
315657
315658
315659
315660
315661
315662
315663
315664
315665
315666
315667
315668
315669
315670
315671
315672
315673
315674
315675
315676
315677
315678
315679
315680
315681
315682
315683
315684
315685
315686
315687
315688
315689
315690
315691
315692
315693
315694
315695
315696
315697
315698
315699
315700
315701
315702
315703
315704
315705
315706
315707
315708
315709
315710
315711
315712
315713
315714
315715
315716
315717
315718
315719
315720
315721
315722
315723
315724
315725
315726
315727
315728
315729
315730
315731
315732
315733
315734
315735
315736
315737
315738
315739
315740
315741
315742
315743
315744
315745
315746
315747
315748
315749
315750
315751
315752
315753
315754
315755
315756
315757
315758
315759
315760
315761
315762
315763
315764
315765
315766
315767
315768
315769
315770
315771
315772
315773
315774
315775
315776
315777
315778
315779
315780
315781
315782
315783
315784
315785
315786
315787
315788
315789
315790
315791
315792
315793
315794
315795
315796
315797
315798
315799
315800
315801
315802
315803
315804
315805
315806
315807
315808
315809
315810
315811
315812
315813
315814
315815
315816
315817
315818
315819
315820
315821
315822
315823
315824
315825
315826
315827
315828
315829
315830
315831
315832
315833
315834
315835
315836
315837
315838
315839
315840
315841
315842
315843
315844
315845
315846
315847
315848
315849
315850
315851
315852
315853
315854
315855
315856
315857
315858
315859
315860
315861
315862
315863
315864
315865
315866
315867
315868
315869
315870
315871
315872
315873
315874
315875
315876
315877
315878
315879
315880
315881
315882
315883
315884
315885
315886
315887
315888
315889
315890
315891
315892
315893
315894
315895
315896
315897
315898
315899
315900
315901
315902
315903
315904
315905
315906
315907
315908
315909
315910
315911
315912
315913
315914
315915
315916
315917
315918
315919
315920
315921
315922
315923
315924
315925
315926
315927
315928
315929
315930
315931
315932
315933
315934
315935
315936
315937
315938
315939
315940
315941
315942
315943
315944
315945
315946
315947
315948
315949
315950
315951
315952
315953
315954
315955
315956
315957
315958
315959
315960
315961
315962
315963
315964
315965
315966
315967
315968
315969
315970
315971
315972
315973
315974
315975
315976
315977
315978
315979
315980
315981
315982
315983
315984
315985
315986
315987
315988
315989
315990
315991
315992
315993
315994
315995
315996
315997
315998
315999
316000
316001
316002
316003
316004
316005
316006
316007
316008
316009
316010
316011
316012
316013
316014
316015
316016
316017
316018
316019
316020
316021
316022
316023
316024
316025
316026
316027
316028
316029
316030
316031
316032
316033
316034
316035
316036
316037
316038
316039
316040
316041
316042
316043
316044
316045
316046
316047
316048
316049
316050
316051
316052
316053
316054
316055
316056
316057
316058
316059
316060
316061
316062
316063
316064
316065
316066
316067
316068
316069
316070
316071
316072
316073
316074
316075
316076
316077
316078
316079
316080
316081
316082
316083
316084
316085
316086
316087
316088
316089
316090
316091
316092
316093
316094
316095
316096
316097
316098
316099
316100
316101
316102
316103
316104
316105
316106
316107
316108
316109
316110
316111
316112
316113
316114
316115
316116
316117
316118
316119
316120
316121
316122
316123
316124
316125
316126
316127
316128
316129
316130
316131
316132
316133
316134
316135
316136
316137
316138
316139
316140
316141
316142
316143
316144
316145
316146
316147
316148
316149
316150
316151
316152
316153
316154
316155
316156
316157
316158
316159
316160
316161
316162
316163
316164
316165
316166
316167
316168
316169
316170
316171
316172
316173
316174
316175
316176
316177
316178
316179
316180
316181
316182
316183
316184
316185
316186
316187
316188
316189
316190
316191
316192
316193
316194
316195
316196
316197
316198
316199
316200
316201
316202
316203
316204
316205
316206
316207
316208
316209
316210
316211
316212
316213
316214
316215
316216
316217
316218
316219
316220
316221
316222
316223
316224
316225
316226
316227
316228
316229
316230
316231
316232
316233
316234
316235
316236
316237
316238
316239
316240
316241
316242
316243
316244
316245
316246
316247
316248
316249
316250
316251
316252
316253
316254
316255
316256
316257
316258
316259
316260
316261
316262
316263
316264
316265
316266
316267
316268
316269
316270
316271
316272
316273
316274
316275
316276
316277
316278
316279
316280
316281
316282
316283
316284
316285
316286
316287
316288
316289
316290
316291
316292
316293
316294
316295
316296
316297
316298
316299
316300
316301
316302
316303
316304
316305
316306
316307
316308
316309
316310
316311
316312
316313
316314
316315
316316
316317
316318
316319
316320
316321
316322
316323
316324
316325
316326
316327
316328
316329
316330
316331
316332
316333
316334
316335
316336
316337
316338
316339
316340
316341
316342
316343
316344
316345
316346
316347
316348
316349
316350
316351
316352
316353
316354
316355
316356
316357
316358
316359
316360
316361
316362
316363
316364
316365
316366
316367
316368
316369
316370
316371
316372
316373
316374
316375
316376
316377
316378
316379
316380
316381
316382
316383
316384
316385
316386
316387
316388
316389
316390
316391
316392
316393
316394
316395
316396
316397
316398
316399
316400
316401
316402
316403
316404
316405
316406
316407
316408
316409
316410
316411
316412
316413
316414
316415
316416
316417
316418
316419
316420
316421
316422
316423
316424
316425
316426
316427
316428
316429
316430
316431
316432
316433
316434
316435
316436
316437
316438
316439
316440
316441
316442
316443
316444
316445
316446
316447
316448
316449
316450
316451
316452
316453
316454
316455
316456
316457
316458
316459
316460
316461
316462
316463
316464
316465
316466
316467
316468
316469
316470
316471
316472
316473
316474
316475
316476
316477
316478
316479
316480
316481
316482
316483
316484
316485
316486
316487
316488
316489
316490
316491
316492
316493
316494
316495
316496
316497
316498
316499
316500
316501
316502
316503
316504
316505
316506
316507
316508
316509
316510
316511
316512
316513
316514
316515
316516
316517
316518
316519
316520
316521
316522
316523
316524
316525
316526
316527
316528
316529
316530
316531
316532
316533
316534
316535
316536
316537
316538
316539
316540
316541
316542
316543
316544
316545
316546
316547
316548
316549
316550
316551
316552
316553
316554
316555
316556
316557
316558
316559
316560
316561
316562
316563
316564
316565
316566
316567
316568
316569
316570
