489027
489028
489029
489030
489031
489032
489033
489034
489035
489036
489037
489038
489039
489040
489041
489042
489043
489044
489045
489046
489047
489048
489049
489050
489051
489052
489053
489054
489055
489056
489057
489058
489059
489060
489061
489062
489063
489064
489065
489066
489067
489068
489069
489070
489071
489072
489073
489074
489075
489076
489077
489078
489079
489080
489081
489082
489083
489084
489085
489086
489087
489088
489089
489090
489091
489092
489093
489094
489095
489096
489097
489098
489099
489100
489101
489102
489103
489104
489105
489106
489107
489108
489109
489110
489111
489112
489113
489114
489115
489116
489117
489118
489119
489120
489121
489122
489123
489124
489125
489126
489127
489128
489129
489130
489131
489132
489133
489134
489135
489136
489137
489138
489139
489140
489141
489142
489143
489144
489145
489146
489147
489148
489149
489150
489151
489152
489153
489154
489155
489156
489157
489158
489159
489160
489161
489162
489163
489164
489165
489166
489167
489168
489169
489170
489171
489172
489173
489174
489175
489176
489177
489178
489179
489180
489181
489182
489183
489184
489185
489186
489187
489188
489189
489190
489191
489192
489193
489194
489195
489196
489197
489198
489199
489200
489201
489202
489203
489204
489205
489206
489207
489208
489209
489210
489211
489212
489213
489214
489215
489216
489217
489218
489219
489220
489221
489222
489223
489224
489225
489226
489227
489228
489229
489230
489231
489232
489233
489234
489235
489236
489237
489238
489239
489240
489241
489242
489243
489244
489245
489246
489247
489248
489249
489250
489251
489252
489253
489254
489255
489256
489257
489258
489259
489260
489261
489262
489263
489264
489265
489266
489267
489268
489269
489270
489271
489272
489273
489274
489275
489276
489277
489278
489279
489280
489281
489282
489283
489284
489285
489286
489287
489288
489289
489290
489291
489292
489293
489294
489295
489296
489297
489298
489299
489300
489301
489302
489303
489304
489305
489306
489307
489308
489309
489310
489311
489312
489313
489314
489315
489316
489317
489318
489319
489320
489321
489322
489323
489324
489325
489326
489327
489328
489329
489330
489331
489332
489333
489334
489335
489336
489337
489338
489339
489340
489341
489342
489343
489344
489345
489346
489347
489348
489349
489350
489351
489352
489353
489354
489355
489356
489357
489358
489359
489360
489361
489362
489363
489364
489365
489366
489367
489368
489369
489370
489371
489372
489373
489374
489375
489376
489377
489378
489379
489380
489381
489382
489383
489384
489385
489386
489387
489388
489389
489390
489391
489392
489393
489394
489395
489396
489397
489398
489399
489400
489401
489402
489403
489404
489405
489406
489407
489408
489409
489410
489411
489412
489413
489414
489415
489416
489417
489418
489419
489420
489421
489422
489423
489424
489425
489426
489427
489428
489429
489430
489431
489432
489433
489434
489435
489436
489437
489438
489439
489440
489441
489442
489443
489444
489445
489446
489447
489448
489449
489450
489451
489452
489453
489454
489455
489456
489457
489458
489459
489460
489461
489462
489463
489464
489465
489466
489467
489468
489469
489470
489471
489472
489473
489474
489475
489476
489477
489478
489479
489480
489481
489482
489483
489484
489485
489486
489487
489488
489489
489490
489491
489492
489493
489494
489495
489496
489497
489498
489499
