712225
712226
712227
712228
712229
712230
712231
712232
712233
712234
712235
712236
712237
712238
712239
712240
712241
712242
712243
712244
712245
712246
712247
712248
712249
712250
712251
712252
712253
712254
712255
712256
712257
712258
712259
712260
712261
712262
712263
712264
712265
712266
712267
712268
712269
712270
712271
712272
712273
712274
712275
712276
712277
712278
712279
712280
712281
712282
712283
712284
712285
712286
712287
712288
712289
712290
712291
712292
712293
712294
712295
712296
712297
712298
712299
712300
712301
712302
712303
712304
712305
712306
712307
712308
712309
712310
712311
712312
712313
712314
712315
712316
712317
712318
712319
712320
712321
712322
712323
712324
712325
712326
712327
712328
712329
712330
712331
712332
712333
712334
712335
712336
712337
712338
712339
712340
712341
712342
712343
712344
712345
712346
712347
712348
712349
712350
712351
712352
712353
712354
712355
712356
712357
712358
712359
712360
712361
712362
712363
712364
712365
712366
712367
712368
712369
712370
712371
712372
712373
712374
712375
712376
712377
712378
712379
712380
712381
712382
712383
712384
712385
712386
712387
712388
712389
712390
712391
712392
712393
712394
712395
712396
712397
712398
712399
712400
712401
712402
712403
712404
712405
712406
712407
712408
712409
712410
712411
712412
712413
712414
712415
712416
712417
712418
712419
712420
712421
712422
712423
712424
712425
712426
712427
712428
712429
712430
712431
712432
712433
712434
712435
712436
712437
712438
712439
712440
712441
712442
712443
712444
712445
712446
712447
712448
712449
712450
712451
712452
712453
712454
712455
712456
712457
712458
712459
712460
712461
712462
712463
712464
712465
712466
712467
712468
712469
712470
712471
712472
712473
712474
712475
712476
712477
712478
712479
712480
712481
712482
712483
712484
712485
712486
712487
712488
712489
712490
712491
712492
712493
712494
712495
712496
712497
712498
712499
712500
712501
712502
712503
712504
712505
712506
712507
712508
712509
712510
712511
712512
712513
712514
712515
712516
712517
712518
712519
712520
712521
712522
712523
712524
712525
712526
712527
712528
712529
712530
712531
712532
712533
712534
712535
712536
712537
712538
712539
712540
712541
712542
712543
712544
712545
712546
712547
712548
712549
712550
712551
712552
712553
712554
712555
712556
712557
712558
712559
712560
712561
712562
712563
712564
712565
712566
712567
712568
712569
712570
712571
712572
712573
712574
712575
712576
712577
712578
712579
712580
712581
712582
712583
712584
712585
712586
712587
712588
712589
712590
712591
712592
712593
712594
712595
712596
712597
712598
712599
712600
712601
712602
712603
712604
712605
712606
712607
712608
712609
712610
712611
712612
712613
712614
712615
712616
712617
712618
712619
712620
712621
712622
712623
712624
712625
712626
712627
712628
712629
712630
712631
712632
712633
712634
712635
712636
712637
712638
712639
712640
712641
712642
712643
712644
712645
712646
712647
712648
712649
712650
712651
712652
712653
712654
712655
712656
712657
712658
712659
712660
712661
712662
712663
712664
712665
712666
712667
712668
712669
712670
712671
712672
712673
712674
712675
712676
712677
712678
712679
712680
712681
712682
712683
712684
712685
712686
712687
712688
712689
712690
712691
712692
712693
712694
712695
712696
712697
712698
712699
712700
712701
712702
712703
712704
712705
712706
712707
712708
712709
712710
712711
712712
712713
712714
712715
712716
712717
712718
712719
712720
712721
712722
712723
712724
712725
712726
712727
712728
712729
712730
712731
712732
712733
712734
712735
712736
712737
712738
712739
712740
712741
712742
712743
712744
712745
712746
712747
712748
712749
712750
712751
712752
712753
712754
712755
712756
712757
712758
712759
712760
712761
712762
712763
712764
712765
712766
712767
712768
712769
712770
712771
712772
712773
712774
712775
712776
712777
712778
712779
712780
712781
712782
712783
712784
712785
712786
712787
712788
712789
712790
712791
712792
712793
712794
712795
712796
712797
712798
712799
712800
712801
712802
712803
712804
712805
712806
712807
712808
712809
712810
712811
712812
712813
712814
712815
712816
712817
712818
712819
712820
712821
712822
712823
712824
712825
712826
712827
712828
712829
712830
712831
712832
712833
712834
712835
712836
712837
712838
712839
712840
712841
712842
712843
712844
712845
712846
712847
712848
712849
712850
712851
712852
712853
712854
712855
712856
712857
712858
712859
712860
712861
712862
712863
712864
712865
712866
712867
712868
712869
712870
712871
712872
712873
712874
712875
712876
712877
712878
712879
712880
712881
712882
712883
712884
712885
712886
712887
712888
712889
712890
712891
712892
712893
712894
712895
712896
712897
712898
712899
712900
712901
712902
712903
712904
712905
712906
712907
712908
712909
712910
712911
712912
712913
712914
712915
712916
712917
712918
712919
712920
712921
712922
712923
712924
712925
712926
712927
712928
712929
712930
712931
712932
712933
712934
712935
712936
712937
712938
712939
712940
712941
712942
712943
712944
712945
712946
712947
712948
712949
712950
712951
712952
712953
712954
712955
712956
712957
712958
712959
712960
712961
712962
712963
712964
712965
712966
712967
712968
712969
712970
712971
712972
712973
712974
712975
712976
712977
712978
712979
712980
712981
712982
712983
712984
712985
712986
712987
712988
712989
712990
712991
712992
712993
712994
712995
712996
712997
712998
712999
713000
713001
713002
713003
713004
713005
713006
713007
713008
713009
713010
713011
713012
713013
713014
713015
713016
713017
713018
713019
713020
713021
713022
713023
713024
713025
713026
713027
713028
713029
713030
713031
713032
713033
713034
713035
713036
713037
713038
713039
713040
713041
713042
713043
713044
713045
713046
713047
713048
713049
713050
713051
713052
713053
713054
713055
713056
713057
713058
713059
713060
713061
713062
713063
713064
713065
713066
713067
713068
713069
713070
713071
713072
713073
713074
713075
713076
713077
713078
713079
713080
713081
713082
713083
713084
713085
713086
713087
713088
713089
713090
713091
713092
713093
713094
713095
713096
713097
713098
713099
713100
713101
713102
713103
713104
713105
713106
713107
713108
713109
713110
713111
713112
713113
713114
713115
713116
713117
713118
713119
713120
713121
713122
713123
713124
713125
713126
713127
713128
713129
713130
713131
713132
713133
713134
713135
713136
713137
713138
713139
713140
713141
713142
713143
713144
713145
713146
713147
713148
713149
713150
713151
713152
713153
713154
713155
713156
713157
713158
713159
713160
713161
713162
713163
713164
713165
713166
713167
713168
713169
713170
713171
713172
713173
713174
713175
713176
713177
713178
713179
713180
713181
713182
713183
713184
713185
713186
713187
713188
713189
713190
713191
713192
713193
713194
713195
713196
713197
713198
713199
713200
713201
713202
713203
713204
713205
713206
713207
713208
713209
713210
713211
713212
713213
713214
713215
713216
713217
713218
713219
713220
713221
713222
713223
713224
713225
713226
713227
713228
713229
713230
713231
713232
713233
713234
713235
713236
713237
713238
713239
713240
713241
713242
713243
713244
713245
713246
713247
713248
713249
713250
713251
713252
713253
713254
713255
713256
713257
713258
713259
713260
713261
713262
713263
713264
713265
713266
713267
713268
713269
713270
713271
713272
713273
713274
713275
713276
713277
713278
713279
713280
713281
713282
713283
713284
713285
713286
713287
713288
713289
713290
713291
713292
713293
713294
713295
713296
713297
713298
713299
713300
713301
713302
713303
713304
713305
713306
713307
713308
713309
713310
713311
713312
713313
713314
713315
713316
713317
713318
713319
713320
713321
713322
713323
713324
713325
713326
713327
713328
713329
713330
713331
713332
713333
713334
713335
713336
713337
713338
713339
713340
713341
713342
713343
713344
713345
713346
713347
713348
713349
713350
713351
713352
713353
713354
713355
713356
713357
713358
713359
713360
713361
713362
713363
713364
713365
713366
713367
713368
713369
713370
713371
713372
713373
713374
713375
713376
713377
713378
713379
713380
713381
713382
713383
713384
713385
713386
713387
713388
713389
713390
713391
713392
713393
713394
713395
713396
713397
713398
713399
713400
713401
713402
713403
713404
713405
713406
713407
713408
713409
713410
713411
713412
713413
713414
713415
713416
713417
713418
713419
713420
713421
713422
713423
713424
713425
713426
713427
713428
713429
713430
713431
713432
713433
713434
713435
713436
713437
713438
713439
713440
713441
713442
713443
713444
713445
713446
713447
713448
713449
713450
713451
713452
713453
713454
713455
713456
713457
713458
713459
713460
713461
713462
713463
713464
713465
713466
713467
713468
713469
713470
713471
713472
713473
713474
713475
713476
713477
713478
713479
713480
713481
713482
713483
713484
713485
713486
713487
713488
713489
713490
713491
713492
713493
713494
713495
713496
713497
713498
713499
713500
713501
713502
713503
713504
713505
713506
713507
713508
713509
713510
713511
713512
713513
713514
713515
713516
713517
713518
713519
713520
713521
713522
713523
713524
713525
713526
713527
713528
713529
713530
713531
713532
713533
713534
713535
713536
713537
713538
713539
713540
713541
713542
713543
713544
713545
713546
713547
713548
713549
713550
713551
713552
713553
713554
713555
713556
713557
713558
713559
713560
713561
713562
713563
713564
713565
713566
713567
713568
713569
713570
713571
713572
713573
713574
713575
713576
713577
713578
713579
713580
713581
713582
713583
713584
713585
713586
713587
713588
713589
713590
713591
713592
713593
713594
713595
713596
713597
713598
713599
713600
713601
713602
713603
713604
713605
713606
713607
713608
713609
713610
713611
713612
713613
713614
713615
713616
713617
713618
713619
713620
713621
713622
713623
713624
713625
713626
713627
713628
713629
713630
713631
713632
713633
713634
713635
713636
713637
713638
713639
713640
713641
713642
713643
713644
713645
713646
713647
713648
713649
713650
713651
713652
713653
713654
713655
713656
713657
713658
713659
713660
713661
713662
713663
713664
713665
713666
713667
713668
713669
713670
713671
713672
713673
713674
713675
713676
713677
713678
713679
713680
713681
713682
713683
713684
713685
713686
713687
713688
713689
713690
713691
713692
713693
713694
713695
713696
713697
713698
713699
713700
713701
713702
713703
713704
713705
713706
713707
713708
713709
713710
713711
713712
713713
713714
713715
713716
713717
713718
713719
713720
713721
713722
713723
713724
713725
713726
713727
713728
713729
713730
713731
713732
713733
713734
713735
713736
713737
713738
713739
713740
713741
713742
713743
713744
713745
713746
713747
713748
713749
713750
713751
713752
713753
713754
713755
713756
713757
713758
713759
713760
713761
713762
713763
713764
713765
713766
713767
713768
713769
713770
713771
713772
713773
713774
713775
713776
713777
713778
713779
713780
713781
713782
713783
713784
713785
713786
713787
713788
713789
713790
713791
713792
713793
713794
713795
713796
713797
713798
713799
713800
713801
713802
713803
713804
713805
713806
713807
713808
713809
713810
713811
713812
713813
713814
713815
713816
713817
713818
713819
713820
713821
713822
713823
713824
713825
713826
713827
713828
713829
713830
713831
713832
713833
713834
713835
713836
713837
713838
713839
713840
713841
713842
713843
713844
713845
713846
713847
713848
713849
713850
713851
713852
713853
713854
713855
713856
713857
713858
713859
713860
713861
713862
713863
713864
713865
713866
713867
713868
713869
713870
713871
713872
713873
713874
713875
713876
713877
713878
713879
713880
713881
713882
713883
713884
713885
713886
713887
713888
713889
713890
713891
713892
713893
713894
713895
713896
713897
713898
713899
713900
713901
713902
713903
713904
713905
713906
713907
713908
713909
713910
713911
713912
713913
713914
713915
713916
713917
713918
713919
713920
713921
713922
713923
713924
713925
713926
713927
713928
713929
713930
713931
713932
713933
713934
713935
713936
713937
713938
713939
713940
713941
713942
713943
713944
713945
713946
713947
713948
713949
713950
713951
713952
713953
713954
713955
713956
713957
713958
713959
713960
713961
713962
713963
713964
713965
713966
713967
713968
713969
713970
713971
713972
713973
713974
713975
713976
713977
713978
713979
713980
713981
713982
713983
713984
713985
713986
713987
713988
713989
713990
713991
713992
713993
713994
713995
713996
713997
713998
713999
714000
714001
714002
714003
714004
714005
714006
714007
714008
714009
714010
714011
714012
714013
714014
714015
714016
714017
714018
714019
714020
714021
714022
714023
714024
714025
714026
714027
714028
714029
714030
714031
714032
714033
714034
714035
714036
714037
714038
714039
714040
714041
714042
714043
714044
714045
714046
714047
714048
714049
714050
714051
714052
714053
714054
714055
714056
714057
714058
714059
714060
714061
714062
714063
714064
714065
714066
714067
714068
714069
714070
714071
714072
714073
714074
714075
714076
714077
714078
714079
714080
714081
714082
714083
714084
714085
714086
714087
714088
714089
714090
714091
714092
714093
714094
714095
714096
714097
714098
714099
714100
714101
714102
714103
714104
714105
714106
714107
714108
714109
714110
714111
714112
714113
714114
714115
714116
714117
714118
714119
714120
714121
714122
714123
714124
714125
714126
714127
714128
714129
714130
714131
714132
714133
714134
714135
714136
714137
714138
714139
714140
714141
714142
714143
714144
714145
714146
714147
714148
714149
714150
714151
714152
714153
714154
714155
714156
714157
714158
714159
714160
714161
714162
714163
714164
714165
714166
714167
714168
714169
714170
714171
714172
714173
714174
714175
714176
714177
714178
714179
714180
714181
714182
714183
714184
714185
714186
714187
714188
714189
714190
714191
714192
714193
714194
714195
714196
714197
714198
714199
714200
714201
714202
714203
714204
714205
714206
714207
714208
714209
714210
714211
714212
714213
714214
714215
714216
714217
714218
714219
714220
714221
714222
714223
714224
714225
714226
714227
714228
714229
714230
714231
714232
714233
714234
714235
714236
714237
714238
714239
714240
714241
714242
714243
714244
714245
714246
714247
714248
714249
714250
714251
714252
714253
714254
714255
714256
714257
714258
714259
714260
714261
714262
714263
714264
714265
714266
714267
714268
714269
714270
714271
714272
714273
714274
714275
714276
714277
714278
714279
714280
714281
714282
714283
714284
714285
714286
714287
714288
714289
714290
714291
714292
714293
714294
714295
714296
714297
714298
714299
714300
714301
714302
714303
714304
714305
714306
714307
714308
714309
714310
714311
714312
714313
714314
714315
714316
714317
714318
714319
714320
714321
714322
714323
714324
714325
714326
714327
714328
714329
714330
714331
714332
714333
714334
714335
714336
714337
714338
714339
714340
714341
714342
714343
714344
714345
714346
714347
714348
714349
714350
714351
714352
714353
714354
714355
714356
714357
714358
714359
714360
714361
714362
714363
714364
714365
714366
714367
714368
714369
714370
714371
714372
714373
714374
714375
714376
714377
714378
714379
714380
714381
714382
714383
714384
714385
714386
714387
714388
714389
714390
714391
714392
714393
714394
714395
714396
714397
714398
714399
714400
714401
714402
714403
714404
714405
714406
714407
714408
714409
714410
714411
714412
714413
714414
714415
714416
714417
714418
714419
714420
714421
714422
714423
714424
714425
714426
714427
714428
714429
714430
714431
714432
714433
714434
714435
714436
714437
714438
714439
714440
714441
714442
714443
714444
714445
714446
714447
714448
714449
714450
714451
714452
714453
714454
714455
714456
714457
714458
714459
714460
714461
714462
714463
714464
714465
714466
714467
714468
714469
714470
714471
714472
714473
714474
714475
714476
714477
714478
714479
714480
714481
714482
714483
714484
714485
714486
714487
714488
714489
714490
714491
714492
714493
714494
714495
714496
714497
714498
714499
714500
714501
714502
714503
714504
714505
714506
714507
714508
714509
714510
714511
714512
714513
714514
714515
714516
714517
714518
714519
714520
714521
714522
714523
714524
714525
714526
714527
714528
714529
714530
714531
714532
714533
714534
714535
714536
714537
714538
714539
714540
714541
714542
714543
714544
714545
714546
714547
714548
714549
714550
714551
714552
714553
714554
714555
714556
714557
714558
714559
714560
714561
714562
714563
714564
714565
714566
714567
714568
714569
714570
714571
714572
714573
714574
714575
714576
714577
714578
714579
714580
714581
714582
714583
714585
714586
714587
714588
714589
714590
714591
714592
714593
714594
714595
714596
714597
714598
714599
714600
714601
714602
714603
714604
714605
714606
714607
714608
714609
714610
714611
714612
714613
714614
714615
714616
714617
714618
714619
714620
714621
714622
714623
714624
714625
714626
714627
714628
714629
714630
714631
714632
714633
714634
714635
714636
714637
714638
714639
714640
714641
714642
714643
714644
714645
714646
714647
714648
714649
714650
714651
714652
714653
714654
714655
714656
714657
714658
714659
714660
714661
714662
714663
714664
714665
714666
714667
714668
714669
714670
714671
714672
714673
714674
714675
714676
714677
714678
714679
714680
714681
714682
714683
714684
714685
714686
714687
714688
714689
714690
714691
714692
714693
714694
714695
714696
714697
714698
714699
714700
714701
714702
714703
714704
714705
714706
714707
714708
714709
714710
714711
714712
714713
714714
714715
714716
714717
714718
714719
714720
714721
714722
714723
714724
714725
714726
714727
714728
714729
714730
714731
714732
714733
714734
714735
714736
714737
714738
714739
714740
714741
714742
714743
714744
714745
714746
714747
714748
714749
714750
714751
714752
714753
714754
714755
714756
714757
714758
714759
714760
714761
714762
714763
714764
714765
714766
714767
714768
714769
714770
714771
714772
714773
714774
714775
714776
714777
714778
714779
714780
714781
714782
714783
714784
714785
714786
714787
714788
714789
714790
714791
714792
714793
714794
714795
714796
714797
714798
714799
714800
714801
714802
714803
714804
714805
714806
714807
714808
714809
714810
714811
714812
714813
714814
714815
714816
714817
714818
714819
714820
714821
714822
714823
714824
714825
714826
714827
714828
714829
714830
714831
714832
714833
714834
714835
714836
714837
714838
714839
714840
714841
714842
714843
714844
714845
714846
714847
714848
714849
714850
714851
714852
714853
714854
714855
714856
714857
714858
714859
714860
714861
714862
714863
714864
714865
714866
714867
714868
714869
714870
714871
714872
714873
714874
714875
714876
714877
714878
714879
714880
714881
714882
714883
714884
714885
714886
714887
714888
714889
714890
714891
714892
714893
714894
714895
714896
714897
714898
714899
714900
714901
714902
714903
714904
714905
714906
714907
714908
714909
714910
714911
714912
714913
714914
714915
714916
714917
714918
714919
714920
714921
714922
714923
714924
714925
714926
714927
714928
714929
714930
714931
714932
714933
714934
714935
714936
714937
714938
714939
714940
714941
714942
714943
714944
714945
714946
714947
714948
714949
714950
714951
714952
714953
714954
714955
714956
714957
714958
714959
714960
714961
714962
714963
714964
714965
714966
714967
714968
714969
714970
714971
714972
714973
714974
714975
714976
714977
714978
714979
714980
714981
714982
714983
714984
714985
714986
714987
714988
714989
714990
714991
714992
714993
714994
714995
714996
714997
714998
714999
715000
715001
715002
715003
715004
715005
715006
715007
715008
715009
715010
715011
715012
715013
715014
715015
715016
715017
715018
715019
715020
715021
715022
715023
715024
715025
715026
715027
715028
715029
715030
715031
715032
715033
715034
715035
715036
715037
715038
715039
715040
715041
715042
715043
715044
715045
715046
715047
715048
715049
715050
715051
715052
715053
715054
715055
715056
715057
715058
715059
715060
715061
715062
715063
715064
715065
715066
715067
715068
715069
715070
715071
715072
715073
715074
715075
715076
715077
715078
715079
715080
715081
715082
715083
715084
715085
715086
715087
715088
715089
715090
715091
715092
715093
715094
715095
715096
715097
715098
715099
715100
715101
715102
715103
715104
715105
715106
715107
715108
715109
715110
715111
715112
715113
715114
715115
715116
715117
715118
715119
715120
715121
715122
715123
715124
715125
715126
715127
715128
715129
715130
715131
715132
715133
715134
715135
715136
715137
715138
715139
715140
715141
715142
715143
715144
715145
715146
715147
715148
715149
715150
