564954
564955
564956
564957
564958
564959
564960
564961
564962
564963
564964
564965
564966
564967
564968
564969
564970
564971
564972
564973
564974
564975
564976
564977
564978
564979
564980
564981
564982
564983
564984
564985
564986
564987
564988
564989
564990
564991
564992
564993
564994
564995
564996
564997
564998
564999
565000
565001
565002
565003
565004
565005
565006
565007
565008
565009
565010
565011
565012
565013
565014
565015
565016
565017
565018
565019
565020
565021
565022
565023
565024
565025
565026
565027
565028
565029
565030
565031
565032
565033
565034
565035
565036
565037
565038
565039
565040
565041
565042
565043
565044
565045
565046
565047
565048
565049
565050
565051
565052
565053
565054
565055
565056
565057
565058
565059
565060
565061
565062
565063
565064
565065
565066
565067
565068
565069
565070
565071
565072
565073
565074
565075
565076
565077
565078
565079
565080
565081
565082
565083
565084
565085
565086
565087
565088
565089
565090
565091
565092
565093
565094
565095
565096
565097
565098
565099
565100
565101
565102
565103
565104
565105
565106
565107
565108
565109
565110
565111
565112
565113
565114
565115
565116
565117
565118
565119
565120
565121
565122
565123
565124
565125
565126
565127
565128
565129
565130
565131
565132
565133
565134
565135
565136
565137
565138
565139
565140
565141
565142
565143
565144
565145
565146
565147
565148
565149
565150
565151
565152
565153
565154
565155
565156
565157
565158
565159
565160
565161
565162
565163
565164
565165
565166
565167
565168
565169
565170
565171
565172
565173
565174
565175
565176
565177
565178
565179
565180
565181
565182
565183
565184
565185
565186
565187
565188
565189
565190
565191
565192
565193
565194
565195
565196
565197
565198
565199
565200
565201
565202
565203
565204
565205
565206
565207
565208
565209
565210
565211
565212
565213
565214
565215
565216
565217
565218
565219
565220
565221
565222
565223
565224
565225
565226
565227
565228
565229
565230
565231
565232
565233
565234
565235
565236
565237
565238
565239
565240
565241
565242
565243
565244
565245
565246
565247
565248
565249
565250
565251
565252
565253
565254
565255
565256
565257
565258
565259
565260
565261
565262
565263
565264
565265
565266
565267
565268
565269
565270
565271
565272
565273
565274
565275
565276
565277
565278
565279
565280
565281
565282
565283
565284
565285
565286
565287
565288
565289
565290
565291
565292
565293
565294
565295
565296
565297
565298
565299
565300
565301
565302
565303
565304
565305
565306
565307
565308
565309
565310
565311
565312
565313
565314
565315
565316
565317
565318
565319
565320
565321
565322
565323
565324
565325
565326
565327
565328
565329
565330
565331
565332
565333
565334
565335
565336
565337
565338
565339
565340
565341
565342
565343
565344
565345
565346
565347
565348
565349
565350
565351
565352
565353
565354
565355
565356
565357
565358
565359
565360
565361
565362
565363
565364
565365
565366
565367
565368
565369
565370
565371
565372
565373
565374
565375
565376
565377
565378
565379
565380
565381
565382
565383
565384
565385
565386
565387
565388
565389
565390
565391
565392
565393
565394
565395
565396
565397
565398
565399
565400
565401
565402
565403
565404
565405
565406
565407
565408
565409
565410
565411
565412
565413
565414
565415
565416
565417
565418
565419
565420
565421
565422
565423
565424
565425
565426
565427
565428
565429
565430
565431
565432
565433
565434
565435
565436
565437
565438
565439
565440
565441
565442
565443
565444
565445
565446
565447
565448
565449
565450
565451
565452
565453
565454
565455
565456
565457
565458
565459
565460
565461
565462
565463
565464
565465
565466
565467
565468
565469
565470
565471
565472
565473
565474
565475
565476
565477
565478
565479
565480
565481
565482
565483
565484
565485
565486
565487
565488
565489
565490
565491
565492
565493
565494
565495
565496
565497
565498
565499
565500
565501
565502
565503
565504
565505
565506
565507
565508
565509
565510
565511
565512
565513
565514
565515
565516
565517
565518
565519
565520
565521
565522
565523
565524
565525
565526
565527
565528
565529
565530
565531
565532
565533
565534
565535
565536
565537
565538
565539
565540
565541
565542
565543
565544
565545
565546
565547
565548
565549
565550
565551
565552
565553
565554
565555
565556
565557
565558
565559
565560
565561
565562
565563
565564
565565
565566
565567
565568
565569
565570
565571
565572
565573
565574
565575
565576
565577
565578
565579
565580
565581
565582
565583
565584
565585
565586
565587
565588
565589
565590
565591
565592
565593
565594
565595
565596
565597
565598
565599
565600
565601
565602
565603
565604
565605
565606
565607
565608
565609
565610
565611
565612
565613
565614
565615
565616
565617
565618
565619
565620
565621
565622
565623
565624
565625
565626
565627
565628
565629
565630
565631
565632
565633
565634
565635
565636
565637
565638
565639
565640
565641
565642
565643
565644
565645
565646
565647
565648
565649
565650
565651
565652
565653
565654
565655
565656
565657
565658
565659
565660
565661
565662
565663
565664
565665
565666
565667
565668
565669
565670
565671
565672
565673
565674
565675
565676
565677
565678
565679
565680
565681
565682
565683
565684
565685
565686
565687
565688
565689
565690
565691
565692
565693
565694
565695
565696
565697
565698
565699
565700
565701
565702
565703
565704
565705
565706
565707
565708
565709
565710
565711
565712
565713
565714
565715
565716
565717
565718
565719
565720
565721
565722
565723
565724
565725
565726
565727
565728
565729
565730
565731
565732
565733
565734
565735
565736
565737
565738
565739
565740
565741
565742
565743
565744
565745
565746
565747
565748
565749
565750
565751
565752
565753
565754
565755
565756
565757
565758
565759
565760
565761
565762
565763
565764
565765
565766
565767
565768
565769
565770
565771
565772
565773
565774
565775
565776
565777
565778
565779
565780
565781
565782
565783
565784
565785
565786
565787
565788
565789
565790
565791
565792
565793
565794
565795
565796
565797
565798
565799
565800
565801
565802
565803
565804
565805
565806
565807
565808
565809
565810
565811
565812
565813
565814
565815
565816
565817
565818
565819
565820
565821
565822
565823
565824
565825
565826
565827
565828
565829
565830
565831
565832
565833
565834
565835
565836
565837
565838
565839
565840
565841
565842
565843
565844
565845
565846
565847
565848
565849
565850
565851
565852
565853
565854
565855
565856
565857
565858
565859
565860
565861
565862
565863
565864
565865
565866
565867
565868
565869
565870
565871
565872
565873
565874
565875
565876
565877
565878
565879
565880
565881
565882
565883
565884
565885
565886
565887
565888
565889
565890
565891
565892
565893
565894
565895
565896
565897
565898
565899
565900
565901
565902
565903
565904
565905
565906
565907
565908
565909
565910
565911
565912
565913
565914
565915
565916
565917
565918
565919
565920
565921
565922
565923
565924
565925
565926
565927
565928
565929
565930
565931
565932
565933
565934
565935
565936
565937
565938
565939
565940
565941
565942
565943
565944
565945
565946
565947
565948
565949
565950
565951
565952
565953
565954
565955
565956
565957
565958
565959
565960
565961
565962
565963
565964
565965
565966
565967
565968
565969
565970
565971
565972
565973
565974
565975
565976
565977
565978
565979
565980
565981
565982
565983
565984
565985
565986
565987
565988
565989
565990
565991
565992
565993
565994
565995
565996
565997
565998
565999
566000
566001
566002
566003
566004
566005
566006
566007
566008
566009
566010
566011
566012
566013
566014
566015
566016
566017
566018
566019
566020
566021
566022
566023
566024
566025
566026
566027
566028
566029
566030
566031
566032
566033
566034
566035
566036
566037
566038
566039
566040
566041
566042
566043
566044
566045
566046
566047
566048
566049
566050
566051
566052
566053
566054
566055
566056
566057
566058
566059
566060
566061
566062
566063
566064
566065
566066
566067
566068
566069
566070
566071
566072
566073
566074
566075
566076
566077
566078
566079
566080
566081
566082
566083
566084
566085
566086
566087
566088
566089
566090
566091
566092
566093
566094
566095
566096
566097
566098
566099
566100
566101
566102
566103
566104
566105
566106
566107
566108
566109
566110
566111
566112
566113
566114
566115
566116
566117
566118
566119
566120
566121
566122
566123
566124
566125
566126
566127
566128
566129
566130
566131
566132
566133
566134
566135
566136
566137
566138
566139
566140
566141
566142
566143
566144
566145
566146
566147
566148
566149
566150
566151
566152
566153
566154
566155
566156
566157
566158
566159
566160
566161
566162
566163
566164
566165
566166
566167
566168
566169
566170
566171
566172
566173
566174
566175
566176
566177
566178
566179
566180
566181
566182
566183
566184
566185
566186
566187
566188
566189
566190
566191
566192
566193
566194
566195
566196
566197
566198
566199
566200
566201
566202
566203
566204
566205
566206
566207
566208
566209
566210
566211
566212
566213
566214
566215
566216
566217
566218
566219
566220
566221
566222
566223
566224
566225
566226
566227
566228
566229
566230
566231
566232
566233
566234
566235
566236
566237
566238
566239
566240
566241
566242
566243
566244
566245
566246
566247
566248
566249
566250
566251
566252
566253
566254
566255
566256
566257
566258
566259
566260
566261
566262
566263
566264
566265
566266
566267
566268
566269
566270
566271
566272
566273
566274
566275
566276
566277
566278
566279
566280
566281
566282
566283
566284
566285
566286
566287
566288
566289
566290
566291
566292
566293
566294
566295
566296
566297
566298
566299
566300
566301
566302
566303
566304
566305
566306
566307
566308
566309
566310
566311
566312
566313
566314
566315
566316
566317
566318
566319
566320
566321
566322
566323
566324
566325
566326
566327
566328
566329
566330
566331
566332
566333
566334
566335
566336
566337
566338
566339
566340
566341
566342
566343
566344
566345
566346
566347
566348
566349
566350
566351
566352
566353
566354
566355
566356
566357
566358
566359
566360
566361
566362
566363
566364
566365
566366
566367
566368
566369
566370
566371
566372
566373
566374
566375
566376
566377
566378
566379
566380
566381
566382
566383
566384
566385
566386
566387
566388
566389
566390
566391
566392
566393
566394
566395
566396
566397
566398
566399
566400
566401
566402
566403
566404
566405
566406
566407
566408
566409
566410
566411
566412
566413
566414
566415
566416
566417
566418
566419
566420
566421
566422
566423
566424
566425
566426
566427
566428
566429
566430
566431
566432
566433
566434
566435
566436
566437
566438
566439
566440
566441
566442
566443
566444
566445
566446
566447
566448
566449
566450
566451
566452
566453
566454
566455
566456
566457
566458
566459
566460
566461
566462
566463
566464
566465
566466
566467
566468
566469
566470
566471
566472
566473
566474
566475
566476
566477
566478
566479
566480
566481
566482
566483
566484
566485
566486
566487
566488
566489
566490
566491
566492
566493
566494
566495
566496
566497
566498
566499
566500
566501
566502
566503
566504
566505
566506
566507
566508
566509
566510
566511
566512
566513
566514
566515
566516
566517
566518
566519
566520
566521
566522
566523
566524
566525
566526
566527
566528
566529
566530
566531
566532
566533
566534
566535
566536
566537
566538
566539
566540
566541
566542
566543
566544
566545
566546
566547
566548
566549
566550
566551
566552
566553
566554
566555
566556
566557
566558
566559
566560
566561
566562
566563
566564
566565
566566
566567
566568
566569
566570
566571
566572
566573
566574
566575
566576
566577
566578
566579
566580
566581
566582
566583
566584
566585
566586
566587
566588
566589
566590
566591
566592
566593
566594
566595
566596
566597
566598
566599
566600
566601
566602
566603
566604
566605
566606
566607
566608
566609
566610
566611
566612
566613
566614
566615
566616
566617
566618
566619
566620
566621
566622
566623
566624
566625
566626
566627
566628
566629
566630
566631
566632
566633
566634
566635
566636
566637
566638
566639
566640
566641
566642
566643
566644
566645
566646
566647
566648
566649
566650
566651
566652
566653
566654
566655
566656
566657
566658
566659
566660
566661
566662
566663
566664
566665
566666
566667
566668
566669
566670
566671
566672
566673
566674
566675
566676
566677
566678
566679
566680
566681
566682
566683
566684
566685
566686
566687
566688
566689
566690
566691
566692
566693
566694
566695
566696
566697
566698
566699
566700
566701
566702
566703
566704
566705
566706
566707
566708
566709
566710
566711
566712
566713
566714
566715
566716
566717
566718
566719
566720
566721
566722
566723
566724
566725
566726
566727
566728
566729
566730
566731
566732
566733
566734
566735
566736
566737
566738
566739
566740
566741
566742
566743
566744
566745
566746
566747
566748
566749
566750
566751
566752
566753
566754
566755
566756
566757
566758
566759
566760
566761
566762
566763
566764
566765
566766
566767
566768
566769
566770
566771
566772
566773
566774
566775
566776
566777
566778
566779
566780
566781
566782
566783
566784
566785
566786
566787
566788
566789
566790
566791
566792
566793
566794
566795
566796
566797
566798
566799
566800
566801
566802
566803
566804
566805
566806
566807
566808
566809
566810
566811
566812
566813
566814
566815
566816
566817
566818
566819
566820
566821
566822
566823
566824
566825
566826
566827
566828
566829
566830
566831
566832
566833
566834
566835
566836
566837
566838
566839
566840
566841
566842
566843
566844
566845
566846
566847
566848
566849
566850
566851
566852
566853
566854
566855
566856
566857
566858
566859
566860
566861
566862
566863
566864
566865
566866
566867
566868
566869
566870
566871
566872
566873
566874
566875
566876
566877
566878
566879
566880
566881
566882
566883
566884
566885
566886
566887
566888
566889
566890
566891
566892
566893
566894
566895
566896
566897
566898
566899
566900
566901
566902
566903
566904
566905
566906
566907
566908
566909
566910
566911
566912
566913
566914
566915
566916
566917
566918
566919
566920
566921
566922
566923
566924
566925
566926
566927
566928
566929
566930
566931
566932
566933
566934
566935
566936
566937
566938
566939
566940
566941
566942
566943
566944
566945
566946
566947
566948
566949
566950
566951
566952
566953
566954
566955
566956
566957
566958
566959
566960
566961
566962
566963
566964
566965
566966
566967
566968
566969
566970
566971
566972
566973
566974
566975
566976
566977
566978
566979
566980
566981
566982
566983
566984
566985
566986
566987
566988
566989
566990
566991
566992
566993
566994
566995
566996
566997
566998
566999
567000
567001
567002
567003
567004
567005
567006
567007
567008
567009
567010
567011
567012
567013
567014
567015
567016
567017
567018
567019
567020
567021
567022
567023
567024
567025
567026
567027
567028
567029
567030
567031
567032
567033
567034
567035
567036
567037
567038
567039
567040
567041
567042
567043
567044
567045
567046
567047
567048
567049
567050
567051
567052
567053
567054
567055
567056
567057
567058
567059
567060
567061
567062
567063
567064
567065
567066
567067
567068
567069
567070
567071
567072
567073
567074
567075
567076
567077
567078
567079
567080
567081
567082
567083
567084
567085
567086
567087
567088
567089
567090
567091
567092
567093
567094
567095
567096
567097
567098
567099
567100
567101
567102
567103
567104
567105
567106
567107
567108
567109
567110
567111
567112
567113
567114
567115
567116
567117
567118
567119
567120
567121
567122
567123
567124
567125
567126
567127
567128
567129
567130
567131
567132
567133
567134
567135
567136
567137
567138
567139
567140
567141
567142
567143
567144
567145
567146
567147
567148
567149
567150
567151
567152
567153
567154
567155
567156
567157
567158
567159
567160
567161
567162
567163
567164
567165
567166
567167
567168
567169
567170
567171
567172
567173
567174
567175
567176
567177
567178
567179
567180
567181
567182
567183
567184
567185
567186
567187
567188
567189
567190
567191
567192
567193
567194
567195
567196
567197
567198
567199
567200
567201
567202
567203
567204
567205
567206
567207
567208
567209
567210
567211
567212
567213
567214
567215
567216
567217
567218
567219
567220
567221
567222
567223
567224
567225
567226
567227
567228
567229
567230
567231
567232
567233
567234
567235
567236
567237
567238
567239
567240
567241
567242
567243
567244
567245
567246
567247
567248
567249
567250
567251
567252
567253
567254
567255
567256
567257
567258
567259
567260
567261
567262
567263
567264
567265
567266
567267
567268
567269
567270
567271
567272
567273
567274
567275
567276
567277
567278
567279
567280
567281
567282
567283
567284
567285
567286
567287
567288
567289
567290
567291
567292
567293
567294
567295
567296
567297
567298
567299
567300
567301
567302
567303
567304
567305
567306
567307
567308
567309
567310
567311
567312
567313
567314
567315
567316
567317
567318
567319
567320
567321
567322
567323
567324
567325
567326
567327
567328
567329
567330
567331
567332
567333
567334
567335
567336
567337
567338
567339
567340
567341
567342
567343
567344
567345
567346
567347
567348
567349
567350
567351
567352
567353
567354
567355
567356
567357
567358
567359
567360
567361
567362
567363
567364
567365
567366
567367
567368
567369
567370
567371
567372
567373
567374
567375
567376
567377
567378
567379
567380
567381
567382
567383
567384
567385
567386
567387
567388
567389
567390
567391
567392
567393
567394
567395
567396
567397
567398
567399
567400
567401
567402
567403
567404
567405
567406
567407
567408
567409
567410
567411
567412
567413
567414
567415
567416
567417
567418
567419
567420
567421
567422
567423
567424
567425
567426
567427
567428
567429
567430
567431
567432
567433
567434
567435
567436
567437
567438
567439
567440
567441
567442
567443
567444
567445
567446
567447
567448
567449
567450
567451
567452
567453
567454
567455
567456
567457
567458
567459
567460
567461
567462
567463
567464
567465
567466
567467
567468
567469
567470
567471
567472
567473
567474
567475
567476
567477
567478
567479
567480
567481
567482
567483
567484
567485
567486
567487
567488
567489
567490
567491
567492
567493
567494
567495
567496
567497
567498
567499
567500
567501
567502
567503
567504
567505
567506
567507
567508
567509
567510
567511
567512
567513
567514
567515
567516
567517
567518
567519
567520
567521
567522
567523
567524
567525
567526
567527
567528
567529
567530
567531
567532
567533
567534
567535
567536
567537
567538
567539
567540
567541
567542
567543
567544
567545
567546
567547
567548
567549
567550
567551
567552
567553
567554
567555
567556
567557
567558
567559
567560
567561
567562
567563
567564
567565
567566
567567
567568
567569
567570
567571
567572
567573
567574
567575
567576
567577
567578
567579
567580
567581
567582
567583
567584
567585
567586
567587
567588
567589
567590
567591
567592
567593
567594
567595
567596
567597
567598
567599
567600
567601
567602
567603
567604
567605
567606
567607
567608
567609
567610
567611
567612
567613
567614
567615
567616
567617
567618
567619
567620
567621
567622
567623
567624
567625
567626
567627
567628
567629
567630
567631
567632
567633
567634
567635
567636
567637
567638
567639
567640
567641
567642
567643
567644
567645
567646
567647
567648
567649
567650
567651
567652
567653
567654
567655
567656
567657
567658
567659
567660
567661
567662
567663
567664
567665
567666
567667
567668
567669
567670
567671
567672
567673
567674
567675
567676
567677
567678
567679
567680
567681
567682
567683
567684
567685
567686
567687
567688
567689
567690
567691
567692
567693
567694
567695
567696
567697
567698
567699
567700
567701
567702
567703
567704
567705
567706
567707
567708
567709
567710
567711
567712
567713
567714
567715
567716
567717
567718
567719
567720
567721
567722
567723
567724
567725
567726
567727
567728
567729
567730
567731
567732
567733
567734
567735
567736
567737
567738
567739
567740
567741
567742
567743
567744
567745
567746
567747
567748
567749
567750
567751
567752
567753
567754
567755
567756
567757
567758
567759
567760
567761
567762
567763
567764
567765
567766
567767
567768
567769
567770
567771
567772
567773
567774
567775
567776
567777
567778
567779
567780
567781
567782
567783
567784
567785
567786
567787
567788
567789
567790
567791
567792
567793
567794
567795
567796
567797
567798
567799
567800
567801
567802
567803
567804
567805
567806
567807
567808
567809
567810
567811
567812
567813
567814
567815
567816
567817
567818
567819
567820
567821
567822
567823
567824
567825
567826
567827
567828
567829
567830
567831
567832
567833
567834
567835
567836
567837
567838
567839
567840
567841
567842
567843
567844
567845
567846
567847
567848
567849
567850
567851
567852
567853
567854
567855
567856
567857
567858
567859
567860
567861
567862
567863
567864
567865
567866
567867
567868
567869
567870
567871
567872
567873
567874
567875
567876
567877
567878
567879
567880
567881
567882
567883
567884
567885
567886
567887
567888
567889
567890
567891
567892
567893
567894
567895
567896
567897
567898
567899
567900
567901
567902
567903
567904
567905
567906
567907
567908
567909
567910
567911
567912
567913
567914
567915
567916
567917
567918
567919
567920
567921
567922
567923
567924
567925
567926
567927
567928
567929
567930
567931
567932
567933
567934
567935
567936
567937
567938
567939
567940
567941
567942
567943
567944
567945
567946
567947
567948
567949
567950
567951
567952
567953
567954
567955
567956
567957
567958
567959
567960
567961
567962
567963
567964
567965
567966
567967
567968
567969
567970
567971
567972
567973
567974
567975
567976
567977
567978
567979
567980
567981
567982
567983
567984
567985
567986
567987
567988
567989
567990
567991
567992
567993
567994
567995
567996
567997
567998
567999
568000
568001
568002
568003
568004
568005
568006
568007
568008
568009
568010
568011
568012
568013
568014
568015
568016
568017
568018
568019
568020
568021
568022
568023
568024
568025
568026
568027
568028
568029
568030
568031
568032
568033
568034
568035
568036
568037
568038
568039
568040
568041
568042
568043
568044
568045
568046
568047
568048
568049
568050
568051
568052
568053
568054
568055
568056
568057
568058
568059
568060
568061
568062
568063
568064
568065
568066
568067
568068
568069
568070
568071
568072
568073
568074
568075
568076
568077
568078
568079
568080
568081
568082
568083
568084
568085
568086
568087
568088
568089
568090
568091
568092
568093
568094
568095
568096
568097
568098
568099
568100
568101
568102
568103
568104
568105
568106
568107
568108
568109
568110
568111
568112
568113
568114
568115
568116
568117
568118
568119
568120
568121
568122
568123
568124
568125
568126
568127
568128
568129
568130
568131
568132
568133
568134
568135
568136
568137
568138
568139
568140
568141
568142
568143
568144
568145
568146
568147
568148
568149
568150
568151
568152
568153
568154
568155
568156
568157
568158
568159
568160
568161
568162
568163
568164
568165
568166
568167
568168
568169
568170
568171
568172
568173
568174
568175
568176
568177
568178
568179
568180
568181
568182
568183
568184
568185
568186
568187
568188
568189
568190
568191
568192
568193
568194
568195
568196
568197
568198
568199
568200
568201
568202
568203
568204
568205
568206
568207
568208
568209
568210
568211
568212
568213
568214
568215
568216
568217
568218
568219
568220
568221
568222
568223
568224
568225
568226
568227
568228
568229
568230
568231
568232
568233
568234
568235
568236
568237
568238
568239
568240
568241
568242
568243
568244
568245
568246
568247
568248
568249
568250
568251
568252
568253
568254
568255
568256
568257
568258
568259
568260
568261
568262
568263
568264
568265
568266
568267
568268
568269
568270
568271
568272
568273
568274
568275
568276
568277
568278
568279
568280
568281
568282
568283
568284
568285
568286
568287
568288
