403044
403045
403046
403047
403048
403049
403050
403051
403052
403053
403054
403055
403056
403057
403058
403059
403060
403061
403062
403063
403064
403065
403066
403067
403068
403069
403070
403071
403072
403073
403074
403075
403076
403077
403078
403079
403080
403081
403082
403083
403084
403085
403086
403087
403088
403089
403090
403091
403092
403093
403094
403095
403096
403097
403098
403099
403100
403101
403102
403103
403104
403105
403106
403107
403108
403109
403110
403111
403112
403113
403114
403115
403116
403117
403118
403119
403120
403121
403122
403123
403124
403125
403126
403127
403128
403129
403130
403131
403132
403133
403134
403135
403136
403137
403138
403139
403140
403141
403142
403143
403144
403145
403146
403147
403148
403149
403150
403151
403152
403153
403154
403155
403156
403157
403158
403159
403160
403161
403162
403163
403164
403165
403166
403167
403168
403169
403170
403171
403172
403173
403174
403175
403176
403177
403178
403179
403180
403181
403182
403183
403184
403185
403186
403187
403188
403189
403190
403191
403192
403193
403194
403195
403196
403197
403198
403199
403200
403201
403202
403203
403204
403205
403206
403207
403208
403209
403210
403211
403212
403213
403214
403215
403216
403217
403218
403219
403220
403221
403222
403223
403224
403225
403226
403227
403228
403229
403230
403231
403232
403233
403234
403235
403236
403237
403238
403239
403240
403241
403242
403243
403244
403245
403246
403247
403248
403249
403250
403251
403252
403253
403254
403255
403256
403257
403258
403259
403260
403261
403262
403263
403264
403265
403266
403267
403268
403269
403270
403271
403272
403273
403274
403275
403276
403277
403278
403279
403280
403281
403282
403283
403284
403285
403286
403287
403288
403289
403290
403291
403292
403293
403294
403295
403296
403297
403298
403299
403300
403301
403302
403303
403304
403305
403306
403307
403308
403309
403310
403311
403312
403313
403314
403315
403316
403317
403318
403319
403320
403321
403322
403323
403324
403325
403326
403327
403328
403329
403330
403331
403332
403333
403334
403335
403336
403337
403338
403339
403340
403341
403342
403343
403344
403345
403346
403347
403348
403349
403350
403351
403352
403353
403354
403355
403356
403357
403358
403359
403360
403361
403362
403363
403364
403365
403366
403367
403368
403369
403370
403371
403372
403373
403374
403375
403376
403377
403378
403379
403380
403381
403382
403383
403384
403385
403386
403387
403388
403389
403390
403391
403392
403393
403394
403395
403396
403397
403398
403399
403400
403401
403402
403403
403404
403405
403406
403407
403408
403409
403410
403411
403412
403413
403414
403415
403416
403417
403418
403419
403420
403421
403422
403423
403424
403425
403426
403427
403428
403429
403430
403431
403432
403433
403434
403435
403436
403437
403438
403439
403440
403441
403442
403443
403444
403445
403446
403447
403448
403449
403450
403451
403452
403453
403454
403455
403456
403457
403458
403459
403460
403461
403462
403463
403464
403465
403466
403467
403468
403469
403470
403471
403472
403473
403474
403475
403476
403477
403478
403479
403480
403481
403482
403483
403484
403485
403486
403487
403488
403489
403490
403491
403492
403493
403494
403495
403496
403497
403498
403499
403500
403501
403502
403503
403504
403505
403506
403507
403508
403509
403510
403511
403512
403513
403514
403515
403516
403517
403518
403519
403520
403521
403522
403523
403524
403525
403526
403527
403528
403529
403530
403531
403532
403533
403534
403535
403536
403537
403538
403539
403540
403541
403542
403543
403544
403545
403546
403547
403548
403549
403550
403551
403552
403553
403554
403555
403556
403557
403558
403559
403560
403561
403562
403563
403564
403565
403566
403567
403568
403569
403570
403571
403572
403573
403574
403575
403576
403577
403578
403579
403580
403581
403582
403583
403584
403585
403586
403587
403588
403589
403590
403591
403592
403593
403594
403595
403596
403597
403598
403599
403600
403601
403602
403603
403604
403605
403606
403607
403608
403609
403610
403611
403612
403613
403614
403615
403616
403617
403618
403619
403620
403621
403622
403623
403624
403625
403626
403627
403628
403629
403630
403631
403632
403633
403634
403635
403636
403637
403638
403639
403640
403641
403642
403643
403644
403645
403646
403647
403648
403649
403650
403651
403652
403653
403654
403655
403656
403657
403658
403659
403660
403661
403662
403663
403664
403665
403666
403667
403668
403669
403670
403671
403672
403673
403674
403675
403676
403677
403678
403679
403680
403681
403682
403683
403684
403685
403686
403687
403688
403689
403690
403691
403692
403693
403694
403695
403696
403697
403698
403699
403700
403701
403702
403703
403704
403705
403706
403707
403708
403709
403710
403711
403712
403713
403714
403715
403716
403717
403718
403719
403720
403721
403722
403723
403724
403725
403726
403727
403728
403729
403730
403731
403732
403733
403734
403735
403736
403737
403738
403739
403740
403741
403742
403743
403744
403745
403746
403747
403748
403749
403750
403751
403752
403753
403754
403755
403756
403757
403758
403759
403760
403761
403762
403763
403764
403765
403766
403767
403768
403769
403770
403771
403772
403773
403774
403775
403776
403777
403778
403779
403780
403781
403782
403783
403784
403785
403786
403787
403788
403789
403790
403791
403792
403793
403794
403795
403796
403797
403798
403799
403800
403801
403802
403803
403804
403805
403806
403807
403808
403809
403810
403811
403812
403813
403814
403815
403816
403817
403818
403819
403820
403821
403822
403823
403824
403825
403826
403827
403828
403829
403830
403831
403832
403833
403834
403835
403836
403837
403838
403839
403840
403841
403842
403843
403844
403845
403846
403847
403848
403849
403850
403851
403852
403853
403854
403855
403856
403857
403858
403859
403860
403861
403862
403863
403864
403865
403866
403867
403868
403869
403870
403871
403872
403873
403874
403875
403876
403877
403878
403879
403880
403881
403882
403883
403884
403885
403886
403887
403888
403889
403890
403891
403892
403893
403894
403895
403896
403897
403898
403899
403900
403901
403902
403903
403904
403905
403906
403907
403908
403909
403910
403911
403912
403913
403914
403915
403916
403917
403918
403919
403920
403921
403922
403923
403924
403925
403926
403927
403928
403929
403930
403931
403932
403933
403934
403935
403936
403937
403938
403939
403940
403941
403942
403943
403944
403945
403946
403947
403948
403949
403950
403951
403952
403953
403954
403955
403956
403957
403958
403959
403960
403961
403962
403963
403964
403965
403966
403967
403968
403969
403970
403971
403972
403973
403974
403975
403976
403977
403978
403979
403980
403981
403982
403983
403984
403985
403986
403987
403988
403989
403990
403991
403992
403993
403994
403995
403996
403997
403998
403999
404000
404001
404002
404003
404004
404005
404006
404007
404008
404009
404010
404011
404012
404013
404014
404015
404016
404017
404018
404019
404020
404021
404022
404023
404024
404025
404026
404027
404028
404029
404030
404031
404032
404033
404034
404035
404036
404037
404038
404039
404040
404041
404042
404043
404044
404045
404046
404047
404048
404049
404050
404051
404052
404053
404054
404055
404056
404057
404058
404059
404060
404061
404062
404063
404064
404065
404066
404067
404068
404069
404070
404071
404072
404073
404074
404075
404076
404077
404078
404079
404080
404081
404082
404083
404084
404085
404086
404087
404088
404089
404090
404091
404092
404093
404094
404095
404096
404097
404098
404099
404100
404101
404102
404103
404104
404105
404106
404107
404108
404109
404110
404111
404112
404113
404114
404115
404116
404117
404118
404119
404120
404121
404122
404123
404124
404125
404126
404127
404128
404129
404130
404131
404132
404133
404134
404135
404136
404137
404138
404139
404140
404141
404142
404143
404144
404145
404146
404147
404148
404149
404150
404151
404152
404153
404154
404155
404156
404157
404158
404159
404160
404161
404162
404163
404164
404165
404166
404167
404168
404169
404170
404171
404172
404173
404174
404175
404176
404177
404178
404179
404180
404181
404182
404183
404184
404185
404186
404187
404188
404189
404190
404191
404192
404193
404194
404195
404196
404197
404198
404199
404200
404201
404202
404203
404204
404205
404206
404207
404208
404209
404210
404211
404212
404213
404214
404215
404216
404217
404218
404219
404220
404221
404222
404223
404224
404225
404226
404227
404228
404229
404230
404231
404232
404233
404234
404235
404236
404237
404238
404239
404240
404241
404242
404243
404244
404245
404246
404247
404248
404249
404250
404251
404252
404253
404254
404255
404256
404257
404258
404259
404260
404261
404262
404263
404264
404265
404266
404267
404268
404269
404270
404271
404272
404273
404274
404275
404276
404277
404278
404279
404280
404281
404282
404283
404284
404285
404286
404287
404288
404289
404290
404291
404292
404293
404294
404295
404296
404297
404298
404299
404300
404301
404302
404303
404304
404305
404306
404307
404308
404309
404310
404311
404312
404313
404314
404315
404316
404317
404318
404319
404320
404321
404322
404323
404324
404325
404326
404327
404328
404329
404330
404331
404332
404333
404334
404335
404336
404337
404338
404339
404340
404341
404342
404343
404344
404345
404346
404347
404348
404349
404350
404351
404352
404353
404354
404355
404356
404357
404358
404359
404360
404361
404362
404363
404364
404365
404366
404367
404368
404369
404370
404371
404372
404373
404374
404375
404376
404377
404378
404379
404380
404381
404382
404383
404384
404385
404386
404387
404388
404389
404390
404391
404392
404393
404394
404395
404396
404397
404398
404399
404400
404401
404402
404403
404404
404405
404406
404407
404408
404409
404410
404411
404412
404413
404414
404415
404416
404417
404418
404419
404420
404421
404422
404423
404424
404425
404426
404427
404428
404429
404430
404431
404432
404433
404434
404435
404436
404437
404438
404439
404440
404441
404442
404443
404444
404445
404446
404447
404448
404449
404450
404451
404452
404453
404454
404455
404456
404457
404458
404459
404460
404461
404462
404463
404464
404465
404466
404467
404468
404469
404470
404471
404472
404473
404474
404475
404476
404477
404478
404479
404480
404481
404482
404483
404484
404485
404486
404487
404488
404489
404490
404491
404492
404493
404494
404495
404496
404497
404498
404499
404500
404501
404502
404503
404504
404505
404506
404507
404508
404509
404510
404511
404512
404513
404514
404515
404516
404517
404518
404519
404520
404521
404522
404523
404524
404525
404526
404527
404528
404529
404530
404531
404532
404533
404534
404535
404536
404537
404538
404539
404540
404541
404542
404543
404544
404545
404546
404547
404548
404549
404550
404551
404552
404553
404554
404555
404556
404557
404558
404559
404560
404561
404562
404563
404564
404565
404566
404567
404568
404569
404570
404571
404572
404573
404574
404575
404576
404577
404578
404579
404580
404581
404582
404583
404584
404585
404586
404587
404588
404589
404590
404591
404592
404593
404594
404595
404596
404597
404598
404599
404600
404601
404602
404603
404604
404605
404606
404607
404608
404609
404610
404611
404612
404613
404614
404615
404616
404617
404618
404619
404620
404621
404622
404623
404624
404625
404626
404627
404628
404629
404630
404631
404632
404633
404634
404635
404636
404637
404638
404639
404640
404641
404642
404643
404644
404645
404646
404647
404648
404649
404650
404651
404652
404653
404654
404655
404656
404657
404658
404659
404660
404661
404662
404663
404664
404665
404666
404667
404668
404669
404670
404671
404672
404673
404674
404675
404676
404677
404678
404679
404680
404681
404682
404683
404684
404685
404686
404687
404688
404689
404690
404691
404692
404693
404694
404695
404696
404697
404698
404699
404700
404701
404702
404703
404704
404705
404706
404707
404708
404709
404710
404711
404712
404713
404714
404715
404716
404717
404718
404719
404720
404721
404722
404723
404724
404725
404726
404727
404728
404729
404730
404731
404732
404733
404734
404735
404736
404737
404738
404739
404740
404741
404742
404743
404744
404745
404746
404747
404748
404749
404750
404751
404752
404753
404754
404755
404756
404757
404758
404759
404760
404761
404762
404763
404764
404765
404766
404767
404768
404769
404770
404771
404772
404773
404774
404775
404776
404777
404778
404779
404780
404781
404782
404783
404784
404785
404786
404787
404788
404789
404790
404791
404792
404793
404794
404795
404796
404797
404798
404799
404800
404801
404802
404803
404804
404805
404806
404807
404808
404809
404810
404811
404812
404813
404814
404815
404816
404817
404818
404819
404820
404821
404822
404823
404824
404825
404826
404827
404828
404829
404830
404831
404832
404833
404834
404835
404836
404837
404838
404839
404840
404841
404842
404843
404844
404845
404846
404847
404848
404849
404850
404851
404852
404853
404854
404855
404856
404857
404858
404859
404860
404861
404862
404863
404864
404865
404866
404867
404868
404869
404870
404871
404872
404873
404874
404875
404876
404877
404878
404879
404880
404881
404882
404883
404884
404885
404886
404887
404888
404889
404890
404891
404892
404893
404894
404895
404896
404897
404898
404899
404900
404901
404902
404903
404904
404905
404906
404907
404908
404909
404910
404911
404912
404913
404914
404915
404916
404917
404918
404919
404920
404921
404922
404923
404924
404925
404926
404927
404928
404929
404930
404931
404932
404933
404934
404935
404936
404937
404938
404939
404940
404941
404942
404943
404944
404945
404946
404947
404948
404949
404950
404951
404952
404953
404954
404955
404956
404957
404958
404959
404960
404961
404962
404963
404964
404965
404966
404967
404968
404969
404970
404971
404972
404973
404974
404975
404976
404977
404978
404979
404980
404981
404982
404983
404984
404985
404986
404987
404988
404989
404990
404991
404992
404993
404994
404995
404996
404997
404999
405000
405001
405002
405003
405004
405005
405006
405007
405008
405009
405010
405011
405012
405013
405014
405015
405016
405017
405018
405019
405020
405021
405022
405023
405024
405025
405026
405027
405028
405029
405030
405031
405032
405033
405034
405035
405036
405037
405038
405039
405040
405041
405042
405043
405044
405045
405046
405047
405048
405049
405050
405051
405052
405053
405054
405055
405056
405057
405058
405059
405060
405061
405062
405063
405064
405065
405066
405067
405068
405069
405070
405071
405072
405073
405074
405075
405076
405077
405078
405079
405080
405081
405082
405083
405084
405085
405086
405087
405088
405089
405090
405091
405092
405093
405094
405095
405096
405097
405098
405099
405100
405101
405102
405103
405104
405105
405106
405107
405108
405109
405110
405111
405112
405113
405114
405115
405116
405117
405118
405119
405120
405121
405122
405123
405124
405125
405126
405127
405128
405129
405130
405131
405132
405133
405134
405135
405136
405137
405138
405139
405140
405141
405142
405143
405144
405145
405146
405147
405148
405149
405150
405151
405152
405153
405154
405155
405156
405157
405158
405159
405160
405161
405162
405163
405164
405165
405166
405167
405168
405169
405170
405171
405172
405173
405174
405175
405176
405177
405178
405179
405180
405181
405182
405183
405184
405185
405186
405187
405188
405189
405190
405191
405192
405193
405194
405195
405196
405197
405198
405199
405200
405201
405202
405203
405204
405205
405206
405207
405208
405209
405210
405211
405212
405213
405214
405215
405216
405217
405218
405219
405220
405221
405222
405223
405224
405225
405226
405227
405228
405229
405230
405231
405232
405233
405234
405235
405236
405237
405238
405239
405240
405241
405242
405243
405244
405245
405246
405247
405248
405249
405250
405251
405252
405253
405254
405255
405256
405257
405258
405259
405260
405261
405262
405263
405264
405265
405266
405267
405268
405269
405270
405271
405272
405273
405274
405275
405276
405277
405278
405279
405280
405281
405282
405283
405284
405285
405286
405287
405288
405289
405290
405291
405292
405293
405294
405295
405296
405297
405298
405299
405300
405301
405302
405303
405304
405305
405306
405307
405308
405309
405310
405311
405312
405313
405314
405315
405316
405317
405318
405319
405320
405321
405322
405323
405324
405325
405326
405327
405328
405329
405330
405331
405332
405333
405334
405335
405336
405337
405338
405339
405340
405341
405342
405343
405344
405345
405346
405347
405348
405349
405350
405351
405352
405353
405354
405355
405356
405357
405358
405359
405360
405361
405362
405363
405364
405365
405366
405367
405368
405369
405370
405371
405372
405373
405374
405375
405376
405377
405378
405379
405380
405381
405382
405383
405384
405385
405386
405387
405388
405389
405390
405391
405392
405393
405394
405395
405396
405397
405398
405399
405400
405401
405402
405403
405404
405405
405406
405407
405408
405409
405410
405411
405412
405413
405414
405415
405416
405417
405418
405419
405420
405421
405422
405423
405424
405425
405426
405427
405428
405429
405430
405431
405432
405433
405434
405435
405436
405437
405438
405439
405440
405441
405442
405443
405444
405445
405446
405447
405448
405449
405450
405451
405452
405453
405454
405455
405456
405457
405458
405459
405460
405461
405462
405463
405464
405465
405466
405467
405468
405469
405470
405471
405472
405473
405474
405475
405476
405477
405478
405479
405480
405481
405482
405483
405484
405485
405486
405487
405488
405489
405490
405491
405492
405493
405494
405495
405496
405497
405498
405499
405500
405501
405502
405503
405504
405505
405506
405507
405508
405509
405510
405511
405512
405513
405514
405515
405516
405517
405518
405519
405520
405521
405522
405523
405524
405525
405526
405527
405528
405529
405530
405531
405532
405533
405534
405535
405536
405537
405538
405539
405540
405541
405542
405543
405544
405545
405546
405547
405548
405549
405550
405551
405552
405553
405554
405555
405556
405557
405558
405559
405560
405561
405562
405563
405564
405565
405566
405567
405568
405569
405570
405571
405572
405573
405574
405575
405576
405577
405578
405579
405580
405581
405582
405583
405584
405585
405586
405587
405588
405589
405590
405591
405592
405593
405594
405595
405596
405597
405598
405599
405600
405601
405602
405603
405604
405605
405606
405607
405608
405609
405610
405611
405612
405613
405614
405615
405616
405617
405618
405619
405620
405621
405622
405623
405624
405625
405626
405627
405628
405629
405630
405631
405632
405633
405634
405635
405636
405637
405638
405639
405640
405641
405642
405643
405644
405645
405646
405647
405648
405649
405650
405651
405652
405653
405654
405655
405656
405657
405658
405659
405660
405661
405662
405663
405664
405665
405666
405667
405668
405669
405670
405671
405672
405673
405674
405675
405676
405677
405678
405679
405680
405681
405682
405683
405684
405685
405686
405687
405688
405689
405690
405691
405692
405693
405694
405695
405696
405697
405698
405699
405700
405701
405702
405703
405704
405705
405706
405707
405708
405709
405710
405711
405712
405713
405714
405715
405716
405717
405718
405719
405720
405721
405722
405723
405724
405725
405726
405727
405728
405729
405730
405731
405732
405733
405734
405735
405736
405737
405738
405739
405740
405741
405742
405743
405744
405745
405746
405747
405748
405749
405750
405751
405752
405753
405754
405755
405756
405757
405758
405759
405760
405761
405762
405763
405764
405765
405766
405767
405768
405769
405770
405771
405772
405773
405774
405775
405776
405777
405778
405779
405780
405781
405782
405783
405784
405785
405786
405787
405788
405789
405790
405791
405792
405793
405794
405795
405796
405797
405798
405799
405800
405801
405802
405803
405804
405805
405806
405807
405808
405809
405810
405811
405812
405813
405814
405815
405816
405817
405818
405819
405820
405821
405822
405823
405824
405825
405826
405827
405828
405829
405830
405831
405832
405833
405834
405835
405836
405837
405838
405839
405840
405841
405842
405843
405844
405845
405846
405847
405848
405849
405850
405851
405852
405853
405854
405855
405856
405857
405858
405859
405860
405861
405862
405863
405864
405865
405866
405867
405868
405869
405870
405871
405872
405873
405874
405875
405876
405877
405878
405879
405880
405881
405882
405883
405884
405885
405886
405887
405888
405889
405890
405891
405892
405893
405894
405895
405896
405897
405898
405899
405900
405901
405902
405903
405904
405905
405906
405907
405908
405909
405910
405911
405912
405913
405914
405915
405916
405917
405918
405919
405920
405921
405922
405923
405924
405925
405926
405927
405928
405929
405930
405931
405932
405933
405934
405935
405936
405937
405938
405939
405940
405941
405942
405943
405944
405945
405946
405947
405948
405949
405950
405951
405952
405953
405954
405955
405956
405957
405958
405959
405960
405961
405962
405963
405964
405965
405966
405967
405968
405969
405970
405971
405972
405973
405974
405975
405976
405977
405978
405979
405980
405981
405982
405983
405984
405985
405986
405987
405988
405989
405990
405991
405992
405993
405994
405995
405996
405997
405998
405999
406000
406001
406002
406003
406004
406005
406006
406007
406008
406009
406010
406011
406012
406013
406014
406015
406016
406017
406018
406019
406020
406021
406022
406023
406024
406025
406026
406027
406028
406029
406030
406031
406032
406033
406034
406035
406036
406037
406038
406039
406040
406041
406042
406043
406044
406045
406046
406047
406048
406049
406050
406051
406052
406053
406054
406055
406056
406057
406058
406059
406060
406061
406062
406063
406064
406065
406066
406067
406068
406069
406070
406071
406072
406073
406074
406075
406076
406077
406078
406079
406080
406081
406082
406083
406084
406085
406086
406087
406088
406089
406090
406091
406092
406093
406094
406095
406096
406097
406098
406099
406100
406101
406102
406103
406104
406105
406106
406107
406108
406109
406110
406111
406112
406113
406114
406115
406116
406117
406118
406119
406120
406121
406122
406123
406124
406125
406126
406128
406129
406130
406131
406132
406133
406134
406135
406136
406137
406138
406139
406140
406141
406142
406143
406144
406145
406146
406147
406148
406149
406150
406151
406152
406153
406154
406155
406156
406157
406158
406159
406160
406161
406162
406163
406164
406165
406166
406167
406168
406169
406170
406171
406172
406173
406174
406175
406176
406177
406178
406179
406180
406181
406182
406183
