512038
512039
512040
512041
512042
512043
512044
512045
512046
512047
512048
512049
512050
512051
512052
512053
512054
512055
512056
512057
512058
512059
512060
512061
512062
512063
512064
512065
512066
512067
512068
512069
512070
512071
512072
512073
512074
512075
512076
512077
512078
512079
512080
512081
512082
512083
512084
512085
512086
512087
512088
512089
512090
512091
512092
512093
512094
512095
512096
512097
512098
512099
512100
512101
512102
512103
512104
512105
512106
512107
512108
512109
512110
512111
512112
512113
512114
512115
512116
512117
512118
512119
512120
512121
512122
512123
512124
512125
512126
512127
512128
512129
512130
512131
512132
512133
512134
512135
512136
512137
512138
512139
512140
512141
512142
512143
512144
512145
512146
512147
512148
512149
512150
512151
512152
512153
512154
512155
512156
512157
512158
512159
512160
512161
512162
512163
512164
512165
512166
512167
512168
512169
512170
512171
512172
512173
512174
512175
512176
512177
512178
512179
512180
512181
512182
512183
512184
512185
512186
512187
512188
512189
512190
512191
512192
512193
512194
512195
512196
512197
512198
512199
512200
512201
512202
512203
512204
512205
512206
512207
512208
512209
512210
512211
512212
512213
512214
512215
512216
512217
512218
512219
512220
512221
512222
512223
512224
512225
512226
512227
512228
512229
512230
512231
512232
512233
512234
512235
512236
512237
512238
512239
512240
512241
512242
512243
512244
512245
512246
512247
512248
512249
512250
512251
512252
512253
512254
512255
512256
512257
512258
512259
512260
512261
512262
512263
512264
512265
512266
512267
512268
512269
512270
512271
512272
512273
512274
512275
512276
512277
512278
512279
512280
512281
512282
512283
512284
512285
512286
512287
512288
512289
512290
512291
512292
512293
512294
512295
512296
512297
512298
512299
512300
512301
512302
512303
512304
512305
512306
512307
512308
512309
512310
512311
512312
512313
512314
512315
512316
512317
512318
512319
512320
512321
512322
512323
512324
512325
512326
512327
512328
512329
512330
512331
512332
512333
512334
512335
512336
512337
512338
512339
512340
512341
512342
512343
512344
512345
512346
512347
512348
512349
512350
512351
512352
512353
512354
512355
512356
512357
512358
512359
512360
512361
512362
512363
512364
512365
512366
512367
512368
512369
512370
512371
512372
512373
512374
512375
512376
512377
512378
512379
512380
512381
512382
512383
512384
512385
512386
512387
512388
512389
512390
512391
512392
512393
512394
512395
512396
512397
512398
512399
512400
512401
512402
512403
512404
512405
512406
512407
512408
512409
512410
512411
512412
512413
512414
512415
512416
512417
512418
512419
512420
512421
512422
512423
512424
512425
512426
512427
512428
512429
512430
512431
512432
512433
512434
512435
512436
512437
512438
512439
512440
512441
512442
512443
512444
512445
512446
512447
512448
512449
512450
512451
512452
512453
512454
512455
512456
512457
512458
512459
512460
512461
512462
512463
512464
512465
512466
512467
512468
512469
512470
512471
512472
512473
512474
512475
512476
512477
512478
512479
512480
512481
512482
512483
512484
512485
512486
512487
512488
512489
512490
512491
512492
512493
512494
512495
512496
512497
512498
512499
512500
512501
512502
512503
512504
512505
512506
512507
512508
512509
512510
512511
512512
512513
512514
512515
512516
512517
512518
512519
512520
512521
512522
512523
512524
512525
512526
512527
512528
512529
512530
512531
512532
512533
512534
512535
512536
512537
512538
512539
512540
512541
512542
512543
512544
512545
512546
512547
512548
512549
512550
512551
512552
512553
512554
512555
512556
512557
512558
512559
512560
512561
512562
512563
512564
512565
512566
512567
512568
512569
512570
512571
512572
512573
512574
512575
512576
512577
512578
512579
512580
512581
512582
512583
512584
512585
512586
512587
512588
512589
512590
512591
512592
512593
512594
512595
512596
512597
512598
512599
512600
512601
512602
512603
512604
512605
512606
512607
512608
512609
512610
512611
512612
512613
512614
512615
512616
512617
512618
512619
512620
512621
512622
512623
512624
512625
512626
512627
512628
512629
512630
512631
512632
512633
512634
512635
512636
512637
512638
512639
512640
512641
512642
512643
512644
512645
512646
512647
512648
512649
512650
512651
512652
512653
512654
512655
512656
512657
512658
512659
512660
512661
512662
512663
512664
512665
512666
512667
512668
512669
512670
512671
512672
512673
512674
512675
512676
512677
512678
512679
512680
512681
512682
512683
512684
512685
512686
512687
512688
512689
512690
512691
512692
512693
512694
512695
512696
512697
512698
512699
512700
512701
512702
512703
512704
512705
512706
512707
512708
512709
512710
512711
512712
512713
512714
512715
512716
512717
512718
512719
512720
512721
512722
512723
512724
512725
512726
512727
512728
512729
512730
512731
512732
512733
512734
512735
512736
512737
512738
512739
512740
512741
512742
512743
512744
512745
512746
512747
512748
512749
512750
512751
512752
512753
512754
512755
512756
512757
512758
512759
512760
512761
512762
512763
512764
512765
512766
512767
512768
512769
512770
512771
512772
512773
512774
512775
512776
512777
512778
512779
512780
512781
512782
512783
512784
512785
512786
512787
512788
512789
512790
512791
512792
512793
512794
512795
512796
512797
512798
512799
512800
512801
512802
512803
512804
512805
512806
512807
512808
512809
512810
512811
512812
512813
512814
512815
512816
512817
512818
512819
512820
512821
512822
512823
512824
512825
512826
512827
512828
512829
512830
512831
512832
512833
512834
512835
512836
512837
512838
512839
512840
512841
512842
512843
512844
512845
512846
512847
512848
512849
512850
512851
512852
512853
512854
512855
512856
512857
512858
512859
512860
512861
512862
512863
512864
512865
512866
512867
512868
512869
512870
512871
512872
512873
512874
512875
512876
512877
512878
512879
512880
512881
512882
512883
512884
512885
512886
512887
512888
512889
512890
512891
512892
512893
512894
512895
512896
512897
512898
512899
512900
512901
512902
512903
512904
512905
512906
512907
512908
512909
512910
512911
512912
512913
512914
512915
512916
512917
512918
512919
512920
512921
512922
512923
512924
512925
512926
512927
512928
512929
512930
512931
512932
512933
512934
512935
512936
512937
512938
512939
512940
512941
512942
512943
512944
512945
512946
512947
512948
512949
512950
512951
512952
512953
512954
512955
512956
512957
512958
512959
512960
512961
512962
512963
512964
512965
512966
512967
512968
512969
512970
512971
512972
512973
512974
512975
512976
512977
512978
512979
512980
512981
512982
512983
512984
512985
512986
512987
512988
512989
512990
512991
512992
512993
512994
512995
512996
512997
512998
512999
513000
513001
513002
513003
513004
513005
513006
513007
513008
513009
513010
513011
513012
513013
513014
513015
513016
513017
513018
513019
513020
513021
513022
513023
513024
513025
513026
513027
513028
513029
513030
513031
513032
513033
513034
513035
513036
513037
513038
513039
513040
513041
513042
513043
513044
513045
513046
513047
513048
513049
513050
513051
513052
513053
513054
513055
513056
513057
513058
513059
513060
513061
513062
513063
513064
513065
513066
513067
513068
513069
513070
513071
513072
513073
513074
513075
513076
513077
513078
513079
513080
513081
513082
513083
513084
513085
513086
513087
513088
513089
513090
513091
513092
513093
513094
513095
513096
513097
513098
513099
513100
513101
513102
513103
513104
513105
513106
513107
513108
513109
513110
513111
513112
513113
513114
513115
513116
513117
513118
513119
513120
513121
513122
513123
513124
513125
513126
513127
513128
513129
513130
513131
513132
513133
513134
513135
513136
513137
513138
513139
513140
513141
513142
513143
513144
513145
513146
513147
513148
513149
513150
513151
513152
513153
513154
513155
513156
513157
513158
513159
513160
513161
513162
513163
513164
513165
513166
513167
513168
513169
513170
513171
513172
513173
513174
513175
513176
513177
513178
513179
513180
513181
513182
513183
513184
513185
513186
513187
513188
513189
513190
513191
513192
513193
513194
513195
513196
513197
513198
513199
513200
513201
513202
513203
513204
513205
513206
513207
513208
513209
513210
513211
513212
513213
513214
513215
513216
513217
513218
513219
513220
513221
513222
513223
513224
513225
513226
513227
513228
513229
513230
513231
513232
513233
513234
513235
513236
513237
513238
513239
513240
513241
513242
513243
513244
513245
513246
513247
513248
513249
513250
513251
513252
513253
513254
513255
513256
513257
513258
513259
513260
513261
513262
513263
513264
513265
513266
513267
513268
513269
513270
513271
513272
513273
513274
513275
513276
513277
513278
513279
513280
513281
513282
513283
513284
513285
513286
513287
513288
513289
513290
513291
513292
513293
513294
513295
513296
513297
513298
513299
513300
513301
513302
513303
513304
513305
513306
513307
513308
513309
513310
513311
513312
513313
513314
513315
513316
513317
513318
513319
513320
513321
513322
513323
513324
513325
513326
513327
513328
513329
513330
513331
513332
513333
513334
513335
513336
513337
513338
513339
513340
513341
513342
513343
513344
513345
513346
513347
513348
513349
513350
513351
513352
513353
513354
513355
513356
513357
513358
513359
513360
513361
513362
513363
513364
513365
513366
513367
513368
513369
513370
513371
513372
513373
513374
513375
513376
513377
513378
513379
513380
513381
513382
513383
513384
513385
513386
513387
513388
513389
513390
513391
513392
513393
513394
513395
513396
513397
513398
513399
513400
513401
513402
513403
513404
513405
513406
513407
513408
513409
513410
513411
513412
513413
513414
513415
513416
513417
513418
513419
513420
513421
513422
513423
513424
513425
513426
513427
513428
513429
513430
513431
513432
513433
513434
513435
513436
513437
513438
513439
513440
513441
513442
513443
513444
513445
513446
513447
513448
513449
513450
513451
513452
513453
513454
513455
513456
513457
513458
513459
513460
513461
513462
513463
513464
513465
513466
513467
513468
513469
513470
513471
513472
513473
513474
513475
513476
513477
513478
513479
513480
513481
513482
513483
513484
513485
513486
513487
513488
513489
513490
513491
513492
513493
513494
513495
513496
513497
513498
513499
513500
513501
513502
513503
513504
513505
513506
513507
513508
513509
513510
513511
513512
513513
513514
513515
513516
513517
513518
513519
513520
513521
513522
513523
513524
513525
513526
513527
513528
513529
513530
513531
513532
513533
513534
513535
513536
513537
513538
513539
513540
513541
513542
513543
513544
513545
513546
513547
513548
513549
513550
513551
513552
513553
513554
513555
513556
513557
513558
513559
513560
513561
513562
513563
513564
513565
513566
513567
513568
513569
513570
513571
513572
513573
513574
513575
513576
513577
513578
513579
513580
513581
513582
513583
513584
513585
513586
513587
513588
513589
513590
513591
513592
513593
513594
513595
513596
513597
513598
513599
513600
513601
513602
513603
513604
513605
513606
513607
513608
513609
513610
513611
513612
513613
513614
513615
513616
513617
513618
513619
513620
513621
513622
513623
513624
513625
513626
513627
513628
513629
513630
513631
513632
513633
513634
513635
513636
513637
513638
513639
513640
513641
513642
513643
513644
513645
513646
513647
513648
513649
513650
513651
513652
513653
513654
513655
513656
513657
513658
513659
513660
513661
513662
513663
513664
513665
513666
513667
513668
513669
513670
513671
513672
513673
513674
513675
513676
513677
513678
513679
513680
513681
513682
513683
513684
513685
513686
513687
513688
513689
513690
513691
513692
513693
513694
513695
513696
513697
513698
513699
513700
513701
513702
513703
513704
513705
513706
513707
513708
513709
513710
513711
513712
513713
513714
513715
513716
513717
513718
513719
513720
513721
513722
513723
513724
513725
513726
513727
513728
513729
513730
513731
513732
513733
513734
513735
513736
513737
513738
513739
513740
513741
513742
513743
513744
513745
513746
513747
513748
513749
513750
513751
513752
513753
513754
513755
513756
513757
513758
513759
513760
513761
513762
513763
513764
513765
513766
513767
513768
513769
513770
513771
513772
513773
513774
513775
513776
513777
513778
513779
513780
513781
513782
513783
513784
513785
513786
513787
513788
513789
513790
513791
513792
513793
513794
513795
513796
513797
513798
513799
513800
513801
513802
513803
513804
513805
513806
513807
513808
513809
513810
513811
513812
513813
513814
513815
513816
513817
513818
513819
513820
513821
513822
513823
513824
513825
513826
513827
513828
513829
513830
513831
513832
513833
513834
513835
513836
513837
513838
513839
513840
513841
513842
513843
513844
513845
513846
513847
513848
513849
513850
513851
513852
513853
513854
513855
513856
513857
513858
513859
513860
513861
513862
513863
513864
513865
513866
513867
513868
513869
513870
513871
513872
513873
513874
513875
513876
513877
513878
513879
513880
513881
513882
513883
513884
513885
513886
513887
513888
513889
513890
513891
513892
513893
513894
513895
513896
513897
513898
513899
513900
513901
513902
513903
513904
513905
513906
513907
513908
513909
513910
513911
513912
513913
513914
513915
513916
513917
513918
513919
513920
513921
513922
513923
513924
513925
513926
513927
513928
513929
513930
513931
513932
513933
513934
513935
513936
513937
513938
513939
513940
513941
513942
513943
513944
513945
513946
513947
513948
513949
513950
513951
513952
513953
513954
513955
513956
513957
513958
513959
513960
513961
513962
513963
513964
513965
513966
513967
513968
513969
513970
513971
513972
513973
513974
513975
513976
513977
513978
513979
513980
513981
513982
513983
513984
513985
513986
513987
513988
513989
513990
513991
513992
513993
513994
513995
513996
513997
513998
513999
514000
514001
514002
514003
514004
514005
514006
514007
514008
514009
514010
514011
514012
514013
514014
514015
514016
514017
514018
514019
514020
514021
514022
514023
514024
514025
514026
514027
514028
514029
514030
514031
514032
514033
514034
514035
514036
514037
514038
514039
514040
514041
514042
514043
514044
514045
514046
514047
514048
514049
514050
514051
514052
514053
514054
514055
514056
514057
514058
514059
514060
514061
514062
514063
514064
514065
514066
514067
514068
514069
514070
514071
514072
514073
514074
514075
514076
514077
514078
514079
514080
514081
514082
514083
514084
514085
514086
514087
514088
514089
514090
514091
514092
514093
514094
514095
514096
514097
514098
514099
514100
514101
514102
514103
514104
514105
514106
514107
514108
514109
514110
514111
514112
514113
514114
514115
514116
514117
514118
514119
514120
514121
514122
514123
514124
514125
514126
514127
514128
514129
514130
514131
514132
514133
514134
514135
514136
514137
514138
514139
514140
514141
514142
514143
514144
514145
514146
514147
514148
514149
514150
514151
514152
514153
514154
514155
514156
514157
514158
514159
514160
514161
514162
514163
514164
514165
514166
514167
514168
514169
514170
514171
514172
514173
514174
514175
514176
514177
514178
514179
514180
514181
514182
514183
514184
514185
514186
514187
514188
514189
514190
514191
514192
514193
514194
514195
514196
514197
514198
514199
514200
514201
514202
514203
514204
514205
514206
514207
514208
514209
514210
514211
514212
514213
514214
514215
514216
514217
514218
514219
514220
514221
514222
514223
514224
514225
514226
514227
514228
514229
514230
514231
514232
514233
514234
514235
514236
514237
514238
514239
514240
514241
514242
514243
514244
514245
514246
514247
514248
514249
514250
514251
514252
514253
514254
514255
514256
514257
514258
514259
514260
514261
514262
514263
514264
514265
514266
514267
514268
514269
514270
514271
514272
514273
514274
514275
514276
514277
514278
514279
514280
514281
514282
514283
514284
514285
514286
514287
514288
514289
514290
514291
514292
514293
514294
514295
514296
514297
514298
514299
514300
514301
514302
514303
514304
514305
514306
514307
514308
514309
514310
514311
514312
514313
514314
514315
514316
514317
514318
514319
514320
514321
514322
514323
514324
514325
514326
514327
514328
514329
514330
514331
514332
514333
514334
514335
514336
514337
514338
514339
514340
514341
514342
514343
514344
514345
514346
514347
514348
514349
514350
514351
514352
514353
514354
514355
514356
514357
514358
514359
514360
514361
514362
514363
514364
514365
514366
514367
514368
514369
514370
514371
514372
514373
514374
514375
514376
514377
514378
514379
514380
514381
514382
514383
514384
514385
514386
514387
514388
514389
514390
514391
514392
514393
514394
514395
514396
514397
514398
514399
514400
514401
514402
514403
514404
514405
514406
514407
514408
514409
514410
514411
514412
514413
514414
514415
514416
514417
514418
514419
514420
514421
514422
514423
514424
514425
514426
514427
514428
514429
514430
514431
514432
514433
514434
514435
514436
514437
514438
514439
514440
514441
514442
514443
514444
514445
514446
514447
514448
514449
514450
514451
514452
514453
514454
514455
514456
514457
514458
514459
514460
514461
514462
514463
514464
514465
514466
514467
514468
514469
514470
514471
514472
514473
514474
514475
514476
514477
514478
514479
514480
514481
514482
514483
514484
514485
514486
514487
514488
514489
514490
514491
514492
514493
514494
514495
514496
514497
514498
514499
514500
514501
514502
514503
514504
514505
514506
514507
514508
514509
514510
514511
514512
514513
514514
514515
514516
514517
514518
514519
514520
514521
514522
514523
514524
514525
514526
514527
514528
514529
514530
514531
514532
514533
514534
514535
514536
514537
514538
514539
514540
514541
514542
514543
514544
514545
514546
514547
514548
514549
514550
514551
514552
514553
514554
514555
514556
514557
514558
514559
514560
514561
514562
514563
514564
514565
514566
514567
514568
514569
514570
514571
514572
514573
514574
514575
514576
514577
514578
514579
514580
514581
514582
514583
514584
514585
514586
514587
514588
514589
514590
514591
514592
514593
514594
514595
514596
514597
514598
514599
514600
514601
514602
514603
514604
514605
514606
514607
514608
514609
514610
514611
514612
514613
514614
514615
514616
514617
514618
514619
514620
514621
514622
514623
514624
514625
514626
514627
514628
514629
514630
514631
514632
514633
514634
514635
514636
514637
514638
514639
514640
514641
514642
514643
514644
514645
514646
514647
514648
514649
514650
514651
514652
514653
514654
514655
514656
514657
514658
514659
514660
514661
514662
514663
514664
514665
514666
514667
514668
514669
514670
514671
514672
514673
514674
514675
514676
514677
514678
514679
514680
514681
514682
514683
514684
514685
514686
514687
514688
514689
514690
514691
514692
514693
514694
514695
514696
514697
514698
514699
514700
514701
514702
514703
514704
514705
514706
514707
514708
514709
514710
514711
514712
514713
514714
514715
514716
514717
514718
514719
514720
514721
514722
514723
514724
514725
514726
514727
514728
514729
514730
514731
514732
514733
514734
514735
514736
514737
514738
514739
514740
514741
514742
514743
514744
514745
514746
514747
514748
514749
514750
514751
514752
514753
514754
514755
514756
514757
514758
514759
514760
514761
514762
514763
514764
514765
514766
514767
514768
514769
514770
514771
514772
514773
514774
514775
514776
514777
514778
514779
514780
514781
514782
514783
514784
514785
514786
514787
514788
514789
514790
514791
514792
514793
514794
514795
514796
514797
514798
514799
514800
514801
514802
514803
514804
514805
514806
514807
514808
514809
514810
514811
514812
514813
514814
514815
514816
514817
514818
514819
514820
514821
514822
514823
514824
514825
514826
514827
514828
514829
514830
514831
514832
514833
514834
514835
514836
514837
514838
514839
514840
514841
514842
514843
514844
514845
514846
514847
514848
514849
514850
514851
514852
514853
514854
514855
514856
514857
514858
514859
514860
514861
514862
514863
514864
514865
514866
514867
514868
514869
514870
514871
514872
514873
514874
514875
514876
514877
514878
514879
514880
514881
514882
514883
514884
514885
514886
514887
514888
514889
514890
514891
514892
514893
514894
514895
514896
514897
514898
514899
514900
514901
514902
514903
514904
514905
514906
514907
514908
514909
514910
514911
514912
514913
514914
514915
514916
514917
514918
514919
514920
514921
514922
514923
514924
514925
514926
514927
514928
514929
514930
514931
514932
514933
514934
514935
514936
514937
514938
514939
514940
514941
514942
514943
514944
514945
514946
514947
514948
514949
514950
514951
514952
514953
514954
514955
514956
514957
514958
514959
514960
514961
514962
514963
514964
514965
514966
514967
514968
514969
514970
514971
514972
514973
514974
514975
514976
514977
514978
514979
514980
514981
514982
514983
514984
514985
514986
514987
514988
514989
514990
514991
514992
514993
514994
514995
514996
514997
514998
514999
515000
515001
515002
515003
515004
515005
515006
515007
515008
515009
515010
515011
515012
515013
515014
515015
515016
515017
515018
515019
515020
515021
515022
515023
515024
515025
515026
515027
515028
515029
515030
515031
515032
515033
515034
515035
515036
515037
515038
515039
515040
515041
515042
515043
515044
515045
515046
515047
515048
515049
515050
515051
515052
515053
515054
515055
515056
515057
515058
515059
515060
515061
515062
515063
515064
515065
515066
515067
515068
515069
515070
515071
515072
515073
515074
515075
515076
515077
515078
515079
515080
515081
515082
515083
515084
515085
515086
515087
515088
515089
515090
515091
515092
515093
515094
515095
515096
515097
515098
515099
515100
515101
515102
515103
515104
515105
515106
515107
515108
515109
515110
515111
515112
515113
515114
515115
515116
515117
515118
515119
515120
515121
515122
515123
515124
515125
515126
515127
515128
515129
515130
515131
515132
515133
515134
515135
515136
515137
515138
515139
515140
515141
515142
515143
515144
515145
515146
515147
515148
515149
515150
515151
515152
515153
515154
515155
515156
515157
515158
515159
515160
515161
515162
515163
515164
515165
515166
515167
515168
515169
515170
515171
515172
515173
515174
515175
515176
515177
515178
515179
515180
515181
515182
515183
515184
515185
515186
515187
515188
515189
515190
515191
515192
515193
515194
515195
515196
515197
515198
515199
515200
515201
515202
515203
515204
515205
515206
515207
515208
515209
515210
515211
515212
515213
515214
515215
515216
515217
515218
515219
515220
515221
515222
515223
515224
515225
515226
515227
515228
515229
515230
515231
515232
515233
515234
515235
515236
515237
515238
515239
515240
515241
515242
515243
515244
515245
515246
515247
515248
515249
515250
515251
515252
515253
515254
515255
515256
515257
515258
515259
515260
515261
515262
515263
515264
515265
515266
515267
515268
515269
515270
515271
515272
515273
515274
515275
515276
515277
515278
515279
515280
515281
515282
515283
515284
515285
515286
515287
515288
515289
515290
515291
515292
515293
515294
515295
515296
515297
515298
515299
515300
515301
515302
515303
515304
515305
515306
515307
515308
515309
515310
515311
515312
515313
515314
515315
515316
515317
515318
515319
515320
515321
515322
515323
515324
515325
515326
515327
515328
515329
515330
515331
515332
515333
515334
515335
515336
515337
515338
515339
515340
515341
515342
515343
515344
515345
515346
515347
515348
515349
515350
515351
515352
515353
515354
515355
515356
515357
515358
515359
515360
515361
515362
515363
515364
515365
515366
515367
515368
515369
515370
515371
515372
515373
515374
515375
515376
515377
515378
515379
515380
515381
515382
515383
515384
515385
515386
515387
515388
515389
515390
515391
515392
515393
515394
515395
515396
515397
515398
515399
515400
515401
515402
515403
515404
515405
515406
515407
515408
515409
515410
515411
515412
515413
515414
515415
515416
515417
515418
515419
515420
515421
515422
515423
515424
515425
515426
515427
515428
515429
515430
515431
515432
515433
515434
515435
515436
515437
515438
515439
515440
515441
515442
515443
515444
515445
515446
515447
515448
515449
515450
515451
515452
515453
515454
515455
515456
515457
515458
515459
515460
515461
515462
515463
515464
515465
515466
515467
515468
515469
515470
515471
515472
515473
515474
515475
515476
515477
515478
515479
515480
515481
515482
515483
515484
515485
515486
515487
515488
515489
515490
515491
515492
515493
515494
515495
515496
515497
515498
515499
515500
515501
515502
515503
515504
515505
515506
515507
515508
515509
515510
515511
515512
515513
515514
515515
515516
515517
515518
515519
515520
515521
515522
515523
515524
515525
515526
515527
515528
515529
515530
515531
515532
515533
515534
515535
515536
515537
515538
515539
515540
515541
515542
515543
515544
515545
515546
515547
515548
515549
515550
515551
515552
515553
515554
515555
515556
515557
515558
515559
515560
515561
515562
515563
515564
515565
515566
515567
515568
515569
515570
515571
515572
515573
515574
515575
515576
515577
515578
515579
515580
515581
515582
515583
515584
515585
515586
515587
515588
515589
515590
515591
515592
515593
515594
515595
515596
515597
515598
515599
515600
515601
515602
515603
515604
515605
515606
515607
515608
515609
515610
515611
515612
515613
515614
515615
