362260
362261
362262
362263
362264
362265
362266
362267
362268
362269
362270
362271
362272
362273
362274
362275
362276
362277
362278
362279
362280
362281
362282
362283
362284
362285
362286
362287
362288
362289
362290
362291
362292
362293
362294
362295
362296
362297
362298
362299
362300
362301
362302
362303
362304
362305
362306
362307
362308
362309
362310
362311
362312
362313
362314
362315
362316
362317
362318
362319
362320
362321
362322
362323
362324
362325
362326
362327
362328
362329
362330
362331
362332
362333
362334
362335
362336
362337
362338
362339
362340
362341
362342
362343
362344
362345
362346
362347
362348
362349
362350
362351
362352
362353
362354
362355
362356
362357
362358
362359
362360
362361
362362
362363
362364
362365
362366
362367
362368
362369
362370
362371
362372
362373
362374
362375
362376
362377
362378
362379
362380
362381
362382
362383
362384
362385
362386
362387
362388
362389
362390
362391
362392
362393
362394
362395
362396
362397
362398
362399
362400
362401
362402
362403
362404
362405
362406
362407
362408
362409
362410
362411
362412
362413
362414
362415
362416
362417
362418
362419
362420
362421
362422
362423
362424
362425
362426
362427
362428
362429
362430
362431
362432
362433
362434
362435
362436
362437
362438
362439
362440
362441
362442
362443
362444
362445
362446
362447
362448
362449
362450
362451
362452
362453
362454
362455
362456
362457
362458
362459
362460
362461
362462
362463
362464
362465
362466
362467
362468
362469
362470
362471
362472
362473
362474
362475
362476
362477
362478
362479
362480
362481
362482
362483
362484
362485
362486
362487
362488
362489
362490
362491
362492
362493
362494
362495
362496
362497
362498
362499
362500
362501
362502
362503
362504
362505
362506
362507
362508
362509
362510
362511
362512
362513
362514
362515
362516
362517
362518
362519
362520
362521
362522
362523
362524
362525
362526
362527
362528
362529
362530
362531
362532
362533
362534
362535
362536
362537
362538
362539
362540
362541
362542
362543
362544
362545
362546
362547
362548
362549
362550
362551
362552
362553
362554
362555
362556
362557
362558
362559
362560
362561
362562
362563
362564
362565
362566
362567
362568
362569
362570
362571
362572
362573
362574
362575
362576
362577
362578
362579
362580
362581
362582
362583
362584
362585
362586
362587
362588
362589
362590
362591
362592
362593
362594
362595
362596
362597
362598
362599
362600
362601
362602
362603
362604
362605
362606
362607
362608
362609
362610
362611
362612
362613
362614
362615
362616
362617
362618
362619
362620
362621
362622
362623
362624
362625
362626
362627
362628
362629
362630
362631
362632
362633
362634
362635
362636
362637
362638
362639
362640
362641
362642
362643
362644
362645
362646
362647
362648
362649
362650
362651
362652
362653
362654
362655
362656
362657
362658
362659
362660
362661
362662
362663
362664
362665
362666
362667
362668
362669
362670
362671
362672
362673
362674
362675
362676
362677
362678
362679
362680
362681
362682
362683
362684
362685
362686
362687
362688
362689
362690
362691
362692
362693
362694
362695
362696
362697
362698
362699
362700
362701
362702
362703
362704
362705
362706
362707
362708
362709
362710
362711
362712
362713
362714
362715
362716
362717
362718
362719
362720
362721
362722
362723
362724
362725
362726
362727
362728
362729
362730
362731
362732
362733
362734
362735
362736
362737
362738
362739
362740
362741
362742
362743
362744
362745
362746
362747
362748
362749
362750
362751
362752
362753
362754
362755
362756
362757
362758
362759
362760
362761
362762
362763
362764
362765
362766
362767
362768
362769
362770
362771
362772
362773
362774
362775
362776
362777
362778
362779
362780
362781
362782
362783
362784
362785
362786
362787
362788
362789
362790
362791
362792
362793
362794
362795
362796
362797
362798
362799
362800
362801
362802
362803
362804
362805
362806
362807
362808
362809
362810
362811
362812
362813
362814
362815
362816
362817
362818
362819
362820
362821
362822
362823
362824
362825
362826
362827
362828
362829
362830
362831
362832
362833
362834
362835
362836
362837
362838
362839
362840
362841
362842
362843
362844
362845
362846
362847
362848
362849
362850
362851
362852
362853
362854
362855
362856
362857
362858
362859
362860
362861
362862
362863
362864
362865
362866
362867
362868
362869
362870
362871
362872
362873
362874
362875
362876
362877
362878
362879
362880
362881
362882
362883
362884
362885
362886
362887
362888
362889
362890
362891
362892
362893
362894
362895
362896
362897
362898
362899
362900
362901
362902
362903
362904
362905
362906
362907
362908
362909
362910
362911
362912
362913
362914
362915
362916
362917
362918
362919
362920
362921
362922
362923
362924
362925
362926
362927
362928
362929
362930
362931
362932
362933
362934
362935
362936
362937
362938
362939
362940
362941
362942
362943
362944
362945
362946
362947
362948
362949
362950
362951
362952
362953
362954
362955
362956
362957
362958
362959
362960
362961
362962
362963
362964
362965
362966
362967
362968
362969
362970
362971
362972
362973
362974
362975
362976
362977
362978
362979
362980
362981
362982
362983
362984
362985
362986
362987
362988
362989
362990
362991
362992
362993
362994
362995
362996
362997
362998
362999
363000
363001
363002
363003
363004
363005
363006
363007
363008
363009
363010
363011
363012
363013
363014
363015
363016
363017
363018
363019
363020
363021
363022
363023
363024
363025
363026
363027
363028
363029
363030
363031
363032
363033
363034
363035
363036
363037
363038
363039
363040
363041
363042
363043
363044
363045
363046
363047
363048
363049
363050
363051
363052
363053
363054
363055
363056
363057
363058
363059
363060
363061
363062
363063
363064
363065
363066
363067
363068
363069
363070
363071
363072
363073
363074
363075
363076
363077
363078
363079
363080
363081
363082
363083
363084
363085
363086
363087
363088
363089
363090
363091
363092
363093
363094
363095
363096
363097
363098
363099
363100
363101
363102
363103
363104
363105
363106
363107
363108
363109
363110
363111
363112
363113
363114
363115
363116
363117
363118
363119
363120
363121
363122
363123
363124
363125
363126
363127
363128
363129
363130
363131
363132
363133
363134
363135
363136
363137
363138
363139
363140
363141
363142
363143
363144
363145
363146
363147
363148
363149
363150
363151
363152
363153
363154
363155
363156
363157
363158
363159
363160
363161
363162
363163
363164
363165
363166
363167
363168
363169
363170
363171
363172
363173
363174
363175
363176
363177
363178
363179
363180
363181
363182
363183
363184
363185
363186
363187
363188
363189
363190
363191
363192
363193
363194
363195
363196
363197
363198
363199
363200
363201
363202
363203
363204
363205
363206
363207
363208
363209
363210
363211
363212
363213
363214
363215
363216
363217
363218
363219
363220
363221
363222
363223
363224
363225
363226
363227
363228
363229
363230
363231
363232
363233
363234
363235
363236
363237
363238
363239
363240
363241
363242
363243
363244
363245
363246
363247
363248
363249
363250
363251
363252
363253
363254
363255
363256
363257
363258
363259
363260
363261
363262
363263
363264
363265
363266
363267
363268
363269
363270
363271
363272
363273
363274
363275
363276
363277
363278
363279
363280
363281
363282
363283
363284
363285
363286
363287
363288
363289
363290
363291
363292
363293
363294
363295
363296
363297
363298
363299
363300
363301
363302
363303
363304
363305
363306
363307
363308
363309
363310
363311
363312
363313
363314
363315
363316
363317
363318
363319
363320
363321
363322
363323
363324
363325
363326
363327
363328
363329
363330
363331
363332
363333
363334
363335
363336
363337
363338
363339
363340
363341
363342
363343
363344
363345
363346
363347
363348
363349
363350
363351
363352
363353
363354
363355
363356
363357
363358
363359
363360
363361
363362
363363
363364
363365
363366
363367
363368
363369
363370
363371
363372
363373
363374
363375
363376
363377
363378
363379
363380
363381
363382
363383
363384
363385
363386
363387
363388
363389
363390
363391
363392
363393
363394
363395
363396
363397
363398
363399
363400
363401
363402
363403
363404
363405
363406
363407
363408
363409
363410
363411
363412
363413
363414
363415
363416
363417
363418
363419
363420
363421
363422
363423
363424
363425
363426
363427
363428
363429
363430
363431
363432
363433
363434
363435
363436
363437
363438
363439
363440
363441
363442
363443
363444
363445
363446
363447
363448
363449
363450
363451
363452
363453
363454
363455
363456
363457
363458
363459
363460
363461
363462
363463
363464
363465
363466
363467
363468
363469
363470
363471
363472
363473
363474
363475
363476
363477
363478
363479
363480
363481
363482
363483
363484
363485
363486
363487
363488
363489
363490
363491
363492
363493
363494
363495
363496
363497
363498
363499
363500
363501
363502
363503
363504
363505
363506
363507
363508
363509
363510
363511
363512
363513
363514
363515
363516
363517
363518
363519
363520
363521
363522
363523
363524
363525
363526
363527
363528
363529
363530
363531
363532
363533
363534
363535
363536
363537
363538
363539
363540
363541
363542
363543
363544
363545
363546
363547
363548
363549
363550
363551
363552
363553
363554
363555
363556
363557
363558
363559
363560
363561
363562
363563
363564
363565
363566
363567
363568
363569
363570
363571
363572
363573
363574
363575
363576
363577
363578
363579
363580
363581
363582
363583
363584
363585
363586
363587
363588
363589
363590
363591
363592
363593
363594
363595
363596
363597
363598
363599
363600
363601
363602
363603
363604
363605
363606
363607
363608
363609
363610
363611
363612
363613
363614
363615
363616
363617
363618
363619
363620
363621
363622
363623
363624
363625
363626
363627
363628
363629
363630
363631
363632
363633
363634
363635
363636
363637
363638
363639
363640
363641
363642
363643
363644
363645
363646
363647
363648
363649
363650
363651
363652
363653
363654
363655
363656
363657
363658
363659
363660
363661
363662
363663
363664
363665
363666
363667
363668
363669
363670
363671
363672
363673
363674
363675
363676
363677
363678
363679
363680
363681
363682
363683
363684
363685
363686
363687
363688
363689
363690
363691
363692
363693
363694
363695
363696
363697
363698
363699
363700
363701
363702
363703
363704
363705
363706
363707
363708
363709
363710
363711
363712
363713
363714
363715
363716
363717
363718
363719
363720
363721
363722
363723
363724
363725
363726
363727
363728
363729
363730
363731
363732
363733
363734
363735
363736
363737
363738
363739
363740
363741
363742
363743
363744
363745
363746
363747
363748
363749
363750
363751
363752
363753
363754
363755
363756
363757
363759
363760
363761
363762
363763
363764
363765
363766
363767
363768
363769
363770
363771
363772
363773
363774
363775
363776
363777
363778
363779
363780
363781
363782
363783
363784
363785
363786
363787
363788
363789
363790
363791
363792
363793
363794
363795
363796
363797
363798
363799
363800
363801
363802
363803
363804
363805
363806
363807
363808
363809
363810
363811
363812
363813
363814
363815
363816
363817
363818
363819
363820
363821
363822
363823
363824
363825
363826
363827
363828
363829
363830
363831
363832
363833
363834
363835
363836
363837
363838
363839
363840
363841
363842
363843
363844
363845
363846
363847
363848
363849
363850
363851
363852
363853
363854
363855
363856
363857
363858
363859
363860
363861
363862
363863
363864
363865
363866
363867
363868
363869
363870
363871
363872
363873
363874
363875
363876
363877
363878
363879
363880
363881
363882
363883
363884
363885
363886
363887
363888
363889
363890
363891
363892
363893
363894
363895
363896
363897
363898
363899
363900
363901
363902
363903
363904
363905
363906
363907
363908
363909
363910
363911
363912
363913
363914
363915
363916
363917
363918
363919
363920
363921
363922
363923
363924
363925
363926
363927
363928
363929
363930
363931
363932
363933
363934
363935
363936
363937
363938
363939
363940
363941
363942
363943
363944
363945
363946
363947
363948
363949
363950
363951
363952
363953
363954
363955
363956
363957
363958
363959
363960
363961
363962
363963
363964
363965
363966
363967
363968
363969
363970
363971
363972
363973
363974
363975
363976
363977
363978
363979
363980
363981
363982
363983
363984
363985
363986
363987
363988
363989
363990
363991
363992
363993
363994
363995
363996
363997
363998
363999
364000
364001
364002
364003
364004
364005
364006
364007
364008
364009
364010
364011
364012
364013
364014
364015
364016
364017
364018
364019
364020
364021
364022
364023
364024
364025
364026
364027
364028
364029
364030
364031
364032
364033
364034
364035
364036
364037
364038
364039
364040
364041
364042
364043
364044
364045
364046
364047
364048
364049
364050
364051
364052
364053
364054
364055
364056
364057
364058
364059
364060
364061
364062
364063
364064
364065
364066
364067
364068
364069
364070
364071
364072
364073
364074
364075
364076
364077
364078
364079
364080
364081
364082
364083
364084
364085
364086
364087
364088
364089
364090
364091
364092
364093
364094
364095
364096
364097
364098
364099
364100
364101
364102
364103
364104
364105
364106
364107
364108
364109
364110
364111
364112
364113
364114
364115
364116
364117
364118
364119
364120
364121
364122
364123
364124
364125
364126
364127
364128
364129
364130
364131
364132
364133
364134
364135
364136
364137
364138
364139
364140
364141
364142
364143
364144
364145
364146
364147
364148
364149
364150
364151
364152
364153
364154
364155
364156
364157
364158
364159
364160
364161
364162
364163
364164
364165
364166
364167
364168
364169
364170
364171
364172
364173
364174
364175
364176
364177
364178
364179
364180
364181
364182
364183
364184
364185
364186
364187
364188
364189
364190
364191
364192
364193
364194
364195
364196
364197
364198
364199
364200
364201
364202
364203
364204
364205
364206
364207
364208
364209
364210
364211
364212
364213
364214
364215
364216
364217
364218
364219
364220
364221
364222
364223
364224
364225
364226
364227
364228
364229
364230
364231
364232
364233
364234
364235
364236
364237
364238
364239
364240
364241
364242
364243
364244
364245
364246
364247
364248
364249
364250
364251
364252
364253
364254
364255
364256
364257
364258
364259
364260
364261
364262
364263
364264
364265
364266
364267
364268
364269
364270
364271
364272
364273
364274
364275
364276
364277
364278
364279
364280
364281
364282
364283
364284
364285
364286
364287
364288
364289
364290
364291
364292
364293
364294
364295
364296
364297
364298
364299
364300
364301
364302
364303
364304
364305
364306
364307
364308
364309
364310
364311
364312
364313
364314
364315
364316
364317
364318
364319
364320
364321
364322
364323
364324
364325
364326
364327
364328
364329
364330
364331
364332
364333
364334
364335
364336
364337
364338
364339
364340
364341
364342
364343
364344
364345
364346
364347
364348
364349
364350
364351
364352
364353
364354
364355
364356
364357
364358
364359
364360
364361
364362
364363
364364
364365
364366
364367
364368
364369
364370
364371
364372
364373
364374
364375
364376
364377
364378
364379
364380
364381
364382
364383
364384
364385
364386
364387
364388
364389
364390
364391
364392
364393
364394
364395
364396
364397
364398
364399
364400
364401
364402
364403
364404
364405
364406
364407
364408
364409
364410
364411
364412
364413
364414
364415
364416
364417
364418
364419
364420
364421
364422
364423
364424
364425
364426
364427
364428
364429
364430
364431
364432
364433
364434
364435
364436
364437
364438
364439
364440
364441
364442
364443
364444
364445
364446
364447
364448
364449
364450
364451
364452
364453
364454
364455
364456
364457
364458
364459
364460
364461
364462
364463
364464
364465
364466
364467
364468
364469
364470
364471
364472
364473
364474
364475
364476
364477
364478
364479
364480
364481
364482
364483
364484
364485
364486
364487
364488
364489
364490
364491
364492
364493
364494
364495
364496
364497
364498
364499
364500
364501
364502
364503
364504
364505
364506
364507
364508
364509
364510
364511
364512
364513
364514
364515
364516
364517
364518
364519
364520
364521
364522
364523
364524
364525
364526
364527
364528
364529
364530
364531
364532
364533
364534
364535
364536
364537
364538
364539
364540
364541
364542
364543
364544
364545
364546
364547
364548
364549
364550
364551
364552
364553
364554
364555
364556
364557
364558
364559
364560
364561
364562
364563
364564
364565
364566
364567
364568
364569
364570
364571
364572
364573
364574
364575
364576
364577
364578
364579
364580
364581
364582
364583
364584
364585
364586
364587
364588
364589
364590
364591
364592
364593
364594
364595
364596
364597
364598
364599
364600
364601
364602
364603
364604
364605
364606
364607
364608
364609
364610
364611
364612
364613
364614
364615
364616
364617
364618
364619
364620
364621
364622
364623
364624
364625
364626
364627
364628
364629
364630
364631
364632
364633
364634
364635
364636
364637
364638
364639
364640
364641
364642
364643
364644
364645
364646
364647
364648
364649
364650
364651
364652
364653
364654
364655
364656
364657
364658
364659
364660
364661
364662
364663
364664
364665
364666
364667
364668
364669
364670
364671
364672
364673
364674
364675
364676
364677
364678
364679
364680
364681
364682
364683
364684
364685
364686
364687
364688
364689
364690
364691
364692
364693
364694
364695
364696
364697
364698
364699
364700
364701
364702
364703
364704
364705
364706
364707
364708
364709
364710
364711
364712
364713
364714
364715
364716
364717
364718
364719
364720
364721
364722
364723
364724
364725
364726
364727
364728
364729
364730
364731
364732
364733
364734
364735
364736
364737
364738
364739
364740
364741
364742
364743
364744
364745
364746
364747
364748
364749
364750
364751
364752
364753
364754
364755
364756
364757
364758
364759
364760
364761
364762
364763
364764
364765
364766
364767
364768
364769
364770
364771
364772
364773
364774
364775
364776
364777
364778
364779
364780
364781
364782
364783
364784
364785
364786
364787
364788
364789
364790
364791
364792
364793
364794
364795
364796
364797
364798
364799
364800
364801
364802
364803
364804
364805
364806
364807
364808
364809
364810
364811
364812
364813
364814
364815
364816
364817
364818
364819
364820
364821
364822
364823
364824
364825
364826
364827
364828
364829
364830
364831
364832
364833
364834
364835
364836
364837
364838
364839
364840
364841
364842
364843
364844
364845
364846
364847
364848
364849
364850
364851
364852
364853
364854
364855
364856
364857
364858
364859
364860
364861
364862
364863
364864
364865
364866
364867
364868
364869
364870
364871
364872
364873
364874
364875
364876
364877
364878
364879
364880
364881
364882
364883
364884
364885
364886
364887
364888
364889
364890
364891
364892
364893
364894
364895
364896
364897
364898
364899
364900
364901
364902
364903
364904
364905
364906
364907
364908
364909
364910
364911
364912
364913
364914
364915
364916
364917
364918
364919
364920
364921
364922
364923
364924
364925
364926
364927
364928
364929
364930
364931
364932
364933
364934
364935
364936
364937
364938
364939
364940
364941
364942
364943
364944
364945
364946
364947
364948
364949
364950
364951
364952
364953
364954
364955
364956
364957
364958
364959
364960
364961
364962
364963
364964
364965
364966
364967
364968
364969
364970
364971
364972
364973
364974
364975
364976
364977
364978
364979
364980
364981
364982
364983
364984
364985
364986
364987
364988
364989
364990
364991
364992
364993
364994
364995
364996
364997
364998
364999
365000
365001
365002
365003
365004
365005
365006
365007
365008
365009
365011
365012
365013
365014
365015
365016
365017
