574934
574935
574936
574937
574938
574939
574940
574941
574942
574943
574944
574945
574946
574947
574948
574949
574950
574951
574952
574953
574954
574955
574956
574957
574958
574959
574960
574961
574962
574963
574964
574965
574966
574967
574968
574969
574970
574971
574972
574973
574974
574975
574976
574977
574978
574979
574980
574981
574982
574983
574984
574985
574986
574987
574988
574989
574990
574991
574992
574993
574994
574995
574996
574997
574998
574999
575000
575001
575002
575003
575004
575005
575006
575007
575008
575009
575010
575011
575012
575013
575014
575015
575016
575017
575018
575019
575020
575021
575022
575023
575024
575025
575026
575027
575028
575029
575030
575031
575032
575033
575034
575035
575036
575037
575038
575039
575040
575041
575042
575043
575044
575045
575046
575047
575048
575049
575050
575051
575052
575053
575054
575055
575056
575057
575058
575059
575060
575061
575062
575063
575064
575065
575066
575067
575068
575069
575070
575071
575072
575073
575074
575075
575076
575077
575078
575079
575080
575081
575082
575083
575084
575085
575086
575087
575088
575089
575090
575091
575092
575093
575094
575095
575096
575097
575098
575099
575100
575101
575102
575103
575104
575105
575106
575107
575108
575109
575110
575111
575112
575113
575114
575115
575116
575117
575118
575119
575120
575121
575122
575123
575124
575125
575126
575127
575128
575129
575130
575131
575132
575133
575134
575135
575136
575137
575138
575139
575140
575141
575142
575143
575144
575145
575146
575147
575148
575149
575150
575151
575152
575153
575154
575155
575156
575157
575158
575159
575160
575161
575162
575163
575164
575165
575166
575167
575168
575169
575170
575171
575172
575173
575174
575175
575176
575177
575178
575179
575180
575181
575182
575183
575184
575185
575186
575187
575188
575189
575190
575191
575192
575193
575194
575195
575196
575197
575198
575199
575200
575201
575202
575203
575204
575205
575206
575207
575208
575209
575210
575211
575212
575213
575214
575215
575216
575217
575218
575219
575220
575221
575222
575223
575224
575225
575226
575227
575228
575229
575230
575231
575232
575233
575234
575235
575236
575237
575238
575239
575240
575241
575242
575243
575244
575245
575246
575247
575248
575249
575250
575251
575252
575253
575254
575255
575256
575257
575258
575259
575260
575261
575262
575263
575264
575265
575266
575267
575268
575269
575270
575271
575272
575273
575274
575275
575276
575277
575278
575279
575280
575281
575282
575283
575284
575285
575286
575287
575288
575289
575290
575291
575292
575293
575294
575295
575296
575297
575298
575299
575300
575301
575302
575303
575304
575305
575306
575307
575308
575309
575310
575311
575312
575313
575314
575315
575316
575317
575318
575319
575320
575321
575322
575323
575324
575325
575326
575327
575328
575329
575330
575331
575332
575333
575334
575335
575336
575337
575338
575339
575340
575341
575342
575343
575344
575345
575346
575347
575348
575349
575350
575351
575352
575353
575354
575355
575356
575357
575358
575359
575360
575361
575362
575363
575364
575365
575366
575367
575368
575369
575370
575371
575372
575373
575374
575375
575376
575377
575378
575379
575380
575381
575382
575383
575384
575385
575386
575387
575388
575389
575390
575391
575392
575393
575394
575395
575396
575397
575398
575399
575400
575401
575402
575403
575404
575405
575406
575407
575408
575409
575410
575411
575412
575413
575414
575415
575416
575417
575418
575419
575420
575421
575422
575423
575424
575425
575426
575427
575428
575429
575430
575431
575432
575433
575434
575435
575436
575437
575438
575439
575440
575441
575442
575443
575444
575445
575446
575447
575448
575449
575450
575451
575452
575453
575454
575455
575456
575457
575458
575459
575460
575461
575462
575463
575464
575465
575466
575467
575468
575469
575470
575471
575472
575473
575474
575475
575476
575477
575478
575479
575480
575481
575482
575483
575484
575485
575486
575487
575488
575489
575490
575491
575492
575493
575494
575495
575496
575497
575498
575499
575500
575501
575502
575503
575504
575505
575506
575507
575508
575509
575510
575511
575512
575513
575514
575515
575516
575517
575518
575519
575520
575521
575522
575523
575524
575525
575526
575527
575528
575529
575530
575531
575532
575533
575534
575535
575536
575537
575538
575539
575540
575541
575542
575543
575544
575545
575546
575547
575548
575549
575550
575551
575552
575553
575554
575555
575556
575557
575558
575559
575560
575561
575562
575563
575564
575565
575566
575567
575568
575569
575570
575571
575572
575573
575574
575575
575576
575577
575578
575579
575580
575581
575582
575583
575584
575585
575586
575587
575588
575589
575590
575591
575592
575593
575594
575595
575596
575597
575598
575599
575600
575601
575602
575603
575604
575605
575606
575607
575608
575609
575610
575611
575612
575613
575614
575615
575616
575617
575618
575619
575620
575621
575622
575623
575624
575625
575626
575627
575628
575629
575630
575631
575632
575633
575634
575635
575636
575637
575638
575639
575640
575641
575642
575643
575644
575645
575646
575647
575648
575649
575650
575651
575652
575653
575654
575655
575656
575657
575658
575659
575660
575661
575662
575663
575664
575665
575666
575667
575668
575669
575670
575671
575672
575673
575674
575675
575676
575677
575678
575679
575680
575681
575682
575683
575684
575685
575686
575687
575688
575689
575690
575691
575692
575693
575694
575695
575696
575697
575698
575699
575700
575701
575702
575703
575704
575705
575706
575707
575708
575709
575710
575711
575712
575713
575714
575715
575716
575717
575718
575719
575720
575721
575722
575723
575724
575725
575726
575727
575728
575729
575730
575731
575732
575733
575734
575735
575736
575737
575738
575739
575740
575741
575742
575743
575744
575745
575746
575747
575748
575749
575750
575751
575752
575753
575754
575755
575756
575757
575758
575759
575760
575761
575762
575763
575764
575765
575766
575767
575768
575769
575770
575771
575772
575773
575774
575775
575776
575777
575778
575779
575780
575781
575782
575783
575784
575785
575786
575787
575788
575789
575790
575791
575792
575793
575794
575795
575796
575797
575798
575799
575800
575801
575802
575803
575804
575805
575806
575807
575808
575809
575810
575811
575812
575813
575814
575815
575816
575817
575818
575819
575820
575821
575822
575823
575824
575825
575826
575827
575828
575829
575830
575831
575832
575833
575834
575835
575836
575837
575838
575839
575840
575841
575842
575843
575844
575845
575846
575847
575848
575849
575850
575851
575852
575853
575854
575855
575856
575857
575858
575859
575860
575861
575862
575863
575864
575865
575866
575867
575868
575869
575870
575871
575872
575873
575874
575875
575876
575877
575878
575879
575880
575881
575882
575883
575884
575885
575886
575887
575888
575889
575890
575891
575892
575893
575894
575895
575896
575897
575898
575899
575900
575901
575902
575903
575904
575905
575906
575907
575908
575909
575910
575911
575912
575913
575914
575915
575916
575917
575918
575919
575920
575921
575922
575923
575924
575925
575926
575927
575928
575929
575930
575931
575932
575933
575934
575935
575936
575937
575938
575939
575940
575941
575942
575943
575944
575945
575946
575947
575948
575949
575950
575951
575952
575953
575954
575955
575956
575957
575958
575959
575960
575961
575962
575963
575964
575965
575966
575967
575968
575969
575970
575971
575972
575973
575974
575975
575976
575977
575978
575979
575980
575981
575982
575983
575984
575985
575986
575987
575988
575989
575990
575991
575992
575993
575994
575995
575996
575997
575998
575999
576000
576001
576002
576003
576004
576005
576006
576007
576008
576009
576010
576011
576012
576013
576014
576015
576016
576017
576018
576019
576020
576021
576022
576023
576024
576025
576026
576027
576028
576029
576030
576031
576032
576033
576034
576035
576036
576037
576038
576039
576040
576041
576042
576043
576044
576045
576046
576047
576048
576049
576050
576051
576052
576053
576054
576055
576056
576057
576058
576059
576060
576061
576062
576063
576064
576065
576066
576067
576068
576069
576070
576071
576072
576073
576074
576075
576076
576077
576078
576079
576080
576081
576082
576083
576084
576085
576086
576087
576088
576089
576090
576091
576092
576093
576094
576095
576096
576097
576098
576099
576100
576101
576102
576103
576104
576105
576106
576107
576108
576109
576110
576111
576112
576113
576114
576115
576116
576117
576118
576119
576120
576121
576122
576123
576124
576125
576126
576127
576128
576129
576130
576131
576132
576133
576134
576135
576136
576137
576138
576139
576140
576141
576142
576143
576144
576145
576146
576147
576148
576149
576150
576151
576152
576153
576154
576155
576156
576157
576158
576159
576160
576161
576162
576163
576164
576165
576166
576167
576168
576169
576170
576171
576172
576173
576174
576175
576176
576177
576178
576179
576180
576181
576182
576183
576184
576185
576186
576187
576188
576189
576190
576191
576192
576193
576194
576195
576196
576197
576198
576199
576200
576201
576202
576203
576204
576205
576206
576207
576208
576209
576210
576211
576212
576213
576214
576215
576216
576217
576218
576219
576220
576221
576222
576223
576224
576225
576226
576227
576228
576229
576230
576231
576232
576233
576234
576235
576236
576237
576238
576239
576240
576241
576242
576243
576244
576245
576246
576247
576248
576249
576250
576251
576252
576253
576254
576255
576256
576257
576258
576259
576260
576261
576262
576263
576264
576265
576266
576267
576268
576269
576270
576271
576272
576273
576274
576275
576276
576277
576278
576279
576280
576281
576282
576283
576284
576285
576286
576287
576288
576289
576290
576291
576292
576293
576294
576295
576296
576297
576298
576299
576300
576301
576302
576303
576304
576305
576306
576307
576308
576309
576310
576311
576312
576313
576314
576315
576316
576317
576318
576319
576320
576321
576322
576323
576324
576325
576326
576327
576328
576329
576330
576331
576332
576333
576334
576335
576336
576337
576338
576339
576340
576341
576342
576343
576344
576345
576346
576347
576348
576349
576350
576351
576352
576353
576354
576355
576356
576357
576358
576359
576360
576361
576362
576363
576364
576365
576366
576367
576368
576369
576370
576371
576372
576373
576374
576375
576376
576377
576378
576379
576380
576381
576382
576383
576384
576385
576386
576387
576388
576389
576390
576391
576392
576393
576394
576395
576396
576397
576398
576399
576400
576401
576402
576403
576404
576405
576406
576407
576408
576409
576410
576411
576412
576413
576414
576415
576416
576417
576418
576419
576420
576421
576422
576423
576424
576425
576426
576427
576428
576429
576430
576431
576432
576433
576434
576435
576436
576437
576438
576439
576440
576441
576442
576443
576444
576445
576446
576447
576448
576449
576450
576451
576452
576453
576454
576455
576456
576457
576458
576459
576460
576461
576462
576463
576464
576465
576466
576467
576468
576469
576470
576471
576472
576473
576474
576475
576476
576477
576478
576479
576480
576481
576482
576483
576484
576485
576486
576487
576488
576489
576490
576491
576492
576493
576494
576495
576496
576497
576498
576499
576500
576501
576502
576503
576504
576505
576506
576507
576508
576509
576510
576511
576512
576513
576514
576515
576516
576517
576518
576519
576520
576521
576522
576523
576524
576525
576526
576527
576528
576529
576530
576531
576532
576533
576534
576535
576536
576537
576538
576539
576540
576541
576542
576543
576544
576545
576546
576547
576548
576549
576550
576551
576552
576553
576554
576555
576556
576557
576558
576559
576560
576561
576562
576563
576564
576565
576566
576567
576568
576569
576570
576571
576572
576573
576574
576575
576576
576577
576578
576579
576580
576581
576582
576583
576584
576585
576586
576587
576588
576589
576590
576591
576592
576593
576594
576595
576596
576597
576598
576599
576600
576601
576602
576603
576604
576605
576606
576607
576608
576609
576610
576611
576612
576613
576614
576615
576616
576617
576618
576619
576620
576621
576622
576623
576624
576625
576626
576627
576628
576629
576630
576631
576632
576633
576634
576635
576636
576637
576638
576639
576640
576641
576642
576643
576644
576645
576646
576647
576648
576649
576650
576651
576652
576653
576654
576655
576656
576657
576658
576659
576660
576661
576662
576663
576664
576665
576666
576667
576668
576669
576670
576671
576672
576673
576674
576675
576676
576677
576678
576679
576680
576681
576682
576683
576684
576685
576686
576687
576688
576689
576690
576691
576692
576693
576694
576695
576696
576697
576698
576699
576700
576701
576702
576703
576704
576705
576706
576707
576708
576709
576710
576711
576712
576713
576714
576715
576716
576717
576718
576719
576720
576721
576722
576723
576724
576725
576726
576727
576728
576729
576730
576731
576732
576733
576734
576735
576736
576737
576738
576739
576740
576741
576742
576743
576744
576745
576746
576747
576748
576749
576750
576751
576752
576753
576754
576755
576756
576757
576758
576759
576760
576761
576762
576763
576764
576765
576766
576767
576768
576769
576770
576771
576772
576773
576774
576775
576776
576777
576778
576779
576780
576781
576782
576783
576784
576785
576786
576787
576788
576789
576790
576791
576792
576793
576794
576795
576796
576797
576798
576799
576800
576801
576802
576803
576804
576805
576806
576807
576808
576809
576810
576811
576812
576813
576814
576815
576816
576817
576818
576819
576820
576821
576822
576823
576824
576825
576826
576827
576828
576829
576830
576831
576832
576833
576834
576835
576836
576837
576838
576839
576840
576841
576842
576843
576844
576845
576846
576847
576848
576849
576850
576851
576852
576853
576854
576855
576856
576857
576858
576859
576860
576861
576862
576863
576864
576865
576866
576867
576868
576869
576870
576871
576872
576873
576874
576875
576876
576877
576878
576879
576880
576881
576882
576883
576884
576885
576886
576887
576888
576889
576890
576891
576892
576893
576894
576895
576896
576897
576898
576899
576900
576901
576902
576903
576904
576905
576906
576907
576908
576909
576910
576911
576912
576913
576914
576915
576916
576917
576918
576919
576920
576921
576922
576923
576924
576925
576926
576927
576928
576929
576930
576931
576932
576933
576934
576935
576936
576937
576938
576939
576940
576941
576942
576943
576944
576945
576946
576947
576948
576949
576950
576951
576952
576953
576954
576955
576956
576957
576958
576959
576960
576961
576962
576963
576964
576965
576966
576967
576968
576969
576970
576971
576972
576973
576974
576975
576976
576977
576978
576979
576980
576981
576982
576983
576984
576985
576986
576987
576988
576989
576990
576991
576992
576993
576994
576995
576996
576997
576998
576999
577000
577001
577002
577003
577004
577005
577006
577007
577008
577009
577010
577011
577012
577013
577014
577015
577016
577017
577018
577019
577020
577021
577022
577023
577024
577025
577026
577027
577028
577029
577030
577031
577032
577033
577034
577035
577036
577037
577038
577039
577040
577041
577042
577043
577044
577045
577046
577047
577048
577049
577050
577051
577052
577053
577054
577055
577056
577057
577058
577059
577060
577061
577062
577063
577064
577065
577066
577067
577068
577069
577070
577071
577072
577073
577074
577075
577076
577077
577078
577079
577080
577081
577082
577083
577084
577085
577086
577087
577088
577089
577090
577091
577092
577093
577094
577095
577096
577097
577098
577099
577100
577101
577102
577103
577104
577105
577106
577107
577108
577109
577110
577111
577112
577113
577114
577115
577116
577117
577118
577119
577120
577121
577122
577123
577124
577125
577126
577127
577128
577129
577130
577131
577132
577133
577134
577135
577136
577137
577138
577139
577140
577141
577142
577143
577144
577145
577146
577147
577148
577149
577150
577151
577152
577153
577154
577155
577156
577157
577158
577159
577160
577161
577162
577163
577164
577165
577166
577167
577168
577169
577170
577171
577172
577173
577174
577175
577176
577177
577178
577179
577180
577181
577182
577183
577184
577185
577186
577187
577188
577189
577190
577191
577192
577193
577194
577195
577196
577197
577198
577199
577200
577201
577202
577203
577204
577205
577206
577207
577208
577209
577210
577211
577212
577213
577214
577215
577216
577217
577218
577219
577220
577221
577222
577223
577224
577225
577226
577227
577228
577229
577230
577231
577232
577233
577234
577235
577236
577237
577238
577239
577240
577241
577242
577243
577244
577245
577246
577247
577248
577249
577250
577251
577252
577253
577254
577255
577256
577257
577258
577259
577260
577261
577262
577263
577264
577265
577266
577267
577268
577269
577270
577271
577272
577273
577274
577275
577276
577277
577278
577279
577280
577281
577282
577283
577284
577285
577286
577287
577288
577289
577290
577291
577292
577293
577294
577295
577296
577297
577298
577299
577300
577301
577302
577303
577304
577305
577306
577307
577308
577309
577310
577311
577312
577313
577314
577315
577316
577317
577318
577319
577320
577321
577322
577323
577324
577325
577326
577327
577328
577329
577330
577331
577332
577333
577334
577335
577336
577337
577338
577339
577340
577341
577342
577343
577344
577345
577346
577347
577348
577349
577350
577351
577352
577353
577354
577355
577356
577357
577358
577359
577360
577361
577362
577363
577364
577365
577366
577367
577368
577369
577370
577371
577372
577373
577374
577375
577376
577377
577378
577379
577380
577381
577382
577383
577384
577385
577386
577387
577388
577389
577390
577391
577392
577393
577394
577395
577396
577397
577398
577399
577400
577401
577402
577403
577404
577405
577406
577407
577408
577409
577410
577411
577412
577413
577414
577415
577416
577417
577418
577419
577420
577421
577422
577423
577424
577425
577426
577427
577428
577429
577430
577431
577432
577433
577434
577435
577436
577437
577438
577439
577440
577441
577442
577443
577444
577445
577446
577447
577448
577449
577450
577451
577452
577453
577454
577455
577456
577457
577458
577459
577460
577461
577462
577463
577464
577465
577466
577467
577468
577469
577470
577471
577472
577473
577474
577475
577476
577477
577478
577479
577480
577481
577482
577483
577484
577485
577486
577487
577488
577489
577490
577491
577492
577493
577494
577495
577496
577497
577498
577499
577500
577501
577502
577503
577504
577505
577506
577507
577508
577509
577510
577511
577512
577513
577514
577515
577516
577517
577518
577519
577520
577521
577522
577523
577524
577525
577526
577527
577528
577529
577530
577531
577532
577533
577534
577535
577536
577537
577538
577539
577540
577541
577542
577543
577544
577545
577546
577547
577548
577549
577550
577551
577552
577553
577554
577555
577556
577557
577558
577559
577560
577561
577562
577563
577564
577565
577566
577567
577568
577569
577570
577571
577572
577573
577574
577575
577576
577577
577578
577579
577580
577581
577582
577583
577584
577585
577586
577587
577588
577589
577590
577591
577592
577593
577594
577595
577596
577597
577598
577599
577600
577601
577602
577603
577604
577605
577606
577607
577608
577609
577610
577611
577612
577613
577614
577615
577616
577617
577618
577619
577620
577621
577622
577623
577624
577625
577626
577627
577628
577629
577630
577631
577632
577633
577634
577635
577636
577637
577638
577639
577640
577641
577642
577643
577644
577645
577646
577647
577648
577649
577650
577651
577652
577653
577654
577655
577656
577657
577658
577659
577660
577661
577662
577663
577664
577665
577666
577667
577668
577669
577670
577671
577672
577673
577674
577675
577676
577677
577678
577679
577680
577681
577682
577683
577684
577685
577686
577687
577688
577689
577690
577691
577692
577693
577694
577695
577696
577697
577698
577699
577700
577701
577702
577703
577704
577705
577706
577707
577708
577709
577710
577711
577712
577713
577714
577715
577716
577717
577718
577719
577720
577721
577722
577723
577724
577725
577726
577727
577728
577729
577730
577731
577732
577733
577734
577735
577736
577737
577738
577739
577740
577741
577742
577743
577744
577745
577746
577747
577748
577749
577750
577751
577752
577753
577754
577755
577756
577757
577758
577759
577760
577761
577762
577763
577764
577765
577766
577767
577768
577769
577770
577771
577772
577773
577774
577775
577776
577777
577778
577779
577780
577781
577782
577783
577784
577785
577786
577787
577788
577789
577790
577791
577792
577793
577794
577795
577796
577797
577798
577799
577800
577801
577802
577803
577804
577805
577806
577807
577808
577809
577810
577811
577812
577813
577814
577815
577816
577817
577818
577819
577820
577821
577822
577823
577824
577825
577826
577827
577828
577829
577830
577831
577832
577833
577834
577835
577836
577837
577838
577839
577840
577841
577842
577843
577844
577845
577846
577847
577848
577849
577850
577851
577852
577853
577854
577855
577856
577857
577858
577859
577860
577861
577862
577863
577864
577865
577866
577867
577868
577869
577870
577871
577872
577873
577874
577875
577876
577877
577878
577879
577880
577881
577882
577883
577884
577885
577886
577887
577888
577889
577890
577891
577892
577893
577894
577895
577896
577897
577898
577899
577900
577901
577902
577903
577904
577905
577906
577907
577908
577909
577910
577911
577912
577913
577914
577915
577916
577917
577918
577919
577920
577921
577922
577923
577924
577925
577926
577927
577928
577929
577930
577931
577932
577933
577934
577935
577936
577937
577938
577939
577940
577941
577942
577943
577944
577945
577946
577947
577948
577949
577950
577951
577952
577953
577954
577955
577956
577957
577958
577959
577960
577961
577962
577963
577964
577965
577966
577967
577968
577969
577970
577971
577972
577973
577974
577975
577976
577977
577978
577979
577980
577981
577982
577983
577984
577985
577986
577987
577988
577989
577990
577991
577992
577993
577994
577995
577996
577997
577998
577999
578000
