725048
725049
725050
725051
725052
725053
725054
725055
725056
725057
725058
725059
725060
725061
725062
725063
725064
725065
725066
725067
725068
725069
725070
725071
725072
725073
725074
725075
725076
725077
725078
725079
725080
725081
725082
725083
725084
725085
725086
725087
725088
725089
725090
725091
725092
725093
725094
725095
725096
725097
725098
725099
725100
725101
725102
725103
725104
725105
725106
725107
725108
725109
725110
725111
725112
725113
725114
725115
725116
725117
725118
725119
725120
725121
725122
725123
725124
725125
725126
725127
725128
725129
725130
725131
725132
725133
725134
725135
725136
725137
725138
725139
725140
725141
725142
725143
725144
725145
725146
725147
725148
725149
725150
725151
725152
725153
725154
725155
725156
725157
725158
725159
725160
725161
725162
725163
725164
725165
725166
725167
725168
725169
725170
725171
725172
725173
725174
725175
725176
725177
725178
725179
725180
725181
725182
725183
725184
725185
725186
725187
725188
725189
725190
725191
725192
725193
725194
725195
725196
725197
725198
725199
725200
725201
725202
725203
725204
725205
725206
725207
725208
725209
725210
725211
725212
725213
725214
725215
725216
725217
725218
725219
725220
725221
725222
725223
725224
725225
725226
725227
725228
725229
725230
725231
725232
725233
725234
725235
725236
725237
725238
725239
725240
725241
725242
725243
725244
725245
725246
725247
725248
725249
725250
725251
725252
725253
725254
725255
725256
725257
725258
725259
725260
725261
725262
725263
725264
725265
725266
725267
725268
725269
725270
725271
725272
725273
725274
725275
725276
725277
725278
725279
725280
725281
725282
725283
725284
725285
725286
725287
725288
725289
725290
725291
725292
725293
725294
725295
725296
725297
725298
725299
725300
725301
725302
725303
725304
725305
725306
725307
725308
725309
725310
725311
725312
725313
725314
725315
725316
725317
725318
725319
725320
725321
725322
725323
725324
725325
725326
725327
725328
725329
725330
725331
725332
725333
725334
725335
725336
725337
725338
725339
725340
725341
725342
725343
725344
725345
725346
725347
725348
725349
725350
725351
725352
725353
725354
725355
725356
725357
725358
725359
725360
725361
725362
725363
725364
725365
725366
725367
725368
725369
725370
725371
725372
725373
725374
725375
725376
725377
725378
725379
725380
725381
725382
725383
725384
725385
725386
725387
725388
725389
725390
725391
725392
725393
725394
725395
725396
725397
725398
725399
725400
725401
725402
725403
725404
725405
725406
725407
725408
725409
725410
725411
725412
725413
725414
725415
725416
725417
725418
725419
725420
725421
725422
725423
725424
725425
725426
725427
725428
725429
725430
725431
725432
725433
725434
725435
725436
725437
725438
725439
725440
725441
725442
725443
725444
725445
725446
725447
725448
725449
725450
725451
725452
725453
725454
725455
725456
725457
725458
725459
725460
725461
725462
725463
725464
725465
725466
725467
725468
725469
725470
725471
725472
725473
725474
725475
725476
725477
725478
725479
725480
725481
725482
725483
725484
725485
725486
725487
725488
725489
725490
725491
725492
725493
725494
725495
725496
725497
725498
725499
725500
725501
725502
725503
725504
725505
725506
725507
725508
725509
725510
725511
725512
725513
725514
725515
725516
725517
725518
725519
725520
725521
725522
725523
725524
725525
725526
725527
725528
725529
725530
725531
725532
725533
725534
725535
725536
725537
725538
725539
725540
725541
725542
725543
725544
725545
725546
725547
725548
725549
725550
725551
725552
725553
725554
725555
725556
725557
725558
725559
725560
725561
725562
725563
725564
725565
725566
725567
725568
725569
725570
725571
725572
725573
725574
725575
725576
725577
725578
725579
725580
725581
725582
725583
725584
725585
725586
725587
725588
725589
725590
725591
725592
725593
725594
725595
725596
725597
725598
725599
725600
725601
725602
725603
725604
725605
725606
725607
725608
725609
725610
725611
725612
725613
725614
725615
725616
725617
725618
725619
725620
725621
725622
725623
725624
725625
725626
725627
725628
725629
725630
725631
725632
725633
725634
725635
725636
725637
725638
725639
725640
725641
725642
725643
725644
725645
725646
725647
725648
725649
725650
725651
725652
725653
725654
725655
725656
725657
725658
725659
725660
725661
725662
725663
725664
725665
725666
725667
725668
725669
725670
725671
725672
725673
725674
725675
725676
725677
725678
725679
725680
725681
725682
725683
725684
725685
725686
725687
725688
725689
725690
725691
725692
725693
725694
725695
725696
725697
725698
725699
725700
725701
725702
725703
725704
725705
725706
725707
725708
725709
725710
725711
725712
725713
725714
725715
725716
725717
725718
725719
725720
725721
725722
725723
725724
725725
725726
725727
725728
725729
725730
725731
725732
725733
725734
725735
725736
725737
725738
725739
725740
725741
725742
725743
725744
725745
725746
725747
725748
725749
725750
725751
725752
725753
725754
725755
725756
725757
725758
725759
725760
725761
725762
725763
725764
725765
725766
725767
725768
725769
725770
725771
725772
725773
725774
725775
725776
725777
725778
725779
725780
725781
725782
725783
725784
725785
725786
725787
725788
725789
725790
725791
725792
725793
725794
725795
725796
725797
725798
725799
725800
725801
725802
725803
725804
725805
725806
725807
725808
725809
725810
725811
725812
725813
725814
725815
725816
725817
725818
725819
725820
725821
725822
725823
725824
725825
725826
725827
725828
725829
725830
725831
725832
725833
725834
725835
725836
725837
725838
725839
725840
725841
725842
725843
725844
725845
725846
725847
725848
725849
725850
725851
725852
725853
725854
725855
725856
725857
725858
725859
725860
725861
725862
725863
725864
725865
725866
725867
725868
725869
725870
725871
725872
725873
725874
725875
725876
725877
725878
725879
725880
725881
725882
725883
725884
725885
725886
725887
725888
725889
725890
725891
725892
725893
725894
725895
725896
725897
725898
725899
725900
725901
725902
725903
725904
725905
725906
725907
725908
725909
725910
725911
725912
725913
725914
725915
725916
725917
725918
725919
725920
725921
725922
725923
725924
725925
725926
725927
725928
725929
725930
725931
725932
725933
725934
725935
725936
725937
725938
725939
725940
725941
725942
725943
725944
725945
725946
725947
725948
725949
725950
725951
725952
725953
725954
725955
725956
725957
725958
725959
725960
725961
725962
725963
725964
725965
725966
725967
725968
725969
725970
725971
725972
725973
725974
725975
725976
725977
725978
725979
725980
725981
725982
725983
725984
725985
725986
725987
725988
725989
725990
725991
725992
725993
725994
725995
725996
725997
725998
725999
726000
726001
726002
726003
726004
726005
726006
726007
726008
726009
726010
726011
726012
726013
726014
726015
726016
726017
726018
726019
726020
726021
726022
726023
726024
726025
726026
726027
726028
726029
726030
726031
726032
726033
726034
726035
726036
726037
726038
726039
726040
726041
726042
726043
726044
726045
726046
726047
726048
726049
726050
726051
726052
726053
726054
726055
726056
726057
726058
726059
726060
726061
726062
726063
726064
726065
726066
726067
726068
726069
726070
726071
726072
726073
726074
726075
726076
726077
726078
726079
726080
726081
726082
726083
726084
726085
726086
726087
726088
726089
726090
726091
726092
726093
726094
726095
726096
726097
726098
726099
726100
726101
726102
726103
726104
726105
726106
726107
726108
726109
726110
726111
726112
726113
726114
726115
726116
726117
726118
726119
726120
726121
726122
726123
726124
726125
726126
726127
726128
726129
726130
726131
726132
726133
726134
726135
726136
726137
726138
726139
726140
726141
726142
726143
726144
726145
726146
726147
726148
726149
726150
726151
726152
726153
726154
726155
726156
726157
726158
726159
726160
726161
726162
726163
726164
726165
726166
726167
726168
726169
726170
726171
726172
726173
726174
726175
726176
726177
726178
726179
726180
726181
726182
726183
726184
726185
726186
726187
726188
726189
726190
726191
726192
726193
726194
726195
726196
726197
726198
726199
726200
726201
726202
726203
726204
726205
726206
726207
726208
726209
726210
726211
726212
726213
726214
726215
726216
726217
726218
726219
726220
726221
726222
726223
726224
726225
726226
726227
726228
726229
726230
726231
726232
726233
726234
726235
726236
726237
726238
726239
726240
726241
726242
726243
726244
726245
726246
726247
726248
726249
726250
726251
726252
726253
726254
726255
726256
726257
726258
726259
726260
726261
726262
726263
726264
726265
726266
726267
726268
726269
726270
726271
726272
726273
726274
726275
726276
726277
726278
726279
726280
726281
726282
726283
726284
726285
726286
726287
726288
726289
726290
726291
726292
726293
726294
726295
726296
726297
726298
726299
726300
726301
726302
726303
726304
726305
726306
726307
726308
726309
726310
726311
726312
726313
726314
726315
726316
726317
726318
726319
726320
726321
726322
726323
726324
726325
726326
726327
726328
726329
726330
726331
726332
726333
726334
726335
726336
726337
726338
726339
726340
726341
726342
726343
726344
726345
726346
726347
726348
726349
726350
726351
726352
726353
726354
726355
726356
726357
726358
726359
726360
726361
726362
726363
726364
726365
726366
726367
726368
726369
726370
726371
726372
726373
726374
726375
726376
726377
726378
726379
726380
726381
726382
726383
726384
726385
726386
726387
726388
726389
726390
726391
726392
726393
726394
726395
726396
726397
726398
726399
726400
726401
726402
726403
726404
726405
726406
726407
726408
726409
726410
726411
726412
726413
726414
726415
726416
726417
726418
726419
726420
726421
726422
726423
726424
726425
726426
726427
726428
726429
726430
726431
726432
726433
726434
726435
726436
726437
726438
726439
726440
726441
726442
726443
726444
726445
726446
726447
726448
726449
726450
726451
726452
726453
726454
726455
726456
726457
726458
726459
726460
726461
726462
726463
726464
726465
726466
726467
726468
726469
726470
726471
726472
726473
726474
726475
726476
726477
726478
726479
726480
726481
726482
726483
726484
726485
726486
726487
726488
726489
726490
726491
726492
726493
726494
726495
726496
726497
726498
726499
726500
726501
726502
726503
726504
726505
726506
726507
726508
726509
726510
726511
726512
726513
726514
726515
726516
726517
726518
726519
726520
726521
726522
726523
726524
726525
726526
726527
726528
726529
726530
726531
726532
726533
726534
726535
726536
726537
726538
726539
726540
726541
726542
726543
726544
726545
726546
726547
726548
726549
726550
726551
726552
726553
726554
726555
726556
726557
726558
726559
726560
726561
726562
726563
726564
726565
726566
726567
726568
726569
726570
726571
726572
726573
726574
726575
726576
726577
726578
726579
726580
726581
726582
726583
726584
726585
726586
726587
726588
726589
726590
726591
726592
726593
726594
726595
726596
726597
726598
726599
726600
726601
726602
726603
726604
726605
726606
726607
726608
726609
726610
726611
726612
726613
726614
726615
726616
726617
726618
726619
726620
726621
726622
726623
726624
726625
726626
726627
726628
726629
726630
726631
726632
726633
726634
726635
726636
726637
726638
726639
726640
726641
726642
726643
726644
726645
726646
726647
726648
726649
726650
726651
726652
726653
726654
726655
726656
726657
726658
726659
726660
726661
726662
726663
726664
726665
726666
726667
726668
726669
726670
726671
726672
726673
726674
726675
726676
726677
726678
726679
726680
726681
726682
726683
726684
726685
726686
726687
726688
726689
726690
726691
726692
726693
726694
726695
726696
726697
726698
726699
726700
726701
726702
726703
726704
726705
726706
726707
726708
726709
726710
726711
726712
726713
726714
726715
726716
726717
726718
726719
726720
726721
726722
726723
726724
726725
726726
726727
726728
726729
726730
726731
726732
726733
726734
726735
726736
726737
726738
726739
726740
726741
726742
726743
726744
726745
726746
726747
726748
726749
726750
726751
726752
726753
726754
726755
726756
726757
726758
726759
726760
726761
726762
726763
726764
726765
726766
726767
726768
726769
726770
726771
726772
726773
726774
726775
726776
726777
726778
726779
726780
726781
726782
726783
726784
726785
726786
726787
726788
726789
726790
726791
726792
726793
726794
726795
726796
726797
726798
726799
726800
726801
726802
726803
726804
726805
726806
726807
726808
726809
726810
726811
726812
726813
726814
726815
726816
726817
726818
726819
726820
726821
726822
726823
726824
726825
726826
726827
726828
726829
726830
726831
726832
726833
726834
726835
726836
726837
726838
726839
726840
726841
726842
726843
726844
726845
726846
726847
726848
726849
726850
726851
726852
726853
726854
726855
726856
726857
726858
726859
726860
726861
726862
726863
726864
726865
726866
726867
726868
726869
726870
726871
726872
726873
726874
726875
726876
726877
726878
726879
726880
726881
726882
726883
726884
726885
726886
726887
726888
726889
726890
726891
726892
726893
726894
726895
726896
726897
726898
726899
726900
726901
726902
726903
726904
726905
726906
726907
726908
726909
726910
726911
726912
726913
726914
726915
726916
726917
726918
726919
726920
726921
726922
726923
726924
726925
726926
726927
726928
726929
726930
726931
726932
726933
726934
726935
726936
726937
726938
726939
726940
726941
726942
726943
726944
726945
726946
726947
726948
726949
726950
726951
726952
726953
726954
726955
726956
726957
726958
726959
726960
726961
726962
726963
726964
726965
726966
726967
726968
726969
726970
726971
726972
726973
726974
726975
726976
726977
726978
726979
726980
726981
726982
726983
726984
726985
726986
726987
726988
726989
726990
726991
726992
726993
726994
726995
726996
726997
726998
726999
727000
727001
727002
727003
727004
727005
727006
727007
727008
727009
727010
727011
727012
727013
727014
727015
727016
727017
727018
727019
727020
727021
727022
727023
727024
727025
727026
727027
727028
727029
727030
727031
727032
727033
727034
727035
727036
727037
727038
727039
727040
727041
727042
727043
727044
727045
727046
727047
727048
727049
727050
727051
727052
727053
727054
727055
727056
727057
727058
727059
727060
727061
727062
727063
727064
727065
727066
727067
727068
727069
727070
727071
727072
727073
727074
727075
727076
727077
727078
727079
727080
727081
727082
727083
727084
727085
727086
727087
727088
727089
727090
727091
727092
727093
727094
727095
727096
727097
727098
727099
727100
727101
727102
727103
727104
727105
727106
727107
727108
727109
727110
727111
727112
727113
727114
727115
727116
727117
727118
727119
727120
727121
727122
727123
727124
727125
727126
727127
727128
727129
727130
727131
727132
727133
727134
727135
727136
727137
727138
727139
727140
727141
727142
727143
727144
727145
727146
727147
727148
727149
727150
727151
727152
727153
727154
727155
727156
727157
727158
727159
727160
727161
727162
727163
727164
727165
727166
727167
727168
727169
727170
727171
727172
727173
727174
727175
727176
727177
727178
727179
727180
727181
727182
727183
727184
727185
727186
727187
727188
727189
727190
727191
727192
727193
727194
727195
727196
727197
727198
727199
727200
727201
727202
727203
727204
727205
727206
727207
727208
727209
727210
727211
727212
727213
727214
727215
727216
727217
727218
727219
727220
727221
727222
727223
727224
727225
727226
727227
727228
727229
727230
727231
727232
727233
727234
727235
727236
727237
727238
727239
727240
727241
727242
727243
727244
727245
727246
727247
727248
727249
727250
727251
727252
727253
727254
727255
727256
727257
727258
727259
727260
727261
727262
727263
727264
727265
727266
727267
727268
727269
727270
727271
727272
727273
727274
727275
727276
727277
727278
727279
727280
727281
727282
727283
727284
727285
727286
727287
727288
727289
727290
727291
727292
727293
727294
727295
727296
727297
727298
727299
727300
727301
727302
727303
727304
727305
727306
727307
727308
727309
727310
727311
727312
727313
727314
727315
727316
727317
727318
727319
727320
727321
727322
727323
727324
727325
727326
727328
727329
727330
727331
727332
727333
727334
727335
727336
727337
727338
727339
727340
727341
727342
727343
727344
727345
727346
727347
727348
727349
727350
727351
727352
727353
727354
727355
727356
727357
727358
727359
727360
727361
727362
727363
727364
727365
727366
727367
727368
727369
727370
727371
727372
727373
727374
727375
727376
727377
727378
727379
727380
727381
727382
727383
727384
727385
727386
727387
727388
727389
727390
727391
727392
727393
727394
727395
727396
727397
727398
727399
727400
727401
727402
727403
727404
727405
727406
727407
727408
727409
727410
727411
727412
727413
727414
727415
727416
727417
727418
727419
727420
727421
727422
727423
727424
727425
727426
727427
727428
727429
727430
727431
727432
727433
727434
727435
727436
727437
727438
727439
727440
727441
727442
727443
727444
727445
727446
727447
727448
727449
727450
727451
727452
727453
727454
727455
727456
727457
727458
727459
727460
727461
727462
727463
727464
727465
727466
727467
727468
727469
727470
727471
727472
727473
727474
727475
727476
727477
727478
727479
727480
727481
727482
727483
727484
727485
727486
727487
727488
727489
727490
727491
727492
727493
727494
727495
727496
727497
727498
727499
727500
727501
727502
727503
727504
727505
727506
727507
727508
727509
727510
727511
727512
727513
727514
727515
727516
727517
727518
727519
727520
727521
727522
727523
727524
727525
727526
727527
727528
727529
727530
727531
727532
727533
727534
727535
727536
727537
727538
727539
727540
727541
727542
727543
727544
727545
727546
727547
727548
727549
727550
727551
727552
727553
727554
727555
727556
727557
727558
727559
727560
727561
727562
727563
727564
727565
727566
727567
727568
727569
727570
727571
727572
727573
727574
727575
727576
727577
727578
727579
727580
727581
727582
727583
727584
727585
727586
727587
727588
727589
727590
727591
727592
727593
727594
727595
727596
727597
727598
727599
727600
727601
727602
727603
727604
727605
727606
727607
727608
727609
727610
727611
727612
727613
727614
727615
727616
727617
727618
727619
727620
727621
727622
727623
727624
727625
727626
727627
727628
727629
727630
727631
727632
727633
727634
727635
727636
727637
727638
727639
727640
727641
727642
727643
727644
727645
727646
727647
727648
727649
727650
727651
727652
727653
727654
727655
727656
727657
727658
727659
727660
727661
727662
727663
727664
727665
727666
727667
727668
727669
727670
727671
727672
727673
727674
727675
727676
727677
727678
727679
727680
727681
727682
727683
727684
727685
727686
727687
727688
727689
727690
727691
727692
727693
727694
727695
727696
727697
727698
727699
727700
727701
727702
727703
727704
727705
727706
727707
727708
727709
727710
727711
727712
727713
727714
727715
727716
727717
727718
727719
727720
727721
727722
727723
727724
727725
727726
727727
727728
727729
727730
727731
727732
727733
727734
727735
727736
727737
727738
727739
727740
727741
727742
727743
727744
727745
727746
727747
727748
727749
727750
727751
727752
727753
727754
727755
727756
727757
727758
727759
727760
727761
727762
727763
727764
727765
727766
727767
727768
727769
727770
727771
727772
727773
727774
727775
727776
727777
727778
727779
727780
727781
727782
727783
727784
727785
727786
727787
727788
727789
727790
727791
727792
727793
727794
727795
727796
727797
727798
727799
727800
727801
727802
727803
727804
727805
727806
727807
727808
727809
727810
727811
727812
727813
727814
727815
727816
727817
727818
727819
727820
727821
727822
727823
727824
727825
727826
727827
727828
727829
727830
727831
727832
727833
727834
727835
727836
727837
727838
727839
727840
727841
727842
727843
727844
727845
727846
727847
727848
727849
727850
727851
727852
727853
727854
727855
727860
727861
727862
727863
