678600
678601
678602
678603
678604
678605
678606
678607
678608
678609
678610
678611
678612
678613
678614
678615
678616
678617
678618
678619
678620
678621
678622
678623
678624
678625
678626
678627
678628
678629
678630
678631
678632
678633
678634
678635
678636
678637
678638
678639
678640
678641
678642
678643
678644
678645
678646
678647
678648
678649
678650
678651
678652
678653
678654
678655
678656
678657
678658
678659
678660
678661
678662
678663
678664
678665
678666
678667
678668
678669
678670
678671
678672
678673
678674
678675
678676
678677
678678
678679
678680
678681
678682
678683
678684
678685
678686
678687
678688
678689
678690
678691
678692
678693
678694
678695
678696
678697
678698
678699
678700
678701
678702
678703
678704
678705
678706
678707
678708
678709
678710
678711
678712
678713
678714
678715
678716
678717
678718
678719
678720
678721
678722
678723
678724
678725
678726
678727
678728
678729
678730
678731
678732
678733
678734
678735
678736
678737
678738
678739
678740
678741
678742
678743
678744
678745
678746
678747
678748
678749
678750
678751
678752
678753
678754
678755
678756
678757
678758
678759
678760
678761
678762
678763
678764
678765
678766
678767
678768
678769
678770
678771
678772
678773
678774
678775
678776
678777
678778
678779
678780
678781
678782
678783
678784
678785
678786
678787
678788
678789
678790
678791
678792
678793
678794
678795
678796
678797
678798
678799
678800
678801
678802
678803
678804
678805
678806
678807
678808
678809
678810
678811
678812
678813
678814
678815
678816
678817
678818
678819
678820
678821
678822
678823
678824
678825
678826
678827
678828
678829
678830
678831
678832
678833
678834
678835
678836
678837
678838
678839
678840
678841
678842
678843
678844
678845
678846
678847
678848
678849
678850
678851
678852
678853
678854
678855
678856
678857
678858
678859
678860
678861
678862
678863
678864
678865
678866
678867
678868
678869
678870
678871
678872
678873
678874
678875
678876
678877
678878
678879
678880
678881
678882
678883
678884
678885
678886
678887
678888
678889
678890
678891
678892
678893
678894
678895
678896
678897
678898
678899
678900
678901
678902
678903
678904
678905
678906
678907
678908
678909
678910
678911
678912
678913
678914
678915
678916
678917
678918
678919
678920
678921
678922
678923
678924
678925
678926
678927
678928
678929
678930
678931
678932
678933
678934
678935
678936
678937
678938
678939
678940
678941
678942
678943
678944
678945
678946
678947
678948
678949
678950
678951
678952
678953
678954
678955
678956
678957
678958
678959
678960
678961
678962
678963
678964
678965
678966
678967
678968
678969
678970
678971
678972
678973
678974
678975
678976
678977
678978
678979
678980
678981
678982
678983
678984
678985
678986
678987
678988
678989
678990
678991
678992
678993
678994
678995
678996
678997
678998
678999
679000
679001
679002
679003
679004
679005
679006
679007
679008
679009
679010
679011
679012
679013
679014
679015
679016
679017
679018
679019
679020
679021
679022
679023
679024
679025
679026
679027
679028
679029
679030
679031
679032
679033
679034
679035
679036
679037
679038
679039
679040
679041
679042
679043
679044
679045
679046
679047
679048
679049
679050
679051
679052
679053
679054
679055
679056
679057
679058
679059
679060
679061
679062
679063
679064
679065
679066
679067
679068
679069
679070
679071
679072
679073
679074
679075
679076
679077
679078
679079
679080
679081
679082
679083
679084
679085
679086
679087
679088
679089
679090
679091
679092
679093
679094
679095
679096
679097
679098
679099
679100
679101
679102
679103
679104
679105
679106
679107
679108
679109
679110
679111
679112
679113
679114
679115
679116
679117
679118
679119
679120
679121
679122
679123
679124
679125
679126
679127
679128
679129
679130
679131
679132
679133
679134
679135
679136
679137
679138
679139
679140
679141
679142
679143
679144
679145
679146
679147
679148
679149
679150
679151
679152
679153
679154
679156
679158
679159
679160
679161
679162
679163
679164
