549135
549136
549137
549138
549139
549140
549141
549142
549143
549144
549145
549146
549147
549148
549149
549150
549151
549152
549153
549154
549155
549156
549157
549158
549159
549160
549161
549162
549163
549164
549165
549166
549167
549168
549169
549170
549171
549172
549173
549174
549175
549176
549177
549178
549179
549180
549181
549182
549183
549184
549185
549186
549187
549188
549189
549190
549191
549192
549193
549194
549195
549196
549197
549198
549199
549200
549201
549202
549203
549204
549205
549206
549207
549208
549209
549210
549211
549212
549213
549214
549215
549216
549217
549218
549219
549220
549221
549222
549223
549224
549225
549226
549227
549228
549229
549230
549231
549232
549233
549234
549235
549236
549237
549238
549239
549240
549241
549242
549243
549244
549245
549246
549247
549248
549249
549250
549251
549252
549253
549254
549255
549256
549257
549258
549259
549260
549261
549262
549263
549264
549265
549266
549267
549268
549269
549270
549271
549272
549273
549274
549275
549276
549277
549278
549279
549280
549281
549282
549283
549284
549285
549286
549287
549288
549289
549290
549291
549292
549293
549294
549295
549296
549297
549298
549299
549300
549301
549302
549303
549304
549305
549306
549307
549308
549309
549310
549311
549312
549313
549314
549315
549316
549317
549318
549319
549320
549321
549322
549323
549324
549325
549326
549327
549328
549329
549330
549331
549332
549333
549334
549335
549336
549337
549338
549339
549340
549341
549342
549343
549344
549345
549346
549347
549348
549349
549350
549351
549352
549353
549354
549355
549356
549357
549358
549359
549360
549361
549362
549363
549364
549365
549366
549367
549368
549369
549370
549371
549372
549373
549374
549375
549376
549377
549378
549379
549380
549381
549382
549383
549384
549385
549386
549387
549388
549389
549390
549391
549392
549393
549394
549395
549396
549397
549398
549399
549400
549401
549402
549403
549404
549405
549406
549407
549408
549409
549410
549411
549412
549413
549414
549415
549416
549417
549418
549419
549420
549421
549422
549423
549424
549425
549426
549427
549428
549429
549430
549431
549432
549433
549434
549435
549436
549437
549438
549439
549440
549441
549442
549443
549444
549445
549446
549447
549448
549449
549450
549451
549452
549453
549454
549455
549456
549457
549458
549459
549460
549461
549462
549463
549464
549465
549466
549467
549468
549469
549470
549471
549472
549473
549474
549475
549476
549477
549478
549479
549480
549481
549482
549483
549484
549485
549486
549487
549488
549489
549490
549491
549492
549493
549494
549495
549496
549497
549498
549499
549500
549501
549502
549503
549504
549505
549506
549507
549508
549509
549510
549511
549512
549513
549514
549515
549516
549517
549518
549519
549520
549521
549522
549523
549524
549525
549526
549527
549528
549529
549530
549531
549532
549533
549534
549535
549536
549537
549538
549539
549540
549541
549542
549543
549544
549545
549546
549547
549548
549549
549550
549551
549552
549553
549554
549555
549556
549557
549558
549559
549560
549561
549562
549563
549564
549565
549566
549567
549568
549569
549570
549571
549572
549573
549574
549575
549576
549577
549578
549579
549580
549581
549582
549583
549584
549585
549586
549587
549588
549589
549590
549591
549592
549593
549594
549595
549596
549597
549598
549599
549600
549601
549602
549603
549604
549605
549606
549607
549608
549609
549610
549611
549612
549613
549614
549615
549616
549617
549618
549619
549620
549621
549622
549623
549624
549625
549626
549627
549628
549629
549630
549631
549632
549633
549634
549635
549636
549637
549638
549639
549640
549641
549642
549643
549644
549645
549646
549647
549648
549649
549650
549651
549652
549653
549654
549655
549656
549657
549658
549659
549660
549661
549662
549663
549664
549665
549666
549667
549668
549669
549670
549671
549672
549673
549674
549675
549676
549677
549678
549679
549680
549681
549682
549683
549684
549685
549686
549687
549688
549689
549690
549691
549692
549693
549694
549695
549696
549697
549698
549699
549700
549701
549702
549703
549704
549705
549706
549707
549708
549709
549710
549711
549712
549713
549714
549715
549716
549717
549718
549719
549720
549721
549722
549723
549724
549725
549726
549727
549728
549729
549730
549731
549732
549733
549734
549735
549736
549737
549738
549739
549740
549741
549742
549743
549744
549745
549746
549747
549748
549749
549750
549751
549752
549753
549754
549755
549756
549757
549758
549759
549760
549761
549762
549763
549764
549765
549766
549767
549768
549769
549770
549771
549772
549773
549774
549775
549776
549777
549778
549779
549780
549781
549782
549783
549784
549785
549786
549787
549788
549789
549790
549791
549792
549793
549794
549795
549796
549797
549798
549799
549800
549801
549802
549803
549804
549805
549806
549807
549808
549809
549810
549811
549812
549813
549814
549815
549816
549817
549818
549819
549820
549821
549822
549823
549824
549825
549826
549827
549828
549829
549830
549831
549832
549833
549834
549835
549836
549837
549838
549839
549840
549841
549842
549843
549844
549845
549846
549847
549848
549849
549850
549851
549852
549853
549854
549855
549856
549857
549858
549859
549860
549861
549862
549863
549864
549865
549866
549867
549868
549869
549870
549871
549872
549873
549874
549875
549876
549877
549878
549879
549880
549881
549882
549883
549884
549885
549886
549887
549888
549889
549890
549891
549892
549893
549894
549895
549896
549897
549898
549899
549900
549901
549902
549903
549904
549905
549906
549907
549908
549909
549910
549911
549912
549913
549914
549915
549916
549917
549918
549919
549920
549921
549922
549923
549924
549925
549926
549927
549928
549929
549930
549931
549932
549933
549934
549935
549936
549937
549938
549939
549940
549941
549942
549943
549944
549945
549946
549947
549948
549949
549950
549951
549952
549953
549954
549955
549956
549957
549958
549959
549960
549961
549962
549963
549964
549965
549966
549967
549968
549969
549970
549971
549972
549973
549974
549975
549976
549977
549978
549979
549980
549981
549982
549983
549984
549985
549986
549987
549988
549989
549990
549991
549992
549993
549994
549995
549996
549997
549998
549999
550000
550001
550002
550003
550004
550005
550006
550007
550008
550009
550010
550011
550012
550013
550014
550015
550016
550017
550018
550019
550020
550021
550022
550023
550024
550025
550026
550027
550028
550029
550030
550031
550032
550033
550034
550035
550036
550037
550038
550039
550040
550041
550042
550043
550044
550045
550046
550047
550048
550049
550050
550051
550052
550053
550054
550055
550056
550057
550058
550059
550060
550061
550062
550063
550064
550065
550066
550067
550068
550069
550070
550071
550072
550073
550074
550075
550076
550077
550078
550079
550080
550081
550082
550083
550084
550085
550086
550087
550088
550089
550090
550091
550092
550093
550094
550095
550096
550097
550098
550099
550100
550101
550102
550103
550104
550105
550106
550107
550108
550109
550110
550111
550112
550113
550114
550115
550116
550117
550118
550119
550120
550121
550122
550123
550124
550125
550126
550127
550128
550129
550130
550131
550132
550133
550134
550135
550136
550137
550138
550139
550140
550141
550142
550143
550144
550145
550146
550147
550148
550149
550150
550151
550152
550153
550154
550155
550156
550157
550158
550159
550160
550161
550162
550163
550164
550165
550166
550167
550168
550169
550170
550171
550172
550173
550174
550175
550176
550177
550178
550179
550180
550181
550182
550183
550184
550185
550186
550187
550188
550189
550190
550191
550192
550193
550194
550195
550196
550197
550198
550199
550200
550201
550202
550203
550204
550205
550206
550207
550208
550209
550210
550211
550212
550213
550214
550215
550216
550217
550218
550219
550220
550221
550222
550223
550224
550225
550226
550227
550228
550229
550230
550231
550232
550233
550234
550235
550236
550237
550238
550239
550240
550241
550242
550243
550244
550245
550246
550247
550248
550249
550250
550251
550252
550253
550254
550255
550256
550257
550258
550259
550260
550261
550262
550263
550264
550265
550266
550267
550268
550269
550270
550271
550272
550273
550274
550275
550276
550277
550278
550279
550280
550281
550282
550283
550284
550285
550286
550287
550288
550289
550290
550291
550292
550293
550294
550295
550296
550297
550298
550299
550300
550301
550302
550303
550304
550305
550306
550307
550308
550309
550310
550311
550312
550313
550314
550315
550316
550317
550318
550319
550320
550321
550322
550323
550324
550325
550326
550327
550328
550329
550330
550331
550332
550333
550334
550335
550336
550337
550338
550339
550340
550341
550342
550343
550344
550345
550346
550347
550348
550349
550350
550351
550352
550353
550354
550355
550356
550357
550358
550359
550360
550361
550362
550363
550364
550365
550366
550367
550368
550369
550370
550371
550372
550373
550374
550375
550376
550377
550378
550379
550380
550381
550382
550383
550384
550385
550386
550387
550388
550389
550390
550391
550392
550393
550394
550395
550396
550397
550398
550399
550400
550401
550402
550403
550404
550405
550406
550407
550408
550409
550410
550411
550412
550413
550414
550415
550416
550417
550418
550419
550420
550421
550422
550423
550424
550425
550426
550427
550428
550429
550430
550431
550432
550433
550434
550435
550436
550437
550438
550439
550440
550441
550442
550443
550444
550445
550446
550447
550448
550449
550450
550451
550452
550453
550454
550455
550456
550457
550458
550459
550460
550461
550462
550463
550464
550465
550466
550467
550468
550469
550470
550471
550472
550473
550474
550475
550476
550477
550478
550479
550480
550481
550482
550483
550484
550485
550486
550487
550488
550489
550490
550491
550492
550493
550494
550495
550496
550497
550498
550499
550500
550501
550502
550503
550504
550505
550506
550507
550508
550509
550510
550511
550512
550513
550514
550515
550516
550517
550518
550519
550520
550521
550522
550523
550524
550525
550526
550527
550528
550529
550530
550531
550532
550533
550534
550535
550536
550537
550538
550539
550540
550541
550542
550543
550544
550545
550546
550547
550548
550549
550550
550551
550552
550553
550554
550555
550556
550557
550558
550559
550560
550561
550562
550563
550564
550565
550566
550567
550568
550569
550570
550571
550572
550573
550574
550575
550576
550577
550578
550579
550580
550581
550582
550583
550584
550585
550586
550587
550588
550589
550590
550591
550592
550593
550594
550595
550596
550597
550598
550599
550600
550601
550602
550603
550604
550605
550606
550607
550608
550609
550610
550611
550612
550613
550614
550615
550616
550617
550618
550619
550620
550621
550622
550623
550624
550625
550626
550627
550628
550629
550630
550631
550632
550633
550634
550635
550636
550637
550638
550639
550640
550641
550642
550643
550644
550645
550646
550647
550648
550649
550650
550651
550652
550653
550654
550655
550656
550657
550658
550659
550660
550661
550662
550663
550664
550665
550666
550667
550668
550669
550670
550671
550672
550673
550674
550675
550676
550677
550678
550679
550680
550681
550682
550683
550684
550685
550686
550687
550688
550689
550690
550691
550692
550693
550694
550695
550696
550697
550698
550699
550700
550701
550702
550703
550704
550705
550706
550707
550708
550709
550710
550711
550712
550713
550714
550715
550716
550717
550718
550719
550720
550721
550722
550723
550724
550725
550726
550727
550728
550729
550730
550731
550732
550733
550734
550735
550736
550737
550738
550739
550740
550741
550742
550743
550744
550745
550746
550747
550748
550749
550750
550751
550752
550753
550754
550755
550756
550757
550758
550759
550760
550761
550762
550763
550764
550765
550766
550767
550768
550769
550770
550771
550772
550773
550774
550775
550776
550777
550778
550779
550780
550781
550782
550783
550784
550785
550786
550787
550788
550789
550790
550791
550792
550793
550794
550795
550796
550797
550798
550799
550800
550801
550802
550803
550804
550805
550806
550807
550808
550809
550810
550811
550812
550813
550814
550815
550816
550817
550818
550819
550820
550821
550822
550823
550824
550825
550826
550827
550828
550829
550830
550831
550832
550833
550834
550835
550836
550837
550838
550839
550840
550841
550842
550843
550844
550845
550846
550847
550848
550849
550850
550851
550852
550853
550854
550855
550856
550857
550858
550859
550860
550861
550862
550863
550864
550865
550866
550867
550868
550869
550870
550871
550872
550873
550874
550875
550876
550877
550878
550879
550880
550881
550882
550883
550884
550885
550886
550887
550888
550889
550890
550891
550892
550893
550894
550895
550896
550897
550898
550899
550900
550901
550902
550903
550904
550905
550906
550907
550908
550909
550910
550911
550912
550913
550914
550915
550916
550917
550918
550919
550920
550921
550922
550923
550924
550925
550926
550927
550928
550929
550930
550931
550932
550933
550934
550935
550936
550937
550938
550939
550940
550941
550942
550943
550944
550945
550946
550947
550948
550949
550950
550951
550952
550953
550954
550955
550956
550957
550958
550959
550960
550961
550962
550963
550964
550965
550966
550967
550968
550969
550970
550971
550972
550973
550974
550975
550976
550977
550978
550979
550980
550981
550982
550983
550984
550985
550986
550987
550988
550989
550990
550991
550992
550993
550994
550995
550996
550997
550998
550999
551000
551001
551002
551003
551004
551005
551006
551007
551008
551009
551010
551011
551012
551013
551014
551015
551016
551017
551018
551019
551020
551021
551022
551023
551024
551025
551026
551027
551028
551029
551030
551031
551032
551033
551034
551035
551036
551037
551038
551039
551040
551041
551042
551043
551044
551045
551046
551047
551048
551049
551050
551051
551052
551053
551054
551055
551056
551057
551058
551059
551060
551061
551062
551063
551064
551065
551066
551067
551068
551069
551070
551071
551072
551073
551074
551075
551076
551077
551078
551079
551080
551081
551082
551083
551084
551085
551086
551087
551088
551089
551090
551091
551092
551093
551094
551095
551096
551097
551098
551099
551100
551101
551102
551103
551104
551105
551106
551107
551108
551109
551110
551111
551112
551113
551114
551115
551116
551117
551118
551119
551120
551121
551122
551123
551124
551125
551126
551127
551128
551129
551130
551131
551132
551133
551134
551135
551136
551137
551138
551139
551140
551141
551142
551143
551144
551145
551146
551147
551148
551149
551150
551151
551152
551153
551154
551155
551156
551157
551158
551159
551160
551161
551162
551163
551164
551165
551166
551167
551168
551169
551170
551171
551172
551173
551174
551175
551176
551177
551178
551179
551180
551181
551182
551183
551184
551185
551186
551187
551188
551189
551190
551191
551192
551193
551194
551195
551196
551197
551198
551199
551200
551201
551202
551203
551204
551205
551206
551207
551208
551209
551210
551211
551212
551213
551214
551215
551216
551217
551218
551219
551220
551221
551222
551223
551224
551225
551226
551227
551228
551229
551230
551231
551232
551233
551234
551235
551236
551237
551238
551239
551240
551241
551242
551243
551244
551245
551246
551247
551248
551249
551250
551251
551252
551253
551254
551255
551257
551258
551259
551260
551261
551262
551263
551264
551265
551266
551267
551268
551269
551270
551271
551272
551273
551274
551275
551276
551277
551278
551279
551280
551281
551282
551283
551284
551285
551286
551287
551288
551289
551290
551291
551292
551293
551294
551295
551296
551297
551298
551299
551300
551301
551302
551303
551304
551305
551306
551307
551308
551309
551310
551311
551312
551313
551314
551315
551316
551317
551318
551319
551320
551321
551322
551323
551324
551325
551326
551327
551328
551329
551330
551331
551332
551333
551334
551335
551336
551337
551338
551339
551340
551341
551342
551343
551344
551345
551346
551347
551348
551349
551350
551351
551352
551353
551354
551355
551356
551357
551358
551359
551360
551361
551362
551363
551364
551365
551366
551367
551368
551369
551370
551371
551372
551373
551374
551375
551376
551377
551378
551379
551380
551381
551382
551383
551384
551385
551386
551387
551388
551389
551390
551391
551392
551393
551394
551395
551396
551397
551398
551399
551400
551401
551402
551403
551404
551405
551406
551407
551408
551409
551410
551411
551412
551413
551414
551415
551416
551417
551418
551419
551420
551421
551422
551423
551424
551425
551426
551427
551428
551429
551430
551431
551432
551433
551434
551435
551436
551437
551438
551439
551440
551441
551442
551443
551444
551445
551446
551447
551448
551449
551450
551451
551452
551453
551454
551455
551456
551457
551458
551459
551460
551461
551462
551463
551464
551465
551466
551467
551468
551469
551470
551471
551472
551473
551474
551475
551476
551477
551478
551479
551480
551481
551482
551483
551484
551485
551486
551487
551488
551489
551490
551491
551492
551493
551494
551495
551496
551497
551498
551499
551500
551501
551502
551503
551504
551505
551506
551507
551508
551509
551510
551511
551512
551513
551514
551515
551516
551517
551518
551519
551520
551521
551522
551523
551524
551525
551526
551527
551528
551529
551530
551531
551532
551533
551534
551535
551536
551537
551538
551539
551540
551541
551542
551543
551544
551545
551546
551547
551548
551549
551550
551551
551552
551553
551554
551555
551556
551557
551558
551559
551560
551561
551562
551563
551564
551565
551566
551567
551568
551569
551570
551571
551572
551573
551574
551575
551576
551577
551578
551579
551580
551581
551582
551583
551584
551585
551586
551587
551588
551589
551590
551591
551592
551593
551594
551595
551596
551597
551598
551599
551600
551601
551602
551603
551604
551605
551606
551607
551608
551609
551610
551611
551612
551613
551614
551615
551616
551617
551618
551619
551620
551621
551622
551623
551624
551625
551626
551627
551628
551629
551630
551631
551632
551633
551634
551635
551636
551637
551638
551639
551640
551641
551642
551643
551644
551645
551646
551647
551648
551649
551650
551651
551652
551653
551654
551655
551656
551657
551658
551659
551660
551661
551662
551663
551664
551665
551666
551667
551668
551669
551670
551671
551672
551673
551674
551675
551676
551677
551678
551679
551680
551681
551682
551683
551684
551685
551686
551687
551688
551689
551690
551691
551692
551693
551694
551695
551696
551697
551698
551699
551700
551701
551702
551703
551704
551705
551706
551707
551708
551709
551710
551711
551712
551713
551714
551715
551716
551717
551718
551719
551720
551721
551722
551723
551724
551725
551726
551727
551728
551729
551730
551731
551732
551733
551734
551735
551736
551737
551738
551739
551740
551741
551742
551743
551744
551745
551746
551747
551748
551749
551750
551751
551752
551753
551754
551755
551756
551757
551758
551759
551760
551761
551762
551763
551764
551765
551766
551767
551768
551769
551770
551771
551772
551773
551774
551775
551776
551777
551778
551779
551780
551781
551782
551783
551784
551785
551786
551787
551788
551789
551790
551791
551792
551793
551794
551795
551796
551797
551798
551799
551800
551801
551802
551803
551804
551805
551806
551807
551808
551809
551810
551811
551812
551813
551814
551815
551816
551817
551818
551819
551820
551821
551822
551823
551824
551825
551826
551827
551828
551829
551830
551831
551832
551833
551834
551835
551836
551837
551838
551839
551840
551841
551842
551843
551844
551845
551846
551847
551848
551849
551850
551851
551852
551853
551854
551855
551856
551857
551858
551859
551860
551861
551862
551863
551864
551865
551866
551867
551868
551869
551870
551871
551872
551873
551874
551875
551876
551877
551878
551879
551880
551881
551882
551883
551884
551885
551886
551887
551888
551889
551890
551891
551892
551893
551894
551895
551896
551897
551898
551899
551900
551901
551902
551903
551904
551905
551906
551907
551908
551909
551910
551911
551912
551913
551914
551915
551916
551917
551918
551919
551920
551921
551922
551923
551924
551925
551926
551927
551928
551929
551930
551931
551932
551933
551934
551935
551936
551937
551938
551939
551940
551941
551942
551943
551944
551945
551946
551947
551948
551949
551950
551951
551952
551953
551954
551955
551956
551957
551958
551959
551960
551961
551962
551963
551964
551965
551966
551967
551968
551969
551970
551971
551972
551973
551974
551975
551976
551977
551978
551979
551980
551981
551982
551983
551984
551985
551986
551987
551988
551989
551990
551991
551992
551993
551994
551995
551996
551997
551998
551999
552000
552001
552002
552003
552004
552005
552006
552007
552008
552009
552010
552011
552012
552013
552014
552015
552016
552017
552018
552019
552020
552021
552022
552023
552024
552025
552026
552027
552028
552029
552030
552031
552032
552033
552034
552035
552036
552037
552038
552039
552040
552041
552042
552043
552044
552045
552046
552047
552048
552049
552050
552051
552052
552053
552054
552055
552056
552057
552058
552059
552060
552061
552062
552063
552064
552065
552066
552067
552068
552069
552070
552071
552072
552073
552074
552075
552076
552077
552078
552079
552080
552081
552082
552083
552084
552085
552086
552087
552088
552089
552090
552091
552092
552093
552094
552095
552096
552097
552098
552099
552100
552101
552102
552103
552104
552105
552106
552107
552108
552109
552110
552111
552112
552113
552114
552115
552116
552117
552118
552119
552120
552121
552122
552123
552124
552125
552126
552127
552128
552129
552130
552131
552132
552133
552134
552135
552136
552137
552138
552139
552140
552141
552142
552143
552144
552145
552146
552147
552148
552149
552150
552151
552152
552153
552154
552155
552156
552157
552158
552159
552160
552161
552162
552163
552164
552165
552166
552167
552168
552169
552170
552171
552172
552173
552174
552175
552176
552177
552178
552179
552180
552181
552182
552183
552184
552185
552186
552187
552188
552189
552190
552191
552192
552193
552194
552195
552196
552197
552198
552199
552200
552201
552202
552203
552204
552205
552206
552207
552208
552209
552210
552211
552212
552213
552214
552215
552216
552217
552218
552219
552220
552221
552222
552223
552224
552225
552226
552227
552228
552229
552230
552231
552232
552233
552234
552235
552236
552237
552238
552239
552240
552241
552242
552243
552244
552245
552246
552247
552248
552249
552250
552251
552252
552253
552254
552255
552256
552257
552258
552259
552260
552261
552262
552263
552264
552265
552266
552267
552268
552269
552270
552271
552272
552273
552274
552275
552276
552277
552278
552279
552280
552281
552282
552283
552284
552285
552286
552287
552288
552289
552290
552291
552292
552293
552294
552295
552296
552297
552298
552299
552300
552301
552302
552303
552304
552305
552306
552307
552308
552309
552310
552311
552312
552313
552314
552315
552316
552317
552318
552319
552320
552321
552322
552323
552324
552325
552326
552327
552328
552329
552330
552331
552332
552333
552334
552335
552336
552337
552338
552339
552340
552341
552342
552343
552344
552345
552346
552347
552348
552349
552350
552351
552352
552353
552354
552355
552356
552357
552358
552359
552360
552361
552362
552363
552364
552365
552366
552367
552368
552369
552370
552371
552372
552373
552374
552375
552376
552377
552378
552379
552380
552381
552382
552383
552384
552385
552386
552387
552388
552389
552390
552391
552392
552393
552394
552395
552396
552397
552398
552399
552400
552401
552402
552403
552404
552405
552406
552407
552408
552409
552410
552411
552412
552413
552414
552415
552416
552417
552418
552419
552420
552421
552422
552423
552424
552425
552426
552427
552428
552429
552430
552431
552432
552433
552434
552435
552436
552437
552438
552439
552440
552441
552442
552443
552444
552445
552446
552447
552448
552449
552450
552451
552452
552453
552454
552455
552456
552457
552458
552459
552460
552461
552462
552463
552464
552465
552466
552467
552468
552469
552470
552471
552472
552473
552474
552475
552476
552477
552478
552479
552480
552481
552482
552483
552484
552485
552486
552487
552488
552489
552490
552491
552492
552493
552494
552495
552496
552497
552498
552499
552500
552501
552502
552503
552504
552505
552506
552507
552508
552509
552510
552511
552512
552513
552514
552515
552516
552517
552518
552519
552520
552521
552522
552523
552524
552525
552526
552527
552528
552529
552530
552531
552532
552533
552534
552535
552536
552537
552538
552539
552540
552541
552542
552543
552544
552545
552546
552547
552548
552549
552550
552551
552552
552553
552554
552555
552556
552557
552558
552559
552560
552561
552562
552563
552564
552565
552566
552567
552568
552569
552570
552571
552572
552573
552574
552575
552576
552577
552578
552579
552580
552581
552582
552583
552584
552585
552586
552587
552588
552589
552590
552591
552592
552593
552594
552595
552596
552597
552598
552599
552600
552601
552602
552603
552604
552605
552606
552607
552608
552609
552610
552611
552612
552613
552614
552615
552616
552617
552618
552619
552620
552621
552622
552623
552624
552625
552626
552627
552628
552629
552630
552631
552632
552633
552634
552635
552636
552637
552638
552639
552640
552641
552642
552643
552644
552645
552646
552647
552648
552649
552650
552651
552652
552653
552654
552655
552656
552657
552658
552659
552660
552661
552662
552663
552664
552665
552666
552667
552668
552669
552670
552671
552672
552673
552674
552675
552676
552677
552678
552679
552680
552681
552682
552683
552684
552685
552686
552687
552688
552689
552690
552691
552692
552693
552694
552695
552696
552697
552698
552699
552700
552701
552702
552703
552704
552705
552706
552707
552708
552709
552710
552711
552712
552713
552714
552715
552716
552717
552718
552719
552720
552721
552722
552723
552724
552725
552726
552727
552728
552729
552730
552731
552732
552733
552734
552735
552736
552737
552738
552739
552740
552741
552742
552743
552744
552745
552746
552747
552748
552749
552750
552751
552752
552753
552754
552755
552756
552757
552758
