374380
374381
374382
374383
374384
374385
374386
374387
374388
374389
374390
374391
374392
374393
374394
374395
374396
374397
374398
374399
374400
374401
374402
374403
374404
374405
374406
374407
374408
374409
374410
374411
374412
374413
374414
374415
374416
374417
374418
374419
374420
374421
374422
374423
374424
374425
374426
374427
374428
374429
374430
374431
374432
374433
374434
374435
374436
374437
374438
374439
374440
374441
374442
374443
374444
374445
374446
374447
374448
374449
374450
374451
374452
374453
374454
374455
374456
374457
374458
374459
374460
374461
374462
374463
374464
374465
374466
374467
374468
374469
374470
374471
374472
374473
374474
374475
374476
374477
374478
374479
374480
374481
374482
374483
374484
374485
374486
374487
374488
374489
374490
374491
374492
374493
374494
374495
374496
374497
374498
374499
374500
374501
374502
374503
374504
374505
374506
374507
374508
374509
374510
374511
374512
374513
374514
374515
374516
374517
374518
374519
374520
374521
374522
374523
374524
374525
374526
374527
374528
374529
374530
374531
374532
374533
374534
374535
374536
374537
374538
374539
374540
374541
374542
374543
374544
374545
374546
374547
374548
374549
374550
374551
374552
374553
374554
374555
374556
374557
374558
374559
374560
374561
374562
374563
374564
374565
374566
374567
374568
374569
374570
374571
374572
374573
374574
374575
374576
374577
374578
374579
374580
374581
374582
374583
374584
374585
374586
374587
374588
374589
374590
374591
374592
374593
374594
374595
374596
374597
374598
374599
374600
374601
374602
374603
374604
374605
374606
374607
374608
374609
374610
374611
374612
374613
374614
374615
374616
374617
374618
374619
374620
374621
374622
374623
374624
374625
374626
374627
374628
374629
374630
374631
374632
374633
374634
374635
374636
374637
374638
374639
374640
374641
374642
374643
374644
374645
374646
374647
374648
374649
374650
374651
374652
374653
374654
374655
374656
374657
374658
374659
374660
374661
374662
374663
374664
374665
374666
374667
374668
374669
374670
374671
374672
374673
374674
374675
374676
374677
374678
374679
374680
374681
374682
374683
374684
374685
374686
374687
374688
374689
374690
374691
374692
374693
374694
374695
374696
374697
374698
374699
374700
374701
374702
374703
374704
374705
374706
374707
374708
374709
374710
374711
374712
374713
374714
374715
374716
374717
374718
374719
374720
374721
374722
374723
374724
374725
374726
374727
374728
374729
374730
374731
374732
374733
374734
374735
374736
374737
374738
374739
374740
374741
374742
374743
374744
374745
374746
374747
374748
374749
374750
374751
374752
374753
374754
374755
374756
374757
374758
374759
374760
374761
374762
374763
374764
374765
374766
374767
374768
374769
374770
374771
374772
374773
374774
374775
374776
374777
374778
374779
374780
374781
374782
374783
374784
374785
374786
374787
374788
374789
374790
374791
374792
374793
374794
374795
374796
374797
374798
374799
374800
374801
374802
374803
374804
374805
374806
374807
374808
374809
374810
374811
374812
374813
374814
374815
374816
374817
374818
374819
374820
374821
374822
374823
374824
374825
374826
374827
374828
374829
374830
374831
374832
374833
374834
374835
374836
374837
374838
374839
374840
374841
374842
374843
374844
374845
374846
374847
374848
374849
374850
374851
374852
374853
374854
374855
374856
374857
374858
374859
374860
374861
374862
374863
374864
374865
374866
374867
374868
374869
374870
374871
374872
374873
374874
374875
374876
374877
374878
374879
374880
374881
374882
374883
374884
374885
374886
374887
374888
374889
374890
374891
374892
374893
374894
374895
374896
374897
374898
374899
374900
374901
374902
374903
374904
374905
374906
374907
374908
374909
374910
374911
374912
374913
374914
374915
374916
374917
374918
374919
374920
374921
374922
374923
374924
374925
374926
374927
374928
374929
374930
374931
374932
374933
374934
374935
374936
374937
374938
374939
374940
374941
374942
374943
374944
374945
374946
374947
374948
374949
374950
374951
374952
374953
374954
374955
374956
374957
374958
374959
374960
374961
374962
374963
374964
374965
374966
374967
374968
374969
374970
374971
374972
374973
374974
374975
374976
374977
374978
374979
374980
374981
374982
374983
374984
374985
374986
374987
374988
374989
374990
374991
374992
374993
374994
374995
374996
374997
374998
374999
375000
375001
375002
375003
375004
375005
375006
375007
375008
375009
375010
375011
375012
375013
375014
375015
375016
375017
375018
375019
375020
375021
375022
375023
375024
375025
375026
375027
375028
375029
375030
375031
375032
375033
375034
375035
375036
375037
375038
375039
375040
375041
375042
375043
375044
375045
375046
375047
375048
375049
375050
375051
375052
375053
375054
375055
375056
375057
375058
375059
375060
375061
375062
375063
375064
375065
375066
375067
375068
375069
375070
375071
375072
375073
375074
375075
375076
375077
375078
375079
375080
375081
375082
375083
375084
375085
375086
375087
375088
375089
375090
375091
375092
375093
375094
375095
375096
375097
375098
375099
375100
375101
375102
375103
375104
375105
375106
375107
375108
375109
375110
375111
375112
375113
375114
375115
375116
375117
375118
375119
375120
375121
375122
375123
375124
375125
375126
375127
375128
375129
375130
375131
375132
375133
375134
375135
375136
375137
375138
375139
375140
375141
375142
375143
375144
375145
375146
375147
375148
375149
375150
375151
375152
375153
375154
375155
375156
375157
375158
375159
375160
375161
375162
375163
375164
375165
375166
375167
375168
375169
375170
375171
375172
375173
375174
375175
375176
375177
375178
375179
375180
375181
375182
375183
375184
375185
375186
375187
375188
375189
375190
375191
375192
375193
375194
375195
375196
375197
375198
375199
375200
375201
375202
375203
375204
375205
375206
375207
375208
375209
375210
375211
375212
375213
375214
375215
375216
375217
375218
375219
375220
375221
375222
375223
375224
375225
375226
375227
375228
375229
375230
375231
375232
375233
375234
375235
375236
375237
375238
375239
375240
375241
375242
375243
375244
375245
375246
375247
375248
375249
375250
375251
375252
375253
375254
375255
375256
375257
375258
375259
375260
375261
375262
375263
375264
375265
375266
375267
375268
375269
375270
375271
375272
375273
375274
375275
375276
375277
375278
375279
375280
375281
375282
375283
375284
375285
375286
375287
375288
375289
375290
375291
375292
375293
375294
375295
375296
375297
375298
375299
375300
375301
375302
375303
375304
375305
375306
375307
375308
375309
375310
375311
375312
375313
375314
375315
375316
375317
375318
375319
375320
375321
375322
375323
375324
375325
375326
375327
375328
375329
375330
375331
375332
375333
375334
375335
375336
375337
375338
375339
375340
375341
375342
375343
375344
375345
375346
375347
375348
375349
375350
375351
375352
375353
375354
375355
375356
375357
375358
375359
375360
375361
375362
375363
375364
375365
375366
375367
375368
375369
375370
375371
375372
375373
375374
375375
375376
375377
375378
375379
375380
375381
375382
375383
375384
375385
375386
375387
375388
375389
375390
375391
375392
375393
375394
375395
375396
375397
375398
375399
375400
375401
375402
375403
375404
375405
375406
375407
375408
375409
375410
375411
375412
375413
375414
375415
375416
375417
375418
375419
375420
375421
375422
375423
375424
375425
375426
375427
375428
375429
375430
375431
375432
375433
375434
375435
375436
375437
375438
375439
375440
375441
375442
375443
375444
375445
375446
375447
375448
375449
375450
375451
375452
375453
375454
375455
375456
375457
375458
375459
375460
375461
375462
375463
375464
375465
375466
375467
375468
375469
375470
375471
375472
375473
375474
375475
375476
375477
375478
375479
375480
375481
375482
375483
375484
375485
375486
375487
375488
375489
375490
375491
375492
375493
375494
375495
375496
375497
375498
375499
375500
375501
375502
375503
375504
375505
375506
375507
375508
375509
375510
375511
375512
375513
375514
375515
375516
375517
375518
375519
375520
375521
375522
375523
375524
375525
375526
375527
375528
375529
375530
375531
375532
375533
375534
375535
375536
375537
375538
375539
375540
375541
375542
375543
375544
375545
375546
375547
375548
375549
375550
375551
375552
375553
375554
375555
375556
375557
375558
375559
375560
375561
375562
375563
375564
375565
375566
375567
375568
375569
375570
375571
375572
375573
375574
375575
375576
375577
375578
375579
375580
375581
375582
375583
375584
375585
375586
375587
375588
375589
375590
375591
375592
375593
375594
375595
375596
375597
375598
375599
375600
375601
375602
375603
375604
375605
375606
375607
375608
375609
375610
375611
375612
375613
375614
375615
375616
375617
375618
375619
375620
375621
375622
375623
375624
375625
375626
375627
375628
375629
375630
375631
375632
375633
375634
375635
375636
375637
375638
375639
375640
375641
375642
375643
375644
375645
375646
375647
375648
375649
375650
375651
375652
375653
375654
375655
375656
375657
375658
375659
375660
375661
375662
375663
375664
375665
375666
375667
375668
375669
375670
375671
375672
375673
375674
375675
375676
375677
375678
375679
375680
375681
375682
375683
375684
375685
375686
375687
375688
375689
375690
375691
375692
375693
375694
375695
375696
375697
375698
375699
375700
375701
375702
375703
375704
375705
375706
375707
375708
375709
375710
375711
375712
375713
375714
375715
375716
375717
375718
375719
375720
375721
375722
375723
375724
375725
375726
375727
375728
375729
375730
375731
375732
375733
375734
375735
375736
375737
375738
375739
375740
375741
375742
375743
375744
375745
375746
375747
375748
375749
375750
375751
375752
375753
375754
375755
375756
375757
375758
375759
375760
375761
375762
375763
375764
375765
375766
375767
375768
375769
375770
375771
375772
375773
375774
375775
375776
375777
375778
375779
375780
375781
375782
375783
375784
375785
375786
375787
375788
375789
375790
375791
375792
375793
375794
375795
375796
375797
375798
375799
375800
375801
375802
375803
375804
375805
375806
375807
375808
375809
375810
375811
375812
375813
375814
375815
375816
375817
375818
375819
375820
375821
375822
375823
375824
375825
375826
375827
375828
375829
375830
375831
375832
375833
375834
375835
375836
375837
375838
375839
375840
375841
375842
375843
375844
375845
375846
375847
375848
375849
375850
375851
375852
375853
375854
375855
375856
375857
375858
375859
375860
375861
375862
375863
375864
375865
375866
375867
375868
375869
375870
375871
375872
375873
375874
375875
375876
375877
375878
375879
375880
375881
375882
375883
375884
375885
375886
375887
375888
375889
375890
375891
375892
375893
375894
375895
375896
375897
375898
375899
375900
375901
375902
375903
375904
375905
375906
375907
375908
375909
375910
375911
375912
375913
375914
375915
375916
375917
375918
375919
375920
375921
375922
375923
375924
375925
375926
375927
375928
375929
375930
375931
375932
375933
375934
375935
375936
375937
375938
375939
375940
375941
375942
375943
375944
375945
375946
375947
375948
375949
375950
375951
375952
375953
375954
375955
375956
375957
375958
375959
375960
375961
375962
375963
375964
375965
375966
375967
375968
375969
375970
375971
375972
375973
375974
375975
375976
375977
375978
375979
375980
375981
375982
375983
375984
375985
375986
375987
375988
375989
375990
375991
375992
375993
375994
375995
375996
375997
375998
375999
376000
376001
376002
376003
376004
376005
376006
376007
376008
376009
376010
376011
376012
376013
376014
376015
376016
376017
376018
376019
376020
376021
376022
376023
376024
376025
376026
376027
376028
376029
376030
376031
376032
376033
376034
376035
376036
376037
376038
376039
376040
376041
376042
376043
376044
376045
376046
376047
376048
376049
376050
376051
376052
376053
376054
376055
376056
376057
376058
376059
376060
376061
376062
376063
376064
376065
376066
376067
376068
376069
376070
376071
376072
376073
376074
376075
376076
376077
376078
376079
376080
376081
376082
376083
376084
376085
376086
376087
376088
376089
376090
376091
376092
376093
376094
376095
376096
376097
376098
376099
376100
376101
376102
376103
376104
376105
376106
376107
376108
376109
376110
376111
376112
376113
376114
376115
376116
376117
376118
376119
376120
376121
376122
376123
376124
376125
376126
376127
376128
376129
376130
376131
376132
376133
376134
376135
376136
376138
376139
376140
376141
376142
376143
376144
376145
376146
376147
376148
376149
376150
376151
376152
376153
376154
376155
376156
376157
376158
376159
376160
376161
376162
376163
376164
376165
376166
376167
376168
376169
376170
376171
376172
376173
376174
376175
376176
376177
376178
376179
376180
376181
376182
376183
376184
376185
376186
376187
376188
376189
376190
376191
376192
376193
376194
376195
376196
376197
376198
376199
376200
376201
376202
376203
376204
376205
376206
376207
376208
376209
376210
376211
376212
376213
376214
376215
376216
376217
376218
376219
376220
376221
376222
376223
376224
376225
376226
376227
376228
376229
376230
376231
376232
376233
376234
376235
376236
376237
376238
376239
376240
376241
376242
376243
376244
376245
376246
376247
376248
376249
376250
376251
376252
376253
376254
376255
376256
376257
376258
376259
376260
376261
376262
376263
376264
376265
376266
376267
376268
376269
376270
376271
376272
376273
376274
376275
376276
376277
376278
376279
376280
376281
376282
376283
376284
376285
376286
376287
376288
376289
376290
376291
376292
376293
376294
376295
376296
376297
376298
376299
376300
376301
376302
376303
376304
376305
376306
376307
376308
376309
376310
376311
376312
376313
376314
376315
376316
376317
376318
376319
376320
376321
376322
376323
376324
376325
376326
376327
376328
376329
376330
376331
376332
376333
376334
376335
376336
376337
376338
376339
376340
376341
376342
376343
376344
376345
376346
376347
376348
376349
376350
376351
376352
376353
376354
376355
376356
376357
376358
376359
376360
376361
376362
376363
376364
376365
376366
376367
376368
376369
376370
376371
376372
376373
376374
376375
376376
376377
376378
376379
376380
376381
376382
376383
376384
376385
376386
376387
376388
376389
376390
376391
376392
376393
376394
376395
376396
376397
376398
376399
376400
376401
376402
376403
376404
376405
376406
376407
376408
376409
376410
376411
376412
376413
376414
376415
376416
376417
376418
376419
376420
376421
376422
376423
376424
376425
376426
376427
376428
376429
376430
376431
376432
376433
376434
376435
376436
376437
376438
376439
376440
376441
376442
376443
376444
376445
376446
376447
376448
376449
376450
376451
376452
376453
376454
376455
376456
376457
376458
376459
376460
376461
376462
376463
376464
376465
376466
376467
376468
376469
376470
376471
376472
376473
376474
376475
376476
376477
376478
376479
376480
376481
376482
376483
376484
376485
376486
376487
376488
376489
376490
376491
376492
376493
376494
376495
376496
376497
376498
376499
376500
376501
376502
376503
376504
376505
376506
376507
376508
376509
376510
376511
376512
376513
376514
376515
376516
376517
376518
376519
376520
376521
376522
376523
376524
376525
376526
376527
376528
376529
376530
376531
376532
376533
376534
376535
376536
376537
376538
376539
376540
376541
376542
376543
376544
376545
376546
376547
376548
376549
376550
376551
376552
376553
376554
376555
376556
376557
376558
376559
376560
376561
376562
376563
376564
376565
376566
376567
376568
376569
376570
376571
376572
376573
376574
376575
376576
376577
376578
376579
376580
376581
376582
376583
376584
376585
376586
376587
376588
376589
376590
376591
376592
376593
376594
376595
376596
376597
376598
376599
376600
376601
376602
376603
376604
376605
376606
376607
376608
376609
376610
376611
376612
376613
376614
376615
376616
376617
376618
376619
376620
376621
376622
376623
376624
376625
376626
376627
376628
376629
376630
376631
376632
376633
376634
376635
376636
376637
376638
376639
376640
376641
376642
376643
376644
376645
376646
376647
376648
376649
376650
376651
376652
376653
376654
376655
376656
376657
376658
376659
376660
376661
376662
376663
376664
376665
376666
376667
376668
376669
376670
376671
376672
376673
376674
376675
376676
376677
376678
376679
376680
376681
376682
376683
376684
376685
376686
376687
376688
376689
376690
376691
376692
376693
376694
376695
376696
376697
376698
376699
376700
376701
376702
376703
376704
376705
376706
376707
376708
376709
376710
376711
376712
376713
376714
376715
376716
376717
376718
376719
376720
376721
376722
376723
376724
376725
376726
376727
376728
376729
376730
376731
376732
376733
376734
376735
376736
376737
376738
376739
376740
376741
376742
376743
376744
376745
376746
376747
376748
376749
376750
376751
376752
376753
376754
376755
376756
376757
376758
376759
376760
376761
376762
376763
376764
376765
376766
376767
376768
376769
376770
376771
376772
376773
376774
376775
376776
376777
376778
376779
376780
376781
376782
376783
376784
376785
376786
376787
376788
376789
376790
376791
376792
376793
376794
376795
376796
376797
376798
376799
376800
376801
376802
376803
376804
376805
376806
376807
376808
376809
376810
376811
376812
376813
376814
376815
376816
376817
376818
376819
376820
376821
376822
376823
376824
376825
376826
376827
376828
376829
376830
376831
376832
376833
376834
376835
376836
376837
376838
376839
376840
376841
376842
376843
376844
376845
376846
376847
376848
376849
376850
376851
376852
376853
376854
376855
376856
376857
376858
376859
376860
376861
376862
376863
376864
376865
376866
376867
376868
376869
376870
376871
376872
376873
376874
376875
376876
376877
376878
376879
376880
376881
376882
376883
376884
376885
376886
376887
376888
376889
376890
376891
376892
376893
376894
376895
376896
376897
376898
376899
376900
376901
376902
376903
376904
376905
376906
376907
376908
376909
376910
376911
376912
376913
376914
376915
376916
376917
376918
376919
376920
376921
376922
376923
376924
376925
376926
376927
376928
376929
376930
376931
376932
376933
376934
376935
376936
376937
376938
376939
376940
376941
376942
376943
376944
376945
376946
376947
376948
376949
376950
376951
376952
376953
376954
376955
376956
376957
376958
376959
376960
376961
376962
376963
376964
376965
376966
376967
376968
376969
376970
376971
376972
376973
376974
376975
376976
376977
376978
376979
376980
376981
376982
376983
376984
376985
376986
376987
376988
376989
376990
376991
376992
376993
376994
376995
376996
376997
376998
376999
377000
377001
377002
377003
377004
377005
377006
377007
377008
377009
377010
377011
377012
377013
377014
377015
377016
377017
377018
377019
377020
377021
377022
377023
377024
377025
377026
377027
377028
377029
377030
377031
377032
377033
377034
377035
377036
377037
377038
377039
377040
377041
377042
377043
377044
377045
377046
377047
377048
377049
377050
377051
377052
377053
377054
377055
377056
377057
377058
377059
377060
377061
377062
377063
377064
377065
377066
377067
377068
377069
377070
377071
377072
377073
377074
377075
377076
377077
377078
377079
377080
377081
377082
377083
377084
377085
377086
377087
377088
377089
377090
377091
377092
377093
377094
377095
377096
377097
377098
377099
377100
377101
377102
377103
377104
377105
377106
377107
377108
377109
377110
377111
377112
377113
377114
377115
377116
377117
377118
377119
377120
377121
377122
377123
377124
377125
377126
377127
377128
377129
377130
377131
377132
377133
377134
377135
377136
377137
377138
377139
377140
377141
377142
377143
377144
377145
377146
377147
377148
377149
377150
377151
377152
377153
377154
377155
377156
377157
377158
377159
377160
377161
377162
377163
377164
377165
377166
377167
377168
377169
377170
377171
377172
377173
377174
377175
377176
377177
377178
377179
377180
377181
377182
377183
377184
377185
377186
377187
377188
377189
377190
377191
377192
377193
377194
377195
377196
377197
377198
377199
377200
377201
377202
377203
377204
377205
377206
377207
377208
377209
377210
377211
377212
377213
377214
377215
377216
377217
377218
377219
377220
377221
377222
377223
377224
377225
377226
377227
377228
377229
377230
377231
377232
377233
377234
377235
377236
377237
377238
377239
377240
377241
377242
377243
377244
377245
377246
377247
377248
377249
377250
377251
377252
377253
377254
377255
377256
377257
377258
377259
377260
377261
377262
377263
377264
377265
377266
377267
377268
377269
377270
377271
377272
377273
377274
377275
377276
377277
377278
377279
377280
377281
377282
377283
377284
377285
377286
377287
377288
377289
377290
377291
377292
377293
377294
377295
377296
377297
377298
377299
377300
377301
377302
377303
377304
377305
377306
377307
377308
377309
377310
377311
377312
377313
377314
377315
377316
377317
377318
377319
377320
377321
377322
377323
377324
377325
377326
377327
377328
377329
377330
377331
377332
377333
377334
377335
377336
377337
377338
377339
377340
377341
377342
377343
377344
377345
377346
377347
377348
377349
377350
377351
377352
377353
377354
377355
377356
377357
377358
377359
377360
377361
377362
377363
377364
377365
377366
377367
377368
377369
377370
377371
377372
377373
377374
377375
377376
377377
377378
377379
377380
377381
377382
377383
377384
377385
377386
377387
377388
377389
377390
377391
377392
377393
377394
377395
377396
377397
377398
377399
377400
377401
377402
377403
377404
377405
377406
377407
377408
377409
377410
377411
377412
377413
377414
377415
377416
377417
377418
377419
377420
377421
377422
377423
377424
377425
377426
377427
377428
377429
377430
377431
377432
377433
377434
377435
377436
377437
377438
377439
377440
377441
377442
377443
377444
377445
377446
377447
377448
377449
377450
377451
377452
377453
377454
377455
377456
377457
377458
377459
377460
377461
377462
377463
377464
377465
377466
377467
377468
377469
377470
377471
377472
377473
377474
377475
377476
377477
377478
377479
377480
377481
377482
377483
377484
377485
377486
377487
377488
377489
377490
377491
377492
377493
377494
377495
377496
377497
377498
377499
377500
377501
377502
377503
377504
377505
377506
377507
377508
377509
377510
377511
377512
377513
377514
377515
377516
377517
377518
377519
377520
377521
377522
377523
377524
377525
377526
377527
377528
377529
377530
377531
377532
377533
377534
377535
377536
377537
377538
377539
377540
377541
377542
377543
377544
377545
377546
377547
377548
377549
377550
377551
377552
377553
377554
377555
377556
377557
377558
377559
377560
377561
377562
377563
