764912
764913
764914
764915
764916
764917
764918
764919
764920
764921
764922
764923
764924
764925
764926
764927
764928
764929
764930
764931
764932
764933
764934
764935
764936
764937
764938
764939
764940
764941
764942
764943
764944
764945
764946
764947
764948
764949
764950
764951
764952
764953
764954
764955
764956
764957
764958
764959
764960
764961
764962
764963
764964
764965
764966
764967
764968
764969
764970
764971
764972
764973
764974
764975
764976
764977
764978
764979
764980
764981
764982
764983
764984
764985
764986
764987
764988
764989
764990
764991
764992
764993
764994
764995
764996
764997
764998
764999
765000
765001
765002
765003
765004
765005
765006
765007
765008
765009
765010
765011
765012
765013
765014
765015
765016
765017
765018
765019
765020
765021
765022
765023
765024
765025
765026
765027
765028
765029
765030
765031
765032
765033
765034
765035
765036
765037
765038
765039
765040
765041
765042
765043
765044
765045
765046
765047
765048
765049
765050
765051
765052
765053
765054
765055
765056
765057
765058
765059
765060
765061
765062
765063
765064
765065
765066
765067
765068
765069
765070
765071
765072
765073
765074
765075
765076
765077
765078
765079
765080
765081
765082
765083
765084
765085
765086
765087
765088
765089
765090
765091
765092
765093
765094
765095
765096
765097
765098
765099
765100
765101
765102
765103
765104
765105
765106
765107
765108
765109
765110
765111
765112
765113
765114
765115
765116
765117
765118
765119
765120
765121
765122
765123
765124
765125
765126
765127
765128
765129
765130
765131
765132
765133
765134
765135
765136
765137
765138
765139
765140
765141
765142
765143
765144
765145
765146
765147
765148
765149
765150
765151
765152
765153
765154
765155
765156
765157
765158
765159
765160
765161
765162
765163
765164
765165
765166
765167
765168
765169
765170
765171
765172
765173
765174
765175
765176
765177
765178
765179
765180
765181
765182
765183
765184
765185
765186
765187
765188
765189
765190
765191
765192
765193
765194
765195
765196
765197
765198
765199
765200
765201
765202
765203
765204
765205
765206
765207
765208
765209
765210
765211
765212
765213
765214
765215
765216
765217
765218
765219
765220
765221
765222
765223
765224
765225
765226
765227
765228
765229
765230
765231
765232
765233
765234
765235
765236
765237
765238
765239
765240
765241
765242
765243
765244
765245
765246
765247
765248
765249
765250
765251
765252
765253
765254
765255
765256
765257
765258
765259
765260
765261
765262
765263
765264
765265
765266
765267
765268
765269
765270
765271
765272
765273
765274
765275
765276
765277
765278
765279
765280
765281
765282
765283
765284
765285
765286
765287
765288
765289
765290
765291
765292
765293
765294
765295
765296
765297
765298
765299
765300
765301
765302
765303
765304
765305
765306
765307
765308
765309
765310
765311
765312
765313
765314
765315
765316
765317
765318
765319
765320
765321
765322
765323
765324
765325
765326
765327
765328
765329
765330
765331
765332
765333
765334
765335
765336
765337
765338
765339
765340
765341
765342
765343
765344
765345
765346
765347
765348
765349
765350
765351
765352
765353
765354
765355
765356
765357
765358
765359
765360
765361
765362
765363
765364
765365
765366
765367
765368
765369
765370
765371
765372
765373
765374
765375
765376
765377
765378
765379
765380
765381
765382
765383
765384
765385
765386
765387
765388
765389
765390
765391
765392
765393
765394
765395
765396
765397
765398
765399
765400
765401
765402
765403
765404
765405
765406
765407
765408
765409
765410
765411
765412
765413
765414
765415
765416
765417
765418
765419
765420
765421
765422
765423
765424
765425
765426
765427
765428
765429
765430
765431
765432
765433
765434
765435
765436
765437
765438
765439
765440
765441
765442
765443
765444
765445
765446
765447
765448
765449
765450
765451
765452
765453
765454
765455
765456
765457
765458
765459
765460
765461
765462
765463
765464
765465
765466
765467
765468
765469
765470
765471
765472
765473
765474
765475
765476
765477
765478
765479
765480
765481
765482
765483
765484
765485
765486
765487
765488
765489
765490
765491
765492
765493
765494
765495
765496
765497
765498
765499
765500
765501
765502
765503
765504
765505
765506
765507
765508
765509
765510
765511
765512
765513
765514
765515
765516
765517
765518
765519
765520
765521
765522
765523
765524
765525
765526
765527
765528
765529
765530
765531
765532
765533
765534
765535
765536
765537
765538
765539
765540
765541
765542
765543
765544
765545
765546
765547
765548
765549
765550
765551
765552
765553
765554
765555
765556
765557
765558
765559
765560
765561
765562
765563
765564
765565
765566
765567
765568
765569
765570
765571
765572
765573
765574
765575
765576
765577
765578
765579
765580
765581
765582
765583
765584
765585
765586
765587
765588
765589
765590
765591
765592
765593
765594
765595
765596
765597
765598
765599
765600
765601
765602
765603
765604
765605
765606
765607
765608
765609
765610
765611
765612
765613
765614
765615
765616
765617
765618
765619
765620
765621
765622
765623
765624
765625
765626
765627
765628
765629
765630
765631
765632
765633
765634
765635
765636
765637
765638
765639
765640
765641
765642
765643
765644
765645
765646
765647
765648
765649
765650
765651
765652
765653
765654
765655
765656
765657
765658
765659
765660
765661
765662
765663
765664
765665
765666
765667
765668
765669
765670
765671
765672
765673
765674
765675
765676
765677
765678
765679
765680
765681
765682
765683
765684
765685
765686
765687
765688
765689
765690
765691
765692
765693
765694
765695
765696
765697
765698
765699
765700
765701
765702
765703
765704
765705
765706
765707
765708
765709
765710
765711
765712
765713
765714
765715
765716
765717
765718
765719
765720
765721
765722
765723
765724
765725
765726
765727
765728
765729
765730
765731
765732
765733
765734
765735
765736
765737
765738
765739
765740
765741
765742
765743
765744
765745
765746
765747
765748
765749
765750
765751
765752
765753
765754
765755
765756
765757
765758
765759
765760
765761
765762
765763
765764
765765
765766
765767
765768
765769
765770
765771
765772
765773
765774
765775
765776
765777
765778
765779
765780
765781
765782
765783
765784
765785
765786
765787
765788
765789
765790
765791
765792
765793
765794
765795
765796
765797
765798
765799
765800
765801
765802
765803
765804
765805
765806
765807
765808
765809
765810
765811
765812
765813
765814
765815
765816
765817
765818
765819
765820
765821
765822
765823
765824
765825
765826
765827
765828
765829
765830
765831
765832
765833
765834
765835
765836
765837
765838
765839
765840
765841
765842
765843
765844
765845
765846
765847
765848
765849
765850
765851
765852
765853
765854
765855
765856
765857
765858
765859
765860
765861
765862
765863
765864
765865
765866
765867
765868
765869
765870
765871
765872
765873
765874
765875
765876
765877
765878
765879
765880
765881
765882
765883
765884
765885
765886
765887
765888
765889
765890
765891
765892
765893
765894
765895
765896
765897
765898
765899
765900
765901
765902
765903
765904
765905
765906
765907
765908
765909
765910
765911
765912
765913
765914
765915
765916
765917
765918
765919
765920
765921
765922
765923
765924
765925
765926
765927
765928
765929
765930
765931
765932
765933
765934
765935
765936
765937
765938
765939
765940
765941
765942
765943
765944
765945
765946
765947
765948
765949
765950
765951
765952
765953
765954
765955
765956
765957
765958
765959
765960
765961
765962
765963
765964
765965
765966
765967
765968
765969
765970
765971
765972
765973
765974
765975
765976
765977
765978
765979
765980
765981
765982
765983
765984
765985
765986
765987
765988
765989
765990
765991
765992
765993
765994
765995
765996
765997
765998
765999
766000
766001
766002
766003
766004
766005
766006
766007
766008
766009
766010
766011
766012
766013
766014
766015
766016
766017
766018
766019
766020
766021
766022
766023
766024
766025
766026
766027
766028
766029
766030
766031
766032
766033
766034
766035
766036
766037
766038
766039
766040
766041
766042
766043
766044
766045
766046
766047
766048
766049
766050
766051
766052
766053
766054
766055
766056
766057
766058
766059
766060
766061
766062
766063
766064
766065
766066
766067
766068
766069
766070
766071
766072
766073
766074
766075
766076
766077
766078
766079
766080
766081
766082
766083
766084
766085
766086
766087
766088
766089
766090
766091
766092
766093
766094
766095
766096
766097
766098
766099
766100
766101
766102
766103
766104
766105
766106
766107
766108
766109
766110
766111
766112
766113
766114
766115
766116
766117
766118
766119
766120
766121
766122
766123
766124
766125
766126
766127
766128
766129
766130
766131
766132
766133
766134
766135
766136
766137
766138
766139
766140
766141
766142
766143
766144
766145
766146
766147
766148
766149
766150
766151
766152
766153
766154
766155
766156
766157
766158
766159
766160
766161
766162
766163
766164
766165
766166
766167
766168
766169
766170
766171
766172
766173
766174
766175
766176
766177
766178
766179
766180
766181
766182
766183
766184
766185
766186
766187
766188
766189
766190
766191
766192
766193
766194
766195
766196
766197
766198
766199
766200
766201
766202
766203
766204
766205
766206
766207
766208
766209
766210
766211
766212
766213
766214
766215
766216
766217
766218
766219
766220
766221
766222
766223
766224
766225
766226
766227
766228
766229
766230
766231
766232
766233
766234
766235
766236
766237
766238
766239
766240
766241
766242
766243
766244
766245
766246
766247
766248
766249
766250
766251
766252
766253
766254
766255
766256
766257
766258
766259
766260
766261
766262
766263
766264
766265
766266
766267
766268
766269
766270
766271
766272
766273
766274
766275
766276
766277
766278
766279
766280
766281
766282
766283
766284
766285
766286
766287
766288
766289
766290
766291
766292
766293
766294
766295
766296
766297
766298
766299
766300
766301
766302
766303
766304
766305
766306
766307
766308
766309
766310
766311
766312
766313
766314
766315
766316
766317
766318
766319
766320
766321
766322
766323
766324
766325
766326
766327
766328
766329
766330
766331
766332
766333
766334
766335
766336
766337
766338
766339
766340
766341
766342
766343
766344
766345
766346
766347
766348
766349
766350
766351
766352
766353
766354
766355
766356
766357
766358
766359
766360
766361
766362
766363
766364
766365
766366
766367
766368
766369
766370
766371
766372
766373
766374
766375
766376
766377
766378
766379
766380
766381
766382
766383
766384
766385
766386
766387
766388
766389
766390
766391
766392
766393
766394
766395
766396
766397
766398
766399
766400
766401
766402
766403
766404
766405
766406
766407
766408
766409
766410
766411
766412
766413
766414
766415
766416
766417
766418
766419
766420
766421
766422
766423
766424
766425
766426
766427
766428
766429
766430
766431
766432
766433
766434
766435
766436
766437
766438
766439
766440
766441
766442
766443
766444
766445
766446
766447
766448
766449
766450
766451
766452
766453
766454
766455
766456
766457
766458
766459
766460
766461
766462
766463
766464
766465
766466
766467
766468
766469
766470
766471
766472
766473
766474
766475
766476
766477
766478
766479
766480
766481
766482
766483
766484
766485
766486
766487
766488
766489
766490
766491
766492
766493
766494
766495
766496
766497
766498
766499
766500
766501
766502
766503
766504
766505
766506
766507
766508
766509
766510
766511
766512
766513
766514
766515
766516
766517
766518
766519
766520
766521
766522
766523
766524
766525
766526
766527
766528
766529
766530
766531
766532
766533
766534
766535
766536
766537
766538
766539
766540
766541
766542
766543
766544
766545
766546
766547
766548
766549
766550
766551
766552
766553
766554
766555
766556
766557
766558
766559
766560
766561
766562
766563
766564
766565
766566
766567
766568
766569
766570
766571
766572
766573
766574
766575
766576
766577
766578
766579
766580
766581
766582
766583
766584
766585
766586
766587
766588
766589
766590
766591
766592
766593
766594
766595
766596
766597
766598
766599
766600
766601
766602
766603
766604
766605
766606
766607
766608
766609
766610
766611
766612
766613
766614
766615
766616
766617
766618
766619
766620
766621
766622
766623
766624
766625
766626
766627
766628
766629
766630
766631
766632
766633
766634
766635
766636
766637
766638
766639
766640
766641
766642
766643
766644
766645
766646
766647
766648
766649
766650
766651
766652
766653
766654
766655
766656
766657
766658
766659
766660
766661
766662
766663
766664
766665
766666
766667
766668
766669
766670
766671
766672
766673
766674
766675
766676
766677
766678
766679
766680
766681
766682
766683
766684
766685
766686
766687
766688
766689
766690
766691
766692
766693
766694
766695
766696
766697
766698
766699
766700
766701
766702
766703
766704
766705
766706
766707
766708
766709
766710
766711
766712
766713
766714
766715
766716
766717
766718
766719
766720
766721
766722
766723
766724
766725
766726
766727
766728
766729
766730
766731
766732
766733
766734
766735
766736
766737
766738
766739
766740
766741
766742
766743
766744
766745
766746
766747
766748
766749
766750
766751
766752
766753
766754
766755
766756
766757
766758
766759
766760
766761
766762
766763
766764
766765
766766
766767
766768
766769
766770
766771
766772
766773
766774
766775
766776
766777
766778
766779
766780
766781
766782
766783
766784
766785
766786
766787
766788
766789
766790
766791
766792
766793
766794
766795
766796
766797
766798
766799
766800
766801
766802
766803
766804
766805
766806
766807
766808
766809
766810
766811
766812
766813
766814
766815
766816
766817
766818
766819
766820
766821
766822
766823
766824
766825
766826
766827
766828
766829
766830
766831
766832
766833
766834
766835
766836
766837
766838
766839
766840
766841
766842
766843
766844
766845
766846
766847
766848
766849
766850
766851
766852
766853
766854
766855
766856
766857
766858
766859
766860
766861
766862
766863
766864
766865
766866
766867
766868
766869
766870
766871
766872
766873
766874
766875
766876
766877
766878
766879
766880
766881
766882
766883
766884
766885
766886
766887
766888
766889
766890
766891
766892
766893
766894
766895
766896
766897
766898
766899
766900
766901
766902
766903
766904
766905
766906
766907
766908
766909
766910
766911
766912
766913
766914
766915
766916
766917
766918
766919
766920
766921
766922
766923
766924
766925
766926
766927
766928
766929
766930
766931
766932
766933
766934
766935
766936
766937
766938
766939
766940
766941
766942
766943
766944
766945
766946
766947
766948
766949
766950
766951
766952
766953
766954
766955
766956
766957
766958
766959
766960
766961
766962
766963
766964
766965
766966
766967
766968
766969
766970
766971
766972
766973
766974
766975
766976
766977
766978
766979
766980
766981
766982
766983
766984
766985
766986
766987
766988
766989
766990
766991
766992
766993
766994
766995
766996
766997
766998
766999
767000
767001
767002
767003
767004
767005
767006
767007
767008
767009
767010
767011
767012
767013
767014
767015
767016
767017
767018
767019
767020
767021
767022
767023
767024
767025
767026
767027
767028
767029
767030
767031
767032
767033
767034
767035
767036
767037
767038
767039
767040
767041
767042
767043
767044
767045
767046
767047
767048
767049
767050
767051
767052
767053
767054
767055
767056
767057
767058
767059
767060
767061
767062
767063
767065
767067
767068
767069
767070
767071
767072
767073
767074
767075
767076
767077
767078
767079
767080
767081
767082
767083
767084
767085
767086
767087
767088
767089
767090
767091
767092
767093
767094
767095
767096
767097
767098
767099
767100
767101
767102
767103
767104
767105
767106
767107
767108
767109
767110
767111
767112
767113
767114
767115
767116
767117
767118
767119
767120
767121
767122
767123
767124
767125
767126
767127
767128
767129
767130
767131
767132
767133
767134
767135
767136
767137
767138
767139
767140
767141
767142
767143
767144
767145
767146
767147
767148
767149
767150
767151
767152
767153
767154
767155
767156
767157
767158
767159
767160
767161
767162
767163
767164
767165
767166
767167
767168
767169
767170
767171
767172
767173
767174
767175
767176
767177
767178
767179
767180
767181
767182
767183
767184
767185
767186
767187
767188
767189
767190
767191
767192
767193
767194
767195
767196
767197
767198
767199
767200
767201
767202
767203
767204
767205
767206
767207
767208
767209
767210
767211
767212
767213
767214
767215
767216
767217
767218
767219
767220
767221
767222
767223
767224
767225
767226
767227
767228
767229
767230
767231
767232
767233
767234
767235
767236
767237
767238
767239
767240
767241
767242
767243
767244
767245
767246
767247
767248
767249
767250
767251
767252
767253
767254
767255
767256
767257
767258
767259
767260
767261
767262
767263
767264
767265
767266
767267
767268
767269
767270
767271
767272
767273
767274
767275
767276
767277
767278
767279
767280
767281
767282
767283
767284
767285
767286
767287
767288
767289
767290
767291
767292
767293
767294
767295
767296
767297
767298
767299
767300
767301
767302
767303
767304
767305
767306
767307
767308
767309
767310
767311
767312
767313
767314
767315
767316
767317
767318
767319
767320
767321
767322
767323
767324
767325
767326
767327
767328
767329
767330
767331
767332
767333
767334
767335
767336
767337
767338
767339
767340
767341
767342
767343
767344
767345
767346
767347
767348
767349
767350
767351
767352
767353
767354
767355
767356
767357
767358
767359
767360
767361
767362
767363
767364
767365
767366
767367
767368
767369
767370
767371
767372
767373
767374
767375
767376
767377
767378
767379
767380
767381
767382
767383
767384
767385
767386
767387
767388
767389
767390
767391
767392
767393
767394
767395
767396
767397
767398
767399
767400
767401
767402
767403
767404
767405
767406
767407
767408
767409
767410
767411
767412
767413
767414
767415
767416
767417
767418
767419
767420
767421
767422
767423
767424
767425
767426
767427
767428
767429
767430
767431
767432
767433
767434
767435
767436
767437
767438
767439
767440
767441
767442
767443
767444
767445
767446
767447
767448
767449
767450
767451
767452
767453
767454
767455
767456
767457
767458
767459
767460
767461
767462
767463
767464
767465
767466
767467
767468
767469
767470
767471
767472
767473
767474
767475
767476
767477
767478
767479
767480
767481
767482
767483
767484
767485
767486
767487
767488
767489
767490
767491
767492
767493
767494
767495
767496
767497
767498
767499
767500
767501
767502
767503
767504
767505
767506
767507
767508
767509
767510
767511
767512
767513
767514
767515
767516
767517
767518
767519
767520
767521
767522
767523
767524
767525
767526
767527
767528
767529
767530
767531
767532
767533
767534
767535
767536
767537
767538
767539
767540
767541
767542
767543
767544
767545
767546
767547
767548
767549
767550
767551
767552
767553
767554
767555
767556
767557
767558
767559
767560
767561
767562
767563
767564
767565
767566
767567
767568
767569
767570
767571
767572
767573
767574
767575
767576
767577
767578
767579
767580
767581
767582
767583
767584
767585
767586
767587
767588
767589
767590
767591
767592
767593
767594
767595
767596
767597
767598
767599
767600
767601
767602
767603
767604
767605
767606
767607
767608
767609
767610
767611
767612
767613
767614
767615
767616
767617
767618
767619
767620
767621
767622
767623
767624
767625
767626
767627
767628
767629
767630
767631
767632
767633
767634
767635
767636
767637
767638
767639
767640
767641
767642
767643
767644
767645
767646
767647
767648
767649
767650
767651
767652
767653
767654
767655
767656
767657
767658
767659
767660
767661
767662
767663
767664
767665
767666
767667
767668
767669
767670
767671
767672
767673
767674
767675
767676
767677
767678
767679
767680
767681
767682
767683
767684
767685
767686
767687
767688
767689
767690
767691
767692
767693
767694
767695
767696
767697
767698
767699
767700
767701
767702
767703
767704
767705
767706
767707
767708
767709
767710
767711
767712
767713
767714
767715
767716
767717
767718
767719
767720
767721
767722
767723
767724
767725
767726
767727
767728
767729
767730
767731
767732
767733
767734
767735
767736
767737
767738
767739
767740
767741
767742
767743
767744
767745
767746
767747
767748
767749
767750
767751
767752
767753
767754
767755
767756
767757
767758
767759
767760
767761
767762
767763
767764
767765
767766
767767
767768
767769
767770
767771
767772
767773
767774
767775
767776
767777
767778
767779
767780
767781
767782
767783
767784
767785
767786
767787
767788
767789
767790
767791
767792
767793
767794
767795
767796
767797
767798
767799
767800
767801
767802
767803
767804
767805
767806
767807
767808
767809
767810
767811
767812
767813
767814
767815
767816
767817
767818
767819
767820
767821
767822
767823
767824
767825
767826
767827
767828
767829
767830
767831
767832
767833
767834
767835
767836
767837
767838
767839
767840
767841
767842
767843
767844
767845
767846
767847
767848
767849
767850
767851
767852
767853
767854
767855
767856
767857
767858
767859
767860
767861
767862
767863
767864
767865
767866
767867
767868
767869
767870
767871
767872
767873
767874
767875
767876
767877
767878
767879
767880
767881
767882
767883
767884
767885
767886
767887
767888
767889
767890
767891
767892
767893
767894
767895
767896
767897
767898
767899
767900
767901
767902
767903
767904
767905
767906
767907
767908
767909
767910
767911
767912
767913
767914
767915
767916
767917
767918
767919
767920
767921
767922
767923
767924
767925
767926
767927
767928
767929
767930
767931
767932
767933
767934
767935
767936
767937
767938
767939
767940
767941
767942
767943
767944
767945
767946
767947
767948
767949
767950
767951
767952
767953
767954
767955
767956
767957
767958
767959
767960
767961
767962
767963
767964
767965
767966
767967
767968
767969
767970
767971
767972
767973
767974
767975
767976
767977
767978
767979
767980
767981
767982
767983
767984
767985
767986
767987
767988
767989
767990
767991
767992
767993
767994
767995
767996
767997
767998
767999
768000
768001
768002
768003
768004
768005
768006
768007
768008
768009
768010
768011
768012
768013
768014
768015
768016
768017
768018
768019
768020
768021
768022
768023
768024
768025
768026
768027
768028
768029
768030
768031
768032
768033
768034
768035
768036
768037
768038
768039
768040
768041
768042
768043
768044
768045
768046
768047
768048
768049
768050
768051
768052
768053
768054
768055
768056
768057
768058
768059
768060
768061
768062
768063
768064
768065
768066
768067
768068
768069
768070
768071
768072
768073
768074
768075
768076
768077
768078
768079
768080
768081
768082
768083
768084
768085
768086
768087
768088
768089
768090
768091
768092
768093
768094
768095
768096
768097
768098
768099
768100
768101
768102
768103
768104
768105
768106
768107
768108
768109
768110
768111
768112
768113
768114
768115
768116
768117
768118
768119
768120
768121
768122
768123
768124
768125
768126
768127
768128
768129
768130
768131
768132
768133
768134
768135
768136
768137
768138
768139
768140
768141
768142
768143
768144
768145
768146
768147
768148
768149
768150
768151
768152
768153
768154
768155
768156
768157
768158
768159
768160
768161
768162
768163
768164
768165
768166
768167
768168
768169
768170
768171
768172
768173
768174
768175
768176
768177
768178
768179
768180
