445346
445347
445348
445349
445350
445351
445352
445353
445354
445355
445356
445357
445358
445359
445360
445361
445362
445363
445364
445365
445366
445367
445368
445369
445370
445371
445372
445373
445374
445375
445376
445377
445378
445379
445380
445381
445382
445383
445384
445385
445386
445387
445388
445389
445390
445391
445392
445393
445394
445395
445396
445397
445398
445399
445400
445401
445402
445403
445404
445405
445406
445407
445408
445409
445410
445411
445412
445413
445414
445415
445416
445417
445418
445419
445420
445421
445422
445423
445424
445425
445426
445427
445428
445429
445430
445431
445432
445433
445434
445435
445436
445437
445438
445439
445440
445441
445442
445443
445444
445445
445446
445447
445448
445449
445450
445451
445452
445453
445454
445455
445456
445457
445458
445459
445460
445461
445462
445463
445464
445465
445466
445467
445468
445469
445470
445471
445472
445473
445474
445475
445476
445477
445478
445479
445480
445481
445482
445483
445484
445485
445486
445487
445488
445489
445490
445491
445492
445493
445494
445495
445496
445497
445498
445499
445500
445501
445502
445503
445504
445505
445506
445507
445508
445509
445510
445511
445512
445513
445514
445515
445516
445517
445518
445519
445520
445521
445522
445523
445524
445525
445526
445527
445528
445529
445530
445531
445532
445533
445534
445535
445536
445537
445538
445539
445540
445541
445542
445543
445544
445545
445546
445547
445548
445549
445550
445551
445552
445553
445554
445555
445556
445557
445558
445559
445560
445561
445562
445563
445564
445565
445566
445567
445568
445569
445570
445571
445572
445573
445574
445575
445576
445577
445578
445579
445580
445581
445582
445583
445584
445585
445586
445587
445588
445589
445590
445591
445592
445593
445594
445595
445596
445597
445598
445599
445600
445601
445602
445603
445604
445605
445606
445607
445608
445609
445610
445611
445612
445613
445614
445615
445616
445617
445618
445619
445620
445621
445622
445623
445624
445625
445626
445627
445628
445629
445630
445631
445632
445633
445634
445635
445636
445637
445638
445639
445640
445641
445642
445643
445644
445645
445646
445647
445648
445649
445650
445651
445652
445653
445654
445655
445656
445657
445658
445659
445660
445661
445662
445663
445664
445665
445666
445667
445668
445669
445670
445671
445672
445673
445674
445675
445676
445677
445678
445679
445680
445681
445682
445683
445684
445685
445686
445687
445688
445689
445690
445691
445692
445693
445694
445695
445696
445697
445698
445699
445700
445701
445702
445703
445704
445705
445706
445707
445708
445709
445710
445711
445712
445713
445714
445715
445716
445717
445718
445719
445720
445721
445722
445723
445724
445725
445726
445727
445728
445729
445730
445731
445732
445733
445734
445735
445736
445737
445738
445739
445740
445741
445742
445743
445744
445745
445746
445747
445748
445749
445750
445751
445752
445753
445754
445755
445756
445757
445758
445759
445760
445761
445762
445763
445764
445765
445766
445767
445768
445769
445770
445771
445772
445773
445774
445775
445776
445777
445778
445779
445780
445781
445782
445783
445784
445785
445786
445787
445788
445789
445790
445791
445792
445793
445794
445795
445796
445797
445798
445799
445800
445801
445802
445803
445804
445805
445806
445807
445808
445809
445810
445811
445812
445813
445814
445815
445816
445817
445818
445819
445820
445821
445822
445823
445824
445825
445826
445827
445828
445829
445830
445831
445832
445833
445834
445835
445836
445837
445838
445839
445840
445841
445842
445843
445844
445845
445846
445847
445848
445849
445850
445851
445852
445853
445854
445855
445856
445857
445858
445859
445860
445861
445862
445863
445864
445865
445866
445867
445868
445869
445870
445871
445872
445873
445874
445875
445876
445877
445878
445879
445880
445881
445882
445883
445884
445885
445886
445887
445888
445889
445890
445891
445892
445893
445894
445895
445896
445897
445898
445899
445900
445901
445902
445903
445904
445905
445906
445907
445908
445909
445910
445911
445912
445913
445914
445915
445916
445917
445918
445919
445920
445921
445922
445923
445924
445925
445926
445927
445928
445929
445930
445931
445932
445933
445934
445935
445936
445937
445938
445939
445940
445941
445942
445943
445944
445945
445946
445947
445948
