612100
612101
612102
612103
612104
612105
612106
612107
612108
612109
612110
612111
612112
612113
612114
612115
612116
612117
612118
612119
612120
612121
612122
612123
612124
612125
612126
612127
612128
612129
612130
612131
612132
612133
612134
612135
612136
612137
612138
612139
612140
612141
612142
612143
612144
612145
612146
612147
612148
612149
612150
612151
612152
612153
612154
612155
612156
612157
612158
612159
612160
612161
612162
612163
612164
612165
612166
612167
612168
612169
612170
612171
612172
612173
612174
612175
612176
612177
612178
612179
612180
612181
612182
612183
612184
612185
612186
612187
612188
612189
612190
612191
612192
612193
612194
612195
612196
612197
612198
612199
612200
612201
612202
612203
612204
612205
612206
612207
612208
612209
612210
612211
612212
612213
612214
612215
612216
612217
612218
612219
612220
612221
612222
612223
612224
612225
612226
612227
612228
612229
612230
612231
612232
612233
612234
612235
612236
612237
612238
612239
612240
612241
612242
612243
612244
612245
612246
612247
612248
612249
612250
612251
612252
612253
612254
612255
612256
612257
612258
612259
612260
612261
612262
612263
612264
612265
612266
612267
612268
612269
612270
612271
612272
612273
612274
612275
612276
612277
612278
612279
612280
612281
612282
612283
612284
612285
612286
612287
612288
612289
612290
612291
612292
612293
612294
612295
612296
612297
612298
612299
612300
612301
612302
612303
612304
612305
612306
612307
612308
612309
612310
612311
612312
612313
612314
612315
612316
612317
612318
612319
612320
612321
612322
612323
612324
612325
612326
612327
612328
612329
612330
612331
612332
612333
612334
612335
612336
612337
612338
612339
612340
612341
612342
612343
612344
612345
612346
612347
612348
612349
612350
612351
612352
612353
612354
612355
612356
612357
612358
612359
612360
612361
612362
612363
612364
612365
612366
612367
612368
612369
612370
612371
612372
612373
612374
612375
612376
612377
612378
612379
612380
612381
612382
612383
612384
612385
612386
612387
612388
612389
612390
612391
612392
612393
612394
612395
612396
612397
612398
612399
612400
612401
612402
612403
612404
612405
612406
612407
612408
612409
612410
612411
612412
612413
612414
612415
612416
612417
612418
612419
612420
612421
612422
612423
612424
612425
612426
612427
612428
612429
612430
612431
612432
612433
612434
612435
612436
612437
612438
612439
612440
612441
612442
612443
612444
612445
612446
612447
612448
612449
612450
612451
612452
612453
612454
612455
612456
612457
612458
612459
612460
612461
612462
612463
612464
612465
612466
612467
612468
612469
612470
612471
612472
612473
612474
612475
612476
612477
612478
612479
612480
612481
612482
612483
612484
612485
612486
612487
612488
612489
612490
612491
612492
612493
612494
612495
612496
612497
612498
612499
612500
612501
612502
612503
612504
612505
612506
612507
612508
612509
612510
612511
612512
612513
612514
612515
612516
612517
612518
612519
612520
612521
612522
612523
612524
612525
612526
612527
612528
612529
612530
612531
612532
612533
612534
612535
612536
612537
612538
612539
612540
612541
612542
612543
612544
612545
