646033
646034
646035
646036
646037
646038
646039
646040
646041
646042
646043
646044
646045
646046
646047
646048
646049
646050
646051
646052
646053
646054
646055
646056
646057
646058
646059
646060
646061
646062
646063
646064
646065
646066
646067
646068
646069
646070
646071
646072
646073
646074
646075
646076
646077
646078
646079
646080
646081
646082
646083
646084
646085
646086
646087
646088
646089
646090
646091
646092
646093
646094
646095
646096
646097
646098
646099
646100
646101
646102
646103
646104
646105
646106
646107
646108
646109
646110
646111
646112
646113
646114
646115
646116
646117
646118
646119
646120
646121
646122
646123
646124
646125
646126
646127
646128
646129
646130
646131
646132
646133
646134
646135
646136
646137
646138
646139
646140
646141
646142
646143
646144
646145
646146
646147
646148
646149
646150
646151
646152
646153
646154
646155
646156
646157
646158
646159
646160
646161
646162
646163
646164
646165
646166
646167
646168
646169
646170
646171
646172
646173
646174
646175
646176
646177
646178
646179
646180
646181
646182
646183
646184
646185
646186
646187
646188
646189
646190
646191
646192
646193
646194
646195
646196
646197
646198
646199
646200
646201
646202
646203
646204
646205
646206
646207
646208
646209
646210
646211
646212
646213
646214
646215
646216
646217
646218
646219
646220
646221
646222
646223
646224
646225
646226
646227
646228
646229
646230
646231
646232
646233
646234
646235
646236
646237
646238
646239
646240
646241
646242
646243
646244
646245
646246
646247
646248
646249
646250
646251
646252
646253
646254
646255
646256
646257
646258
646259
646260
646261
646262
646263
646264
646265
646266
646267
646268
646269
646270
646271
646272
646273
646274
646275
646276
646277
646278
646279
646280
646281
646282
646283
646284
646285
646286
646287
646288
646289
646290
646291
646292
646293
646294
646295
646296
646297
646298
646299
646300
646301
646302
646303
646304
646305
646306
646307
646308
646309
646310
646311
646312
646313
646314
646315
646316
646317
646318
646319
646320
646321
646322
646323
646324
646325
646326
646327
646328
646329
646330
646331
646332
646333
646334
646335
646336
646337
646338
646339
646340
646341
646342
646343
646344
646345
646346
646347
646348
646349
646350
646351
646352
646353
646354
646355
646356
646357
646358
646359
646360
646361
646362
646363
646364
646365
646366
646367
646368
646369
646370
646371
646372
646373
646374
646375
646376
646377
646378
646379
646380
646381
646382
646383
646384
646385
646386
646387
646388
646389
646390
646391
646392
646393
646394
646395
646396
646397
646398
646399
646400
646401
646402
646403
646404
646405
646406
646407
646408
646409
646410
646411
646412
646413
646414
646415
646416
646417
646418
646419
646420
646421
646422
646423
646424
646425
646426
646427
646428
646429
646430
646431
646432
646433
646434
646435
646436
646437
646438
646439
646440
646441
646442
646443
646444
646445
646446
646447
646448
646449
646450
646451
646452
646453
646454
646455
646456
646457
646458
646459
646460
646461
646462
646463
646464
646465
646466
646467
646468
646469
646470
646471
646472
646473
646474
646475
646476
646477
646478
646479
646480
646481
646482
646483
646484
646485
646486
646487
646488
646489
646490
646491
646492
646493
646494
646495
646496
646497
646498
646499
646500
646501
646502
646503
646504
646505
646506
646507
646508
646509
646510
646511
646512
646513
646514
646515
646516
646517
646518
646519
646520
646521
646522
646523
646524
646525
646526
646527
646528
646529
646530
646531
646532
646533
646534
646535
646536
646537
646538
646539
646540
646541
646542
646543
646544
646545
646546
646547
646548
646549
646550
646551
646552
646553
646554
646555
646556
646557
646558
646559
646560
646561
646562
646563
646564
646565
646566
646567
646568
646569
646570
646571
646572
646573
646574
646575
646576
646577
646578
646579
646580
646581
646582
646583
646584
646585
646586
646587
646588
646589
646590
646591
646592
646593
646594
646595
646596
646597
646598
646599
646600
646601
646602
646603
646604
646605
646606
646607
646608
646609
646610
646611
646612
646613
646614
646615
646616
646617
646618
646619
646620
646621
646622
646623
646624
646625
646626
646627
646628
646629
646630
646631
646632
646633
646634
646635
646636
646637
646638
646639
646640
646641
646642
646643
646644
646645
646646
646647
646648
646649
646650
646651
646652
646653
646654
646655
646656
646657
646658
646659
646660
646661
646662
646663
646664
646665
646666
646667
646668
646669
646670
646671
646672
646673
646674
646675
646676
646677
646678
646679
646680
646681
646682
646683
646684
646685
646686
646687
646688
646689
646690
646691
646692
646693
646694
646695
646696
646697
646698
646699
646700
646701
646702
646703
646704
646705
646706
646707
646708
646709
646710
646711
646712
646713
646714
646715
646716
646717
646718
646719
646720
646721
646722
646723
646724
646725
646726
646727
646728
646729
646730
646731
646732
646733
646734
646735
646736
646737
646738
646739
646740
646741
646742
646743
646744
646745
646746
646747
646748
646749
646750
646751
646752
646753
646754
646755
646756
646757
646758
646759
646760
646761
646762
646763
646764
646765
646766
646767
646768
646769
646770
646771
646772
646773
646774
646775
646776
646777
646778
646779
646780
646781
646782
646783
646784
646785
646786
646787
646788
646789
646790
646791
646792
646793
646794
646795
646796
646797
646798
646799
646800
646801
646802
646803
646804
646805
646806
646807
646808
646809
646810
646811
646812
646813
646814
646815
646816
646817
646818
646819
646820
646821
646822
646823
646824
646825
646826
646827
646828
646829
646830
646831
646832
646833
646834
646835
646836
646837
646838
646839
646840
646841
646842
646843
646844
646845
646846
646847
646848
646849
646850
646851
646852
646853
646854
646855
646856
646857
646858
646859
646860
646861
646862
646863
646864
646865
646866
646867
646868
646869
646870
646871
646872
646873
646874
646875
646876
646877
646878
646879
646880
646881
646882
646883
646884
646885
646886
646887
646888
646889
646890
646891
646892
646893
646894
646895
646896
646897
646898
646899
646900
646901
646902
646903
646904
646905
646906
646907
646908
646909
646910
646911
646912
646913
646914
646915
646916
646917
646918
646919
646920
646921
646922
646923
646924
646925
646926
646927
646928
646929
646930
646931
646932
646933
646934
646935
646936
646937
646938
646939
646940
646941
646942
646943
646944
646945
646946
646947
646948
646949
646950
646951
646952
646953
646954
646955
646956
646957
646958
646959
646960
646961
646962
646963
646964
646965
646966
646967
646968
646969
646970
646971
646972
646973
646974
646975
646976
646977
646978
646979
646980
646981
646982
646983
646984
646985
646986
646987
646988
646989
646990
646991
646992
646993
646994
646995
646996
646997
646998
646999
647000
647001
647002
647003
647004
647005
647006
647007
647008
647009
647010
647011
647012
647013
647014
647015
647016
647017
647018
647019
647020
647021
647022
647023
647024
647025
647026
647027
647028
647029
647030
647031
647032
647033
647034
647035
647036
647037
647038
647039
647040
647041
647042
647043
647044
647045
647046
647047
647048
647049
647050
647051
647052
647053
647054
647055
647056
647057
647058
647059
647060
647061
647062
647063
647064
647065
647066
647067
647068
647069
647070
647071
647072
647073
647074
647075
647076
647077
647078
647079
647080
647081
647082
647083
647084
647085
647086
647087
647088
647089
647090
647091
647092
647093
647094
647095
647096
647097
647098
647099
647100
647101
647102
647103
647104
647105
647106
647107
647108
647109
647110
647111
647112
647113
647114
647115
647116
647117
647118
647119
647120
647121
647122
647123
647124
647125
647126
647127
647128
647129
647130
647131
647132
647133
647134
647135
647136
647137
647138
647139
647140
647141
647142
647143
647144
647145
647146
647147
647148
647149
647150
647151
647152
647153
647154
647155
647156
647157
647158
647159
647160
647161
647162
647163
647164
647165
647166
647167
647168
647169
647170
647171
647172
647173
647174
647175
647176
647177
647178
647179
647180
647181
647182
647183
647184
647185
647186
647187
647188
647189
647190
647191
647192
647193
647194
647195
647196
647197
647198
647199
647200
647201
647202
647203
647204
647205
647206
647207
647208
647209
647210
647211
647212
647213
647214
647215
647216
647217
647218
647219
647220
647221
647222
647223
647224
647225
647226
647227
647228
647229
647230
647231
647232
647233
647234
647235
647236
647237
647238
647239
647240
647241
647242
647243
647244
647245
647246
647247
647248
647249
647250
647251
647252
647253
647254
647255
647256
647257
647258
647259
647260
647261
647262
647263
647264
647265
647266
647267
647268
647269
647270
647271
647272
647273
647274
647275
647276
647277
647278
647279
647280
647281
647282
647283
647284
647285
647286
647287
647288
647289
647290
647291
647292
647293
647294
647295
647296
647297
647298
647299
647300
647301
647302
647303
647304
647305
647306
647307
647308
647309
647310
647311
647312
647313
647314
647315
647316
647317
647318
647319
647320
647321
647322
647323
647324
647325
647326
647327
647328
647329
647330
647331
647332
647333
647334
647335
647336
647337
647338
647339
647340
647341
647342
647343
647344
647345
647346
647347
647348
647349
647350
647351
647352
647353
647354
647355
647356
647357
647358
647359
647360
647361
647362
647363
647364
647365
647366
647367
647368
647369
647370
647371
647372
647373
647374
647375
647376
647377
647378
647379
647380
647381
647382
647383
647384
647385
647386
647387
647388
647389
647390
647391
647392
647393
647394
647395
647396
647397
647398
647399
647400
647401
647402
647403
647404
647405
647406
647407
647408
647409
647410
647411
647412
647413
647414
647415
647416
647417
647418
647419
647420
647421
647422
647423
647424
647425
647426
647427
647428
647429
647430
647431
647432
647433
647434
647435
647436
647437
647438
647439
647440
647441
647442
647443
647444
647445
647446
647447
647448
647449
647450
647451
647452
647453
647454
647455
647456
647457
647458
647459
647460
647461
647462
647463
647464
647465
647466
647467
647468
647469
647470
647471
647472
647473
647474
647475
647476
647477
647478
647479
647480
647481
647482
647483
647484
647485
647486
647487
647488
647489
647490
647491
647492
647493
647494
647495
647496
647497
647498
647499
647500
647501
647502
647503
647504
647505
647506
647507
647508
647509
647510
647511
647512
647513
647514
647515
647516
647517
647518
647519
647520
647521
647522
647523
647524
647525
647526
647527
647528
647529
647530
647531
647532
647533
647534
647535
647536
647537
647538
647539
647540
647541
647542
647543
647544
647545
647546
647547
647548
647549
647550
647551
647552
647553
647554
647555
647556
647557
647558
647559
647560
647561
647562
647563
647564
647565
647566
647567
647568
647569
647570
647571
647572
647573
647574
647575
647576
647577
647578
647579
647580
647581
647582
647583
647584
647585
647586
647587
647588
647589
647590
647591
647592
647593
647594
647595
647596
647597
647598
647599
647600
647601
647602
647603
647604
647605
647606
647607
647608
647609
647610
647611
647612
647613
647614
647615
647616
647617
647618
647619
647620
647621
647622
647623
647624
647625
647626
647627
647628
647629
647630
647631
647632
647633
647634
647635
647636
647637
647638
647639
647640
647641
647642
647643
647644
647645
647646
647647
647648
647649
647650
647651
647652
647653
647654
647655
647656
647657
647658
647659
647660
647661
647662
647663
647664
647665
647666
647667
647668
647669
647670
647671
647672
647673
647674
647675
647676
647677
647678
647679
647680
647681
647682
647683
647684
647685
647686
647687
647688
647689
647690
647691
647692
647693
647694
647695
647696
647697
647698
647699
647700
647701
647702
647703
647704
647705
647706
647707
647708
647709
647710
647711
647712
647713
647714
647715
647716
647717
647718
647719
647720
647721
647722
647723
647724
647725
647726
647727
647728
647729
647730
647731
647732
647733
647734
647735
647736
647737
647738
647739
647740
647741
647742
647743
647744
647745
647746
647747
647748
647749
647750
647751
647752
647753
647754
647755
647756
647757
647758
647759
647760
647761
647762
647763
647764
647765
647766
647767
647768
647769
647770
647771
647772
647773
647774
647775
647776
647777
647778
647779
647780
647781
647782
647783
647784
647785
647786
647787
647788
647789
647790
647791
647792
647793
647794
647795
647796
647797
647798
647799
647800
647801
647802
647803
647804
647805
647806
647807
647808
647809
647810
647811
647812
647813
647814
647815
647816
647817
647818
647819
647820
647821
647822
647823
647824
647825
647826
647827
647828
647829
647830
647831
647832
647833
647834
647835
647836
647837
647838
647839
647840
647841
647842
647843
647844
647845
647846
647847
647848
647849
647850
647851
647852
647853
647854
647855
647856
647857
647858
647859
647860
647861
647862
647863
647864
647865
647866
647867
647868
647869
647870
647871
647872
647873
647874
647875
647876
647877
647878
647879
647880
647881
647882
647883
647884
647885
647886
647887
647888
647889
647890
647891
647892
647893
647894
647895
647896
647897
647898
647899
647900
647901
647902
647903
647904
647905
647906
647907
647908
647909
647910
647911
647912
647913
647914
647915
647916
647917
647918
647919
647920
647921
647922
647923
647924
647925
647926
647927
647928
647929
647930
647931
647932
647933
647934
647935
647936
647937
647938
647939
647940
647941
647942
647943
647944
647945
647946
647947
647948
647949
647950
647951
647952
647953
647954
647955
647956
647957
647958
647959
647960
647961
647962
647963
647964
647965
647966
647967
647968
647969
647970
647971
647972
647973
647974
647975
647976
647977
647978
647979
647980
647981
647982
647983
647984
647985
647986
647987
647988
647989
647990
647991
647992
647993
647994
647995
647996
647997
647998
647999
648000
648001
648002
648003
648004
648005
648006
648007
648008
648009
648010
648011
648012
648013
648014
648015
648016
648017
648018
648019
648020
648021
648022
648023
648024
648025
648026
648027
648028
648029
648030
648031
648032
648033
648034
648035
648036
648037
648038
648039
648040
648041
648042
648043
648044
648045
648046
648047
648048
648049
648050
648051
648052
648053
648054
648055
648056
648057
648058
648059
648060
648061
648062
648063
648064
648065
648066
648067
648068
648069
648070
648071
648072
648073
648074
648075
648076
648077
648078
648079
648080
648081
648082
648083
648084
648085
648086
648087
648088
648089
648090
648091
648092
648093
648094
648095
648096
648097
648098
648099
648100
648101
648102
648103
648104
648105
648106
648107
648108
648109
648110
648111
648112
648113
648114
648115
648116
648117
648118
648119
648120
648121
648122
648123
648124
648125
648126
648127
648128
648129
648130
648131
648132
648133
648134
648135
648136
648137
648138
648139
648140
648141
648142
648143
648144
648145
648146
648147
648148
648149
648150
648151
648152
648153
648154
648155
648156
648157
648158
648159
648160
648161
648162
648163
648164
648165
648166
648167
648168
648169
648170
648171
648172
648173
648174
648175
648176
648177
648178
648179
648180
648181
648182
648183
648184
648185
648186
648187
648188
648189
648190
648191
648192
648193
648194
648195
648196
648197
648198
648199
648200
648201
648202
648203
648204
648205
648206
648207
648208
648209
648210
648211
648212
648213
648214
648215
648216
648217
648218
648219
648220
648221
648222
648223
648224
648225
648226
648227
648228
648229
648230
648231
648232
648233
648234
648235
648236
648237
648238
648239
648240
648241
648242
648243
648244
648245
648246
648247
648248
648249
648250
648251
648252
648253
648254
648255
648256
648257
648258
648259
648260
648261
648262
648263
648264
648265
648266
648267
648268
648269
648270
648271
648272
648273
648274
648275
648276
648277
648278
648279
648280
648281
648282
648283
648284
648285
648286
648287
648288
648289
648290
648291
648292
648293
648294
648295
648296
648297
648298
648299
648300
648301
648302
648303
648304
648305
648306
648307
648308
648309
648310
648311
648312
648313
648314
648315
648316
648317
648318
648319
648320
648321
648322
648323
648324
648325
648326
648327
648328
648329
648330
648331
648332
648333
648334
648335
648337
648338
648339
648340
648341
648342
648343
648344
648345
648346
648347
648348
648349
648350
648351
648352
648353
648354
648355
648356
648357
648358
648359
648360
648361
648362
648363
648364
648365
648366
648367
648368
648369
648370
648371
648372
648373
648374
648375
648376
648377
648378
648379
648380
648381
648382
648383
648384
648385
648386
648387
648388
648389
648390
648391
648392
648393
648394
648395
648396
648397
648398
648399
648400
648401
648402
648403
648404
648405
648406
648407
648408
648409
648410
648411
648412
648413
648414
648415
648416
648417
648418
648419
648420
648421
648422
648423
648424
648425
648426
648427
648428
648429
648430
648431
648432
648433
648434
648435
648436
648437
648438
648439
648440
648441
648442
648443
648444
648445
648446
648447
648448
648449
648450
648451
648452
648453
648454
648455
648456
648457
648458
648459
648460
648461
648462
648463
648464
648465
648466
648467
648468
648469
648470
648471
648472
648473
648474
648475
648476
648477
648478
648479
648480
648481
648482
648483
648484
648485
648486
648487
648488
648489
648490
648491
648492
648493
648494
648495
648496
648497
648498
648499
648500
648501
648502
648503
648504
648505
648506
648507
648508
648509
648510
648511
648512
648513
648514
648515
648516
648517
648518
648519
648520
648521
648522
648523
648524
648525
648526
648527
648528
648529
648530
648531
648532
648533
648534
648535
648536
648537
648538
648539
648540
648541
648542
648543
648544
648545
648546
648547
648548
648549
648550
648551
648552
648553
648554
648555
648556
648557
648558
648559
648560
648561
648562
648563
648564
648565
648566
648567
648568
648569
648570
648571
648572
648573
648574
648575
648576
648577
648578
648579
648580
648581
648582
648583
648584
648585
648586
648587
648588
648589
648590
648591
648592
648593
648594
648595
648596
648597
648598
648599
648600
648601
648602
648603
648604
648605
648606
648607
648608
648609
648610
648611
648612
648613
648614
648615
648616
648617
648618
648619
648620
648621
648622
648623
648624
648625
648626
648627
648628
648629
648630
648631
648632
648633
648634
648635
648636
648637
648638
648639
648640
648641
648642
648643
648644
648645
648646
648647
648648
648649
648650
648651
648652
648653
648654
648655
648656
648657
648658
648659
648660
648661
648662
648663
648664
648665
648666
648667
648668
648669
648670
648671
648672
648673
648674
648675
648676
648677
648678
648679
648680
648681
648682
648683
648684
648685
648686
648687
648688
648689
648690
648691
648692
648693
648694
648695
648696
648697
648698
648699
648700
648701
648702
648703
648704
648705
648706
648707
648708
648709
648710
648711
648712
648713
648714
648715
648716
648717
648718
648719
648720
648721
648722
648723
648724
648725
648726
648727
648728
648729
648730
648731
648732
648733
648734
648735
648736
648737
648738
648739
648740
648741
648742
648743
648744
648745
648746
648747
648748
648749
648750
648751
648752
648755
648756
648757
648761
648762
648763
648764
648765
648766
648767
648768
648769
648770
648771
648772
648773
648775
648776
648777
648779
648780
648781
648782
648783
648784
648785
648786
648787
648788
