741756
741757
741758
741759
741760
741761
741762
741763
741764
741765
741766
741767
741768
741769
741770
741771
741772
741773
741774
741775
741776
741777
741778
741779
741780
741781
741782
741783
741784
741785
741786
741787
741788
741789
741790
741791
741792
741793
741794
741795
741796
741797
741798
741799
741800
741801
741802
741803
741804
741805
741806
741807
741808
741809
741810
741811
741812
741813
741814
741815
741816
741817
741818
741819
741820
741821
741822
741823
741824
741825
741826
741827
741828
741829
741830
741831
741832
741833
741834
741835
741836
741837
741838
741839
741840
741841
741842
741843
741844
741845
741846
741847
741848
741849
741850
741851
741852
741853
741854
741855
741856
741857
741858
741859
741860
741861
741862
741863
741864
741865
741866
741867
741868
741869
741870
741871
741872
741873
741874
741875
741876
741877
741878
741879
741880
741881
741882
741883
741884
741885
741886
741887
741888
741889
741890
741891
741892
741893
741894
741895
741896
741897
741898
741899
741900
741901
741902
741903
741904
741905
741906
741907
741908
741909
741910
741911
741912
741913
741914
741915
741916
741917
741918
741919
741920
741921
741922
741923
741924
741925
741926
741927
741928
741929
741930
741931
741932
741933
741934
741935
741936
741937
741938
741939
741940
741941
741942
741943
741944
741945
741946
741947
741948
741949
741950
741951
741952
741953
741954
741955
741956
741957
741958
741959
741960
741961
741962
741963
741964
741965
741966
741967
741968
741969
741970
741971
741972
741973
741974
741975
741976
741977
741978
741979
741980
741981
741982
741983
741984
741985
741986
741987
741988
741989
741990
741991
741992
741993
741994
741995
741996
741997
741998
741999
742000
742001
742002
742003
742004
742005
742006
742007
742008
742009
742010
742011
742012
742013
742014
742015
742016
742017
742018
742019
742020
742021
742022
742023
742024
742025
742026
742027
742028
742029
742030
742031
742032
742033
742034
742035
742036
742037
742038
742039
742040
742041
742042
742043
742044
742045
742046
742047
742048
742049
742050
742051
742052
742053
742054
742055
742056
742057
742058
742059
742060
742061
742062
742063
742064
742065
742066
742067
742068
742069
742070
742071
742072
742073
742074
742075
742076
742077
742078
742079
742080
742081
742082
742083
742084
742085
742086
742087
742088
742089
742090
742091
742092
742093
742094
742095
742096
742097
742098
742099
742100
742101
742102
742103
742104
742105
742106
742107
742108
742109
742110
742111
742112
742113
742114
742115
742116
742117
742118
742119
742120
742121
742122
742123
742124
742125
742126
742127
742128
742129
742130
742131
742132
742133
742134
742135
742136
742137
742138
742139
742140
742141
742142
742143
742144
742145
742146
742147
742148
742149
742150
742151
742152
742153
742154
742155
742156
742157
742158
742159
742160
742161
742162
742163
742164
742165
742166
742167
742168
742169
742170
742171
742172
742173
742174
742175
742176
742177
742178
742179
742180
742181
742182
742183
742184
742185
742186
742187
742188
742189
742190
742191
742192
742193
742194
742195
742196
742197
742198
742199
742200
742201
742202
742203
742204
742205
742206
742207
742208
742209
742210
742211
742212
742213
742214
742215
742216
742217
742218
742219
742220
742221
742222
742223
742224
742225
742226
742227
742228
742229
742230
742231
742232
742233
742234
742235
742236
742237
742238
742239
742240
742241
742242
742243
742244
742245
742246
742247
742248
742249
742250
742251
742252
742253
742254
742255
742256
742257
742258
742259
742260
742261
742262
742263
742264
742265
742266
742267
742268
742269
742270
742271
742272
742273
742274
742275
742276
742277
742278
742279
742280
742281
742282
742283
742284
742285
742286
742287
742288
742289
742290
742291
742292
742293
742294
742295
742296
742297
742298
742299
742300
742301
742302
742303
742304
742305
742306
742307
742308
742309
742310
742311
742312
742313
742314
742315
742316
742317
742318
742319
742320
742321
742322
742323
742324
742325
742326
742327
742328
742329
742330
742331
742332
742333
742334
742335
742336
742337
742338
742339
742340
742341
742342
742343
742344
742345
742346
742347
742348
742349
742350
742351
742352
742353
742354
742355
742356
742357
742358
742359
742360
742361
742362
742363
742364
742365
742366
742367
742368
742369
742370
742371
742372
742373
742374
742375
742376
742377
742378
742379
742380
742381
742382
742383
742384
742385
742386
742387
742388
742389
742390
742391
742392
742393
742394
742395
742396
742397
742398
742399
742400
742401
742402
742403
742404
742405
742406
742407
742408
742409
742410
742411
742412
742413
742414
742415
742416
742417
742418
742419
742420
742421
742422
742423
742424
742425
742426
742427
742428
742429
742430
742431
742432
742433
742434
742435
742436
742437
742438
742439
742440
742441
742442
742443
742444
742445
742446
742447
742448
742449
742450
742451
742452
742453
742454
742455
742456
742457
742458
742459
742460
742461
742462
742463
742464
742465
742466
742467
742468
742469
742470
742471
742472
742473
742474
742475
742476
742477
742478
742479
742480
742481
742482
742483
742484
742485
742486
742487
742488
742489
742490
742491
742492
742493
742494
742495
742496
742497
742498
742499
742500
742501
742502
742503
742504
742505
742506
742507
742508
742509
742510
742511
742512
742513
742514
742515
742516
742517
742518
742519
742520
742521
742522
742523
742524
742525
742526
742527
742528
742529
742530
742531
742532
742533
742534
742535
742536
742537
742538
742539
742540
742541
742542
742543
742544
742545
742546
742547
742548
742549
742550
742551
742552
742553
742554
742555
742556
742557
742558
742559
742560
742561
742562
742563
742564
742565
742566
742567
742568
742569
742570
742571
742572
742573
742574
742575
742576
742577
742578
742579
742580
742581
742582
742583
742584
742585
742586
742587
742588
742589
742590
742591
742592
742593
742594
742595
742596
742597
742598
742599
742600
742601
742602
742603
742604
742605
742606
742607
742608
742609
742610
742611
742612
742613
742614
742615
742616
742617
742618
742619
742620
742621
742622
742623
742624
742625
742626
742627
742628
742629
742630
742631
742632
742633
742634
742635
742636
742637
742638
742639
742640
742641
742642
742643
742644
742645
742646
742647
742648
742649
742650
742651
742652
742653
742654
742655
742656
742657
742658
742659
742660
742661
742662
742663
742664
742665
742666
742667
742668
742669
742670
742671
742672
742673
742674
742675
742676
742677
742678
742679
742680
742681
742682
742683
742684
742685
742686
742687
742688
742689
742690
742691
742692
742693
742694
742695
742696
742697
742698
742699
742700
742701
742702
742703
742704
742705
742706
742707
742708
742709
742710
742711
742712
742713
742714
742715
742716
742717
742718
742719
742720
742721
742722
742723
742724
742725
742726
742727
742728
742729
742730
742731
742732
742733
742734
742735
742736
742737
742738
742739
742740
742741
742742
742743
742744
742745
742746
742747
742748
742749
742750
742751
742752
742753
742754
742755
742756
742757
742758
742759
742760
742761
742762
742763
742764
742765
742766
742767
742768
742769
742770
742771
742772
742773
742774
742775
742776
742777
742778
742779
742780
742781
742782
742783
742784
742785
742786
742787
742788
742789
742790
742791
742792
742793
742794
742795
742796
742797
742798
742799
742800
742801
742802
742803
742804
742805
742806
742807
742808
742809
742810
742811
742812
742813
742814
742815
742816
742817
742818
742819
742820
742821
742822
742823
742824
742825
742826
742827
742828
742829
742830
742831
742832
742833
742834
742835
742836
742837
742838
742839
742840
742841
742842
742843
742844
742845
742846
742847
742848
742849
742850
742851
742852
742853
742854
742855
742856
742857
742858
742859
742860
742861
742862
742863
742864
742865
742866
742867
742868
742869
742870
742871
742872
742873
742874
742875
742876
742877
742878
742879
742880
742881
742882
742883
742884
742885
742886
742887
742888
742889
742890
742891
742892
742893
742894
742895
742896
742897
742898
742899
742900
742901
742902
742903
742904
742905
742906
742907
742908
742909
742910
742911
742912
742913
742914
742915
742916
742917
742918
742919
742920
742921
742922
742923
742924
742925
742926
742927
742928
742929
742930
742931
742932
742933
742934
742935
742936
742937
742938
742939
742940
742941
742942
742943
742944
742945
742946
742947
742948
742949
742950
742951
742952
742953
742954
742955
742956
742957
742958
742959
742960
742961
742962
742963
742964
742965
742966
742967
742968
742969
742970
742971
742972
742973
742974
742975
742976
742977
742978
742979
742980
742981
742982
742983
742984
742985
742986
742987
742988
742989
742990
742991
742992
742993
742994
742995
742996
742997
742998
742999
743000
743001
743002
743003
743004
743005
743006
743007
743008
743009
743010
743011
743012
743013
743014
743015
743016
743017
743018
743019
743020
743021
743022
743023
743024
743025
743026
743027
743028
743029
743030
743031
743032
743033
743034
743035
743036
743037
743038
743039
743040
743041
743042
743043
743044
743045
743046
743047
743048
743049
743050
743051
743052
743053
743054
743055
743056
743057
743058
743059
743060
743061
743062
743063
743064
743065
743066
743067
743068
743069
743070
743071
743072
743073
743074
743075
743076
743077
743078
743079
743080
743081
743082
743083
743084
743085
743086
743087
743088
743089
743090
743091
743092
743093
743094
743095
743096
743097
743098
743099
743100
743101
743102
743103
743104
743105
743106
743107
743108
743109
743110
743111
743112
743113
743114
743115
743116
743117
743118
743119
743120
743121
743122
743123
743124
743125
743126
743127
743128
743129
743130
743131
743132
743133
743134
743135
743136
743137
743138
743139
743140
743141
743142
743143
743144
743145
743146
743147
743148
743149
743150
743151
743152
743153
743154
743155
743156
743157
743158
743159
743160
743161
743162
743163
743164
743165
743166
743167
743168
743169
743170
743171
743172
743173
743174
743175
743176
743177
743178
743179
743180
743181
743182
743183
743184
743185
743186
743187
743188
743189
743190
743191
743192
743193
743194
743195
743196
743197
743198
743199
743200
743201
743202
743203
743204
743205
743206
743207
743208
743209
743210
743211
743212
743213
743214
743215
743216
743217
743218
743219
743220
743221
743222
743223
743224
743225
743226
743227
743228
743229
743230
743231
743232
743233
743234
743235
743236
743237
743238
743239
743240
743241
743242
743243
743244
743245
743246
743247
743248
743249
743250
743251
743252
743253
743254
743255
743256
743257
743258
743259
743260
743261
743262
743263
743264
743265
743266
743267
743268
743269
743270
743271
743272
743273
743274
743275
743276
743277
743278
743279
743280
743281
743282
743283
743284
743285
743286
743287
743288
743289
743290
743291
743292
743293
743294
743295
743296
743297
743298
743299
743300
743301
743302
743303
743304
743305
743306
743307
743308
743309
743310
743311
743312
743313
743314
743315
743316
743317
743318
743319
743320
743321
743322
743323
743324
743325
743326
743327
743328
743329
743330
743331
743332
743333
743334
743335
743336
743337
743338
743339
743340
743341
743342
743343
743344
743345
743346
743347
743348
743349
743350
743351
743352
743353
743354
743355
743356
743357
743358
743359
743360
743361
743362
743363
743364
743365
743366
743367
743368
743369
743370
743371
743372
743373
743374
743375
743376
743377
743378
743379
743380
743381
743382
743383
743384
743385
743386
743387
743388
743389
743390
743391
743392
743393
743394
743395
743396
743397
743398
743399
743400
743401
743402
743403
743404
743405
743406
743407
743408
743409
743410
743411
743412
743413
743414
743415
743416
743417
743418
743419
743420
743421
743422
743423
743424
743425
743426
743427
743428
743429
743430
743431
743432
743433
743434
743435
743436
743437
743438
743439
743440
743441
743442
743443
743444
743445
743446
743447
743448
743449
743450
743451
743452
743453
743454
743455
743456
743457
743458
743459
743460
743461
743462
743463
743464
743465
743466
743467
743468
743469
743470
743471
743472
743473
743474
743475
743476
743477
743478
743479
743480
743481
743482
743483
743484
743485
743486
743487
743488
743489
743490
743491
743492
743493
743494
743495
743496
743497
743498
743499
743500
743501
743502
743503
743504
743505
743506
743507
743508
743509
743510
743511
743512
743513
743514
743515
743516
743517
743518
743519
743520
743521
743522
743523
743524
743525
743526
743527
743528
743529
743530
743531
743532
743533
743534
743535
743536
743537
743538
743539
743540
743541
743542
743543
743544
743545
743546
743547
743548
743549
743550
743551
743552
743553
743554
743555
743556
743557
743558
743559
743560
743561
743562
743563
743564
743565
743566
743567
743568
743569
743570
743571
743572
743573
743574
743575
743576
743577
743578
743579
743580
743581
743582
743583
743584
743585
743586
743587
743588
743589
743590
743591
743592
743593
743594
743595
743596
743597
743598
743599
743600
743601
743602
743603
743604
743605
743606
743607
743608
743609
743610
743611
743612
743613
743614
743615
743616
743617
743618
743619
743620
743621
743622
743623
743624
743625
743626
743627
743628
743629
743630
743631
743632
743633
743634
743635
743636
743637
743638
743639
743640
743641
743642
743643
743644
743645
743646
743647
743648
743649
743650
743651
743652
743653
743654
743655
743656
743657
743658
743659
743660
743661
743662
743663
743664
743665
743666
743667
743668
743669
743670
743671
743672
743673
743674
743675
743676
743677
743678
743679
743680
743681
743682
743683
743684
743685
743686
743687
743688
743689
743690
743691
743692
743693
743694
743695
743696
743697
743698
743699
743700
743701
743702
743703
743704
743705
743706
743707
743708
743709
743710
743711
743712
743713
743714
743715
743716
743717
743718
743719
743720
743721
743722
743723
743724
743725
743726
743727
743728
743729
743730
743731
743732
743733
743734
743735
743736
743737
743738
743739
743740
743741
743742
743743
743744
743745
743746
743747
743748
743749
743750
743751
743752
743753
743754
743755
743756
743757
743758
743759
743760
743761
743762
743763
743764
743765
743766
743767
743768
743769
743770
743771
743772
743773
743774
743775
743776
743777
743778
743779
743780
743781
743782
743783
743784
743785
743786
743787
743788
743789
743790
743791
743792
743793
743794
743795
743796
743797
743798
743799
743800
743801
743802
743803
743804
743805
743806
743807
743808
743809
743810
743811
743812
743813
743814
743815
743816
743817
743818
743819
743820
743821
743822
743823
743824
743825
743826
743827
743828
743829
743830
743831
743832
743833
743834
743835
743836
743837
743838
743839
743840
743841
743842
743843
743844
743845
743846
743847
743848
743849
743850
743851
743852
743853
743854
743855
743856
743857
743858
743859
743860
743861
743862
743863
743864
743865
743866
743867
743868
743869
743870
743871
743872
743873
743874
743875
743876
743877
743878
743879
743880
743881
743882
743883
743884
743885
743886
743887
743888
743889
743890
743891
743892
743893
743894
743895
743896
743897
743898
743899
743900
743901
743902
743903
743904
743905
743906
743907
743908
743909
743910
743911
743912
743913
743914
743915
743916
743917
743918
743919
743920
743921
743922
743923
743924
743925
743926
743927
743928
743929
743930
743931
743932
743933
743934
743935
743936
743937
743938
743939
743940
743941
743942
743943
743944
743945
743946
743947
743948
743949
743950
743951
743952
743953
743954
743955
743956
743957
743958
743959
743960
743961
743962
743963
743964
743965
743966
743967
743968
743969
743970
743971
743972
743973
743974
743975
743976
743977
743978
743979
743980
743981
743982
743983
743984
743985
743986
743987
743988
743989
743990
743991
743992
743993
743994
743995
743996
743997
743998
743999
744000
744001
744002
744003
744004
744005
744006
744007
744008
744009
744010
744011
744012
744013
744014
744015
744016
744017
744018
744019
744020
744021
744022
744023
744024
744025
744026
744027
744028
744029
744030
744031
744032
744033
744034
744035
744036
744037
744038
744039
744040
744041
744042
744043
744044
744045
744046
744047
744048
744049
744050
744051
744052
744053
744054
744055
744056
744057
744058
744059
744060
744061
744062
744063
744064
744065
744066
744067
744068
744069
744070
744071
744072
744073
744074
744075
744076
744077
744078
744079
744080
744081
744082
744083
744084
744085
744086
744087
744088
744089
744090
744091
744092
744093
744094
744095
744096
744097
744098
744099
744100
744101
744102
744103
744104
744105
744106
744107
744108
744109
744110
744111
744112
744113
744114
744115
744116
744117
744118
744119
744120
744121
744122
744123
744124
744125
744126
744127
744128
744129
744130
744131
744132
744133
744134
744135
744136
744137
744138
744139
744140
744141
744142
744143
744144
744145
744146
744147
744148
744149
744150
744151
744152
744153
744154
744155
744156
744157
744158
744159
744160
744161
744162
744163
744164
744165
744166
744167
744168
744169
744170
744171
744172
744173
744174
744175
744176
744177
744178
744179
744180
744181
744182
744183
744184
744185
744186
744187
744188
744189
744190
744191
744192
744193
744194
744195
744196
744197
744198
744199
744200
744201
744202
744203
744204
744205
744206
744207
744208
744209
744210
744211
744212
744213
744214
744215
744216
744217
744218
744219
744220
744221
744222
744223
744224
744225
744226
744227
744228
744229
744230
744231
744232
744233
744234
744235
744236
744237
744238
744239
744240
744241
744242
744243
744244
744245
744246
744247
744248
744249
744250
744251
744252
744253
744254
744255
744256
744257
744258
744259
744260
744261
744262
744263
744264
744265
744266
744267
744268
744269
744270
744271
744272
744273
744274
744275
744276
744277
744278
744279
744280
744281
744282
744283
744284
744285
744286
744287
744288
744289
744290
744291
744292
744293
744294
744295
744296
744297
744298
744299
744300
744301
744302
744303
744304
744305
744306
744307
744308
744309
744310
744311
744312
744313
744314
744315
744316
744317
744318
744319
744320
744321
744322
744323
744324
744325
744326
744327
744328
744329
744330
744331
744332
744333
744334
744335
744336
744337
744338
744339
744340
744341
744342
744343
744344
744345
744346
744347
744348
744349
744350
744351
744352
744353
744354
744355
744356
744357
744358
744359
744360
744361
744362
744363
744364
744365
744366
744367
744368
744369
744370
744371
744372
744373
744374
744375
744376
744377
744378
744379
744380
744381
744382
744383
744384
744385
744386
744387
744388
744389
744390
744391
744392
744393
744394
744395
744396
744397
744398
744399
744400
744401
744402
744403
744404
744405
744406
744407
744408
744409
744410
744411
744412
744413
744414
744415
744416
744417
744418
744419
744420
744421
744422
744423
744424
744425
744426
744427
744428
744429
744430
744431
744432
744433
744434
744435
744436
744437
744438
744439
744440
744441
744442
744443
744444
744445
744446
744447
744448
744449
744450
744451
744452
744453
744454
744455
744456
744457
744458
744459
744460
744461
744462
744463
744464
744465
744466
744467
744468
744469
744470
744471
744472
744473
744474
744475
744476
744477
744478
744479
744480
744481
744482
744483
744484
744485
744486
744487
744488
744489
744490
744491
744492
744493
744494
744495
744496
744497
744498
744499
744500
744501
744502
744503
744504
744505
744506
744507
744508
744509
744510
744511
744512
744513
744514
744515
744516
744517
744518
744519
744520
744521
744522
744523
744524
744525
744526
744527
744528
744529
744530
744531
744532
744533
744534
744535
744536
744537
744538
744539
744540
744541
744542
744543
744544
744545
744546
744547
744548
744549
744550
744551
744552
744553
744554
744555
744556
744557
744558
744559
744560
744561
744562
744563
744564
744565
744566
744567
744568
744569
744570
744571
744572
744573
744574
744575
744576
744577
744578
744579
744580
744581
744582
744583
744584
744585
744586
