396955
396956
396957
396958
396959
396960
396961
396962
396963
396964
396965
396966
396967
396968
396969
396970
396971
396972
396973
396974
396975
396976
396977
396978
396979
396980
396981
396982
396983
396984
396985
396986
396987
396988
396989
396990
396991
396992
396993
396994
396995
396996
396997
396998
396999
397000
397001
397002
397003
397004
397005
397006
397007
397008
397009
397010
397011
397012
397013
397014
397015
397016
397017
397018
397019
397020
397021
397022
397023
397024
397025
397026
397027
397028
397029
397030
397031
397032
397033
397034
397035
397036
397037
397038
397039
397040
397041
397042
397043
397044
397045
397046
397047
397048
397049
397050
397051
397052
397053
397054
397055
397056
397057
397058
397059
397060
397061
397062
397063
397064
397065
397066
397067
397068
397069
397070
397071
397072
397073
397074
397075
397076
397077
397078
397079
397080
397081
397082
397083
397084
397085
397086
397087
397088
397089
397090
397091
397092
397093
397094
397095
397096
397097
397098
397099
397100
397101
397102
397103
397104
397105
397106
397107
397108
397109
397110
397111
397112
397113
397114
397115
397116
397117
397118
397119
397120
397121
397122
397123
397124
397125
397126
397127
397128
397129
397130
397131
397132
397133
397134
397135
397136
397137
397138
397139
397140
397141
397142
397143
397144
397145
397146
397147
397148
397149
397150
397151
397152
397153
397154
397155
397156
397157
397158
397159
397160
397161
397162
397163
397164
397165
397166
397167
397168
397169
397170
397171
397172
397173
397174
397175
397176
397177
397178
397179
397180
397181
397182
397183
397184
397185
397186
397187
397188
397189
397190
397191
397192
397193
397194
397195
397196
397197
397198
397199
397200
397201
397202
397203
397204
397205
397206
397207
397208
397209
397210
397211
397212
397213
397214
397215
397216
397217
397218
397219
397220
397221
397222
397223
397224
397225
397226
397227
397228
397229
397230
397231
397232
397233
397234
397235
397236
397237
397238
397239
397240
397241
397242
397243
397244
397245
397246
397247
397248
397249
397250
397251
397252
397253
397254
397255
397256
397257
397258
397259
397260
397261
397262
397263
397264
397265
397266
397267
397268
397269
397270
397271
397272
397273
397274
397275
397276
397277
397278
397279
397280
397281
397282
397283
397284
397285
397286
397287
397288
397289
397290
397291
397292
397293
397294
397295
397296
397297
397298
397299
397300
397301
397302
397303
397304
397305
397306
397307
397308
397309
397310
397311
397312
397313
397314
397315
397316
397317
397318
397319
397320
397321
397322
397323
397324
397325
397326
397327
397328
397329
397330
397331
397332
397333
397334
397335
397336
397337
397338
397339
397340
397341
397342
397343
397344
397345
397346
397347
397348
397349
397350
397351
397352
397353
397354
397355
397356
397357
397358
397359
397360
397361
397362
397363
397364
397365
397366
397367
397368
397369
397370
397371
397372
397373
397374
397375
397376
397377
397378
397379
397380
397381
397382
397383
397384
397385
397386
397387
397388
397389
397390
397391
397392
397393
397394
397395
397396
397397
397398
397399
397400
397401
397402
397403
397404
397405
397406
397407
397408
397409
397410
397411
397412
397413
397414
397415
397416
397417
397418
397419
397420
397421
397422
397423
397424
397425
397426
397427
397428
397429
397430
397431
397432
397433
397434
397435
397436
397437
397438
397439
397440
397441
397442
397443
397444
397445
397446
397447
397448
397449
397450
397451
397452
397453
397454
397455
397456
397457
397458
397459
397460
397461
397462
397463
397464
397465
397466
397467
397468
397469
397470
397471
397472
397473
397474
397475
397476
397477
397478
397479
397480
397481
397482
397483
397484
397485
397486
397487
397488
397489
397490
397491
397492
397493
397494
397495
397496
397497
397498
397499
397500
397501
397502
397503
397504
397505
397506
397507
397508
397509
397510
397511
397512
397513
397514
397515
397516
397517
397518
397519
397520
397521
397522
397523
397524
397525
397526
397527
397528
397529
397530
397531
397532
397533
397534
397535
397536
397537
397538
397539
397540
397541
397542
397543
397544
397545
397546
397547
397548
397549
397550
397551
397552
397553
397554
397555
397556
397557
397558
397559
397560
397561
397562
397563
397564
397565
397566
397567
397568
397569
397570
397571
397572
397573
397574
397575
397576
397577
397578
397579
397580
397581
397582
397583
397584
397585
397586
397587
397588
397589
397590
397591
397592
397593
397594
397595
397596
397597
397598
397599
397600
397601
397602
397603
397604
397605
397606
397607
397608
397609
397610
397611
397612
397613
397614
397615
397616
397617
397618
397619
397620
397621
397622
397623
397624
397625
397626
397627
397628
397629
397630
397631
397632
397633
397634
397635
397636
397637
397638
397639
397640
397641
397642
397643
397644
397645
397646
397647
397648
397649
397650
397651
397652
397653
397654
397655
397656
397657
397658
397659
397660
397661
397662
397663
397664
397665
397666
397667
397668
397669
397670
397671
397672
397673
397674
397675
397676
397677
397678
397679
397680
397681
397682
397683
397684
397685
397686
397687
397688
397689
397690
397691
397692
397693
397694
397695
397696
397697
397698
397699
397700
397701
397702
397703
397704
397705
397706
397707
397708
397709
397710
397711
397712
397713
397714
397715
397716
397717
397718
397719
397720
397721
397722
397723
397724
397725
397726
397727
397728
397729
397730
397731
397732
397733
397734
397735
397736
397737
397738
397739
397740
397741
397742
397743
397744
397745
397746
397747
397748
397749
397750
397751
397752
397753
397754
397755
397756
397757
397758
397759
397760
397761
397762
397763
397764
397765
397766
397767
397768
397769
397770
397771
397772
397773
397774
397775
397776
397777
397778
397779
397780
397781
397782
397783
397784
397785
397786
397787
397788
397789
397790
397791
397792
397793
397794
397795
397796
397797
397798
397799
397800
397801
397802
397803
397804
397805
397806
397807
397808
397809
397810
397811
397812
397813
397814
397815
397816
397817
397818
397819
397820
397821
397822
397823
397824
397825
397826
397827
397828
397829
397830
397831
397832
397833
397834
397835
397836
397837
397838
397839
397840
397841
397842
397843
397844
397845
397846
397847
397848
397849
397850
397851
397852
397853
397854
397855
397856
397857
397858
397859
397860
397861
397862
397863
397864
397865
397866
397867
397868
397869
397870
397871
397872
397873
397874
397875
397876
397877
397878
397879
397880
397881
397882
397883
397884
397885
397886
397887
397888
397889
397890
397891
397892
397893
397894
397895
397896
397897
397898
397899
397900
397901
397902
397903
397904
397905
397906
397907
397908
397909
397910
397911
397912
397913
397914
397915
397916
397917
397918
397919
397920
397921
397922
397923
397924
397925
397926
397927
397928
397929
397930
397931
397932
397933
397934
397935
397936
397937
397938
397939
397940
397941
397942
397943
397944
397945
397946
397947
397948
397949
397950
397951
397952
397953
397954
397955
397956
397957
397958
397959
397960
397961
397962
397963
397964
397965
397966
397967
397968
397969
397970
397971
397972
397973
397974
397975
397976
397977
397978
397979
397980
397981
397982
397983
397984
397985
397986
397987
397988
397989
397990
397991
397992
397993
397994
397995
397996
397997
397998
397999
398000
398001
398002
398003
398004
398005
398006
398007
398008
398009
398010
398011
398012
398013
398014
398015
398016
398017
398018
398019
398020
398021
398022
398023
398024
398025
398026
398027
398028
398029
398030
398031
398032
398033
398034
398035
398036
398037
398038
398039
398040
398041
398042
398043
398044
398045
398046
398047
398048
398049
398050
398051
398052
398053
398054
398055
398056
398057
398058
398059
398060
398061
398062
398063
398064
398065
398066
398067
398068
398069
398070
398071
398072
398073
398074
398075
398076
398077
398078
398079
398080
398081
398082
398083
398084
398085
398086
398087
398088
398089
398090
398091
398092
398093
398094
398095
398096
398097
398098
398099
398100
398101
398102
398103
398104
398105
398106
398107
398108
398109
398110
398111
398112
398113
398114
398115
398116
398117
398118
398119
398120
398121
398122
398123
398124
398125
398126
398127
398128
398129
398130
398131
398132
398133
398134
398135
398136
398137
398138
398139
398140
398141
398142
398143
398144
398145
398146
398147
398148
398149
398150
398151
398152
398153
398154
398155
398156
398157
398158
398159
398160
398161
398162
398163
398164
398165
398166
398167
398168
398169
398170
398171
398172
398173
398174
398175
398176
398177
398178
398179
398180
398181
398182
398183
398184
398185
398186
398187
398188
398189
398190
398191
398192
398193
398194
398195
398196
398197
398198
398199
398200
398201
398202
398203
398204
398205
398206
398207
398208
398209
398210
398211
398212
398213
398214
398215
398216
398217
398218
398219
398220
398221
398222
398223
398224
398225
398226
398227
398228
398229
398230
398231
398232
398233
398234
398235
398236
398237
398238
398239
398240
398241
398242
398243
398244
398245
398246
398247
398248
398249
398250
398251
398252
398253
398254
398255
398256
398257
398258
398259
398260
398261
398262
398263
398264
398265
398266
398267
398268
398269
398270
398271
398272
398273
398274
398275
398276
398277
398278
398279
398280
398281
398282
398283
398284
398285
398286
398287
398288
398289
398290
398291
398292
398293
398294
398295
398296
398297
398298
398299
398300
398301
398302
398303
398304
398305
398306
398307
398308
398309
398310
398311
398312
398313
398314
398315
398316
398317
398318
398319
398320
398321
398322
398323
398324
398325
398326
398327
398328
398329
398330
398331
398332
398333
398334
398335
398336
398337
398338
398339
398340
398341
398342
398343
398344
398345
398346
398347
398348
398349
398350
398351
398352
398353
398354
398355
398356
398357
398358
398359
398360
398361
398362
398363
398364
398365
398366
398367
398368
398369
398370
398371
398372
398373
398374
398375
398376
398377
398378
398379
398380
398381
398382
398383
398384
398385
398386
398387
398388
398389
398390
398391
398392
398393
398394
398395
398396
398397
398398
398399
398400
398401
398402
398403
398404
398405
398406
398407
398408
398409
398410
398411
398412
398413
398414
398415
398416
398417
398418
398419
398420
398421
398422
398423
398424
398425
398426
398427
398428
398429
398430
398431
398432
398433
398434
398435
398436
398437
398438
398439
398440
398441
398442
398443
398444
398445
398446
398447
398448
398449
398450
398451
398452
398453
398454
398455
398456
398457
398458
398459
398460
398461
398462
398463
398464
398465
398466
398467
398468
398469
398470
398471
398472
398473
398474
398475
398476
398477
398478
398479
398480
398481
398482
398483
398484
398485
398486
398487
398488
398489
398490
398491
398492
398493
398494
398495
398496
398497
398498
398499
398500
398501
398502
398503
398504
398505
398506
398507
398508
398509
398510
398511
398512
398513
398514
398515
398516
398517
398518
398519
398520
398521
398522
398523
398524
398525
398526
398527
398528
398529
398530
398531
398532
398533
398534
398535
398536
398537
398538
398539
398540
398541
398542
398543
398544
398545
398546
398547
398548
398549
398550
398551
398552
398553
398554
398555
398556
398557
398558
398559
398560
398561
398562
398563
398564
398565
398566
398567
398568
398569
398570
398571
398572
398573
398574
398575
398576
398577
398578
398579
398580
398581
398582
398583
398584
398585
398586
398587
398588
398589
398590
398591
398592
398593
398594
398595
398596
398597
398598
398599
398600
398601
398602
398603
398604
398605
398606
398607
398608
398609
398610
398611
398612
398613
398614
398615
398616
398617
398618
398619
398620
398621
398622
398623
398624
398625
398626
398627
398628
398629
398630
398631
398632
398633
398634
398635
398636
398637
398638
398639
398640
398641
398642
398643
398644
398645
398646
398647
398648
398649
398650
398651
398652
398653
398654
398655
398656
398657
398658
398659
398660
398661
398662
398663
398664
398665
398666
398667
398668
398669
398670
398671
398672
398673
398674
398675
398676
398677
398678
398679
398680
398681
398682
398683
398684
398685
398686
398687
398688
398689
398690
398691
398692
398693
398694
398695
398696
398697
398698
398699
398700
398701
398702
398703
398704
398705
398706
398707
398708
398709
398710
398711
398712
398713
398714
398715
398716
398717
398718
398719
398720
398721
398722
398724
398725
398726
398727
398728
398729
398730
398731
398732
398733
398734
398735
398736
398737
398738
398739
398740
398741
398742
398743
398744
398745
398746
398748
398749
398750
398751
398752
398753
398754
398755
398756
398757
398758
398759
398760
398761
398762
398763
398764
398765
398766
398767
398768
398769
398770
398771
398772
398773
398774
398775
398776
398777
398778
398779
398780
398781
398782
398783
398784
398785
398786
398787
398788
398789
398790
398791
398792
398793
398794
398795
398796
398797
398798
398799
398800
398801
398802
398803
398804
398805
398806
398807
398808
398809
398810
398811
398812
398813
398814
398815
398816
398817
398818
398819
398820
398821
398822
398823
398824
398825
398826
398827
398828
398829
398830
398831
398832
398833
398834
398835
398836
398837
398838
398839
398840
398841
398842
398843
398844
398845
398846
398847
398848
398849
398850
398851
398852
398853
398854
398855
398856
398857
398858
398859
398860
398861
398862
398863
398864
398865
398866
398867
398868
398869
398870
398871
398872
398873
398874
398875
398876
398877
398878
398879
398880
398881
398882
398883
398884
398885
398886
398887
398888
398889
398890
398891
398892
398893
398894
398895
398896
398897
398898
398899
398900
398901
398902
398903
398904
398905
398906
398907
398908
398909
398910
398911
398912
398913
398914
398915
398916
398917
398918
398919
398920
398921
398922
398923
398924
398925
398926
398927
398928
398929
398930
398931
398932
398933
398934
398935
398936
398937
398938
398939
398940
398941
398942
398943
398944
398945
398946
398947
398948
398949
398950
398951
398952
398953
398954
398955
398956
398957
398958
398959
398960
398961
398962
398963
398964
398965
398966
398967
398968
398969
398970
398971
398972
398973
398974
398975
398976
398977
398978
398979
398980
398981
398982
398983
398984
398985
398986
398987
398988
398989
398990
398991
398992
398993
398994
398995
398996
398997
398998
398999
399000
399001
399002
399003
399004
399005
399006
399007
399008
399009
399010
399011
399012
399013
399014
399015
399016
399017
399018
399019
399020
399021
399022
399023
399024
399025
399026
399027
399028
399029
399030
399031
399032
399033
399034
399035
399036
399037
399038
399039
399040
399041
399042
399043
399044
399045
399046
399047
399048
399049
399050
399051
399052
399053
399054
399055
399056
399057
399058
399059
399060
399061
399062
399063
399064
399065
399066
399067
399068
399069
399070
399071
399072
399073
399074
399075
399076
399077
399078
399079
399080
399081
399082
399083
399084
399085
399086
399087
399088
399089
399090
399091
399092
399093
399094
399095
399096
399097
399098
399099
399100
399101
399102
399103
399104
399105
399106
399107
399108
399109
399110
399111
399112
399113
399114
399115
399116
399117
399118
399119
399120
399121
399122
399123
399124
399125
399126
399127
399128
399129
399130
399131
399132
399133
399134
399135
399136
399137
399138
399139
399140
399141
399142
399143
399144
399145
399146
399147
399148
399149
399150
399151
399152
399153
399154
399155
399156
399157
399158
399159
399160
399161
399162
399163
399164
399165
399166
399167
399168
399169
399170
399171
399172
399173
399174
399175
399176
399177
399178
399179
399180
399181
399182
399183
399184
399185
399186
399187
399188
399189
399190
399191
399192
399193
399194
399195
399196
399197
399198
399199
399200
399201
399202
399203
399204
399205
399206
399207
399208
399209
399210
399211
399212
399213
399214
399215
399216
399217
399218
399219
399220
399221
399222
399223
399224
399225
399226
399227
399228
399229
399230
399231
399232
399233
399234
399235
399236
399237
399238
399239
399240
399241
399242
399243
399244
399245
399246
399247
399248
399249
399250
399251
399252
399253
399254
399255
399256
399257
399258
399259
399260
399261
399262
399263
399264
399265
399266
399267
399268
399269
399270
399271
399272
399273
399274
399275
399276
399277
399278
399279
399280
399281
399282
399283
399284
399285
399286
399287
399288
399289
399290
399291
399292
399293
399294
399295
399296
399297
399298
399299
399300
399301
399302
399303
399304
399305
399306
399307
399308
399309
399310
399311
399312
399313
399314
399315
399316
399317
399318
399319
399320
399321
399322
399323
399324
399325
399326
399327
399328
399329
399330
399331
399332
399333
399334
399335
399336
399337
399338
399339
399340
399341
399342
399343
399344
399345
399346
399347
399348
399349
399350
399351
399352
399353
399354
399355
399356
399357
399358
399359
399360
399361
399362
399363
399364
399365
399366
399367
399368
399369
399370
399371
399372
399373
399374
399375
399376
399377
399378
399379
399380
399381
399382
399383
399384
399385
399386
399387
399388
399389
399390
399391
399392
399393
399394
399395
399396
399397
399398
399399
399400
399401
399402
399403
399404
399405
399406
399407
399408
399409
399410
399411
399412
399413
399414
399415
399416
399417
399418
399419
399420
399421
399422
399423
399424
399425
399426
399427
399428
399429
399430
399431
399432
399433
399434
399435
399436
399437
399438
399439
399440
399441
399442
399443
399444
399445
399446
399447
399448
399449
399450
399451
399452
399453
399454
399455
399456
399457
399458
399459
399460
399461
399462
399463
399464
399465
399466
399467
399468
399469
399470
399471
399472
399473
399474
399475
399476
399477
399478
399479
399480
399481
399482
399483
399484
399485
399486
399487
399488
399489
399490
399491
399492
399493
399494
399495
399496
399497
399498
399499
399500
399501
399502
399503
399504
399505
399506
399507
399508
399509
399510
399511
399512
399513
399514
399515
399516
399517
399518
399519
399520
399521
399522
399523
399524
399525
399526
399527
399528
399529
399530
399531
399532
399533
399534
399535
399536
399537
399538
399539
399540
399541
399542
399543
399544
399545
399546
399547
399548
399549
399550
399551
399552
399553
399554
399555
399556
399557
399558
399559
399560
399561
399562
399563
399564
399565
399566
399567
399568
399569
399570
399571
399572
399573
399574
399575
399576
399577
399578
399579
399580
399581
399582
399583
399584
399585
399586
399587
399588
399589
399590
399591
399592
399593
399594
399595
399596
399597
399598
399599
399600
399601
399602
399603
399604
399605
399606
399607
399608
399609
399610
399611
399612
399613
399614
399615
399616
399617
399618
399619
399620
399621
399622
399623
399624
399625
399626
399627
399628
399629
399630
399631
399632
399633
399634
399635
399636
399637
399638
399639
399640
399641
399642
399643
399644
399645
399646
399647
399648
399649
399650
399651
399652
399653
399654
399655
399656
399657
399658
399659
399660
399661
399662
399663
399664
399665
399666
399667
399668
399669
399670
399671
399672
399673
399674
399675
399676
399677
399678
399679
399680
399681
399682
399683
399684
399685
399686
399687
399688
399689
399690
399691
399692
399693
399694
399695
399696
399697
399698
399699
399700
399701
399702
399703
399704
399705
399706
399707
399708
399709
399710
399711
399712
399713
399714
399715
399716
399717
399718
399719
399720
399721
399722
399723
399724
399725
399726
399727
399728
399729
399730
399731
399732
399733
399734
399735
399736
399737
399738
399739
399740
399741
399742
399743
399744
399745
399746
399747
399748
399749
399750
399751
399752
399753
399754
399755
399756
399757
399758
399759
399760
399761
399762
399763
399764
399765
399766
399767
399768
399769
399770
399771
399772
399773
399774
399775
399776
399777
399778
399779
399780
399781
399782
399783
399784
399785
399786
399787
399788
399789
399790
399791
399792
399793
399794
399795
399796
399797
399798
399799
399800
399801
399802
399803
399804
399805
399806
399807
399808
399809
399810
399811
399812
399813
399814
399815
399816
399817
399818
399819
399820
399821
399822
399823
399824
399825
399826
399827
399828
399829
399830
399831
399832
399833
399834
399835
399836
399837
399838
399839
399840
399841
399842
399843
399844
399845
399846
399847
399848
399849
399850
399851
399852
399853
399854
399855
399856
399857
399858
399859
399860
399861
399862
399863
399864
399865
399866
399867
399868
399869
399870
399871
399872
399873
399874
399875
399876
399877
399878
399879
399880
399881
399882
399883
399884
399885
399886
399887
399888
399889
399890
399891
399892
399893
399894
399895
399896
399898
399899
399900
399901
399902
399903
