571270
571271
571272
571273
571274
571275
571276
571277
571278
571279
571280
571281
571282
571283
571284
571285
571286
571287
571288
571289
571290
571291
571292
571293
571294
571295
571296
571297
571298
571299
571300
571301
571302
571303
571304
571305
571306
571307
571308
571309
571310
571311
571312
571313
571314
571315
571316
571317
571318
571319
571320
571321
571322
571323
571324
571325
571326
571327
571328
571329
571330
571331
571332
571333
571334
571335
571336
571337
571338
571339
571340
571341
571342
571343
571344
571345
571346
571347
571348
571349
571350
571351
571352
571353
571354
571355
571356
571357
571358
571359
571360
571361
571362
571363
571364
571365
571366
571367
571368
571369
571370
571371
571372
571373
571374
571375
571376
571377
571378
571379
571380
571381
571382
571383
571384
571385
571386
571387
571388
571389
571390
571391
571392
571393
571394
571395
571396
571397
571398
571399
571400
571401
571402
571403
571404
571405
571406
571407
571408
571409
571410
571411
571412
571413
571414
571415
571416
571417
571418
571419
571420
571421
571422
571423
571424
571425
571426
571427
571428
571429
571430
571431
571432
571433
571434
571435
571436
571437
571438
571439
571440
571441
571442
571443
571444
571445
571446
571447
571448
571449
571450
571451
571452
571453
571454
571455
571456
571457
571458
571459
571460
571461
571462
571463
571464
571465
571466
571467
571468
571469
571470
571471
571472
571473
571474
571475
571476
571477
571478
571479
571480
571481
571482
571483
571484
571485
571486
571487
571488
571489
571490
571491
571492
571493
571494
571495
571496
571497
571498
571499
571500
571501
571502
571503
571504
571505
571506
571507
571508
571509
571510
571511
571512
571513
571514
571515
571516
571517
571518
571519
571520
571521
571522
571523
571524
571525
571526
571527
571528
571529
571530
571531
571532
571533
571534
571535
571536
571537
571538
571539
571540
571541
571542
571543
571544
571545
571546
571547
571548
571549
571550
571551
571552
571553
571554
571555
571556
571557
571558
571559
571560
571561
571562
571563
571564
571565
571566
571567
571568
571569
571570
571571
571572
571573
571574
571575
571576
571577
571578
571579
571580
571581
571582
571583
571584
571585
571586
571587
571588
571589
571590
571591
571592
571593
571594
571595
571596
571597
571598
571599
571600
571601
571602
571603
571604
571605
571606
571607
571608
571609
571610
571611
571612
571613
571614
571615
571616
571617
571618
571619
571620
571621
571622
571623
571624
571625
571626
571627
571628
571629
571630
571631
571632
571633
571634
571635
571636
571637
571638
571639
571640
571641
571642
571643
571644
571645
571646
571647
571648
571649
571650
571651
571652
571653
571654
571655
571656
571657
571658
571659
571660
571661
571662
571663
571664
571665
571666
571667
571668
571669
571670
571671
571672
571673
571674
571675
571676
571677
571678
571679
571680
571681
571682
571683
571684
571685
571686
571687
571688
571689
571690
571691
571692
571693
571694
571695
571696
571697
571698
571699
571700
571701
571702
571703
571704
571705
571706
571707
571708
571709
571710
571711
571712
571713
571714
571715
571716
571717
571718
571719
571720
571721
571722
571723
571724
571725
571726
571727
571728
571729
571730
571731
571732
571733
571734
571735
571736
571737
571738
571739
571740
571741
571742
571743
571744
571745
571746
571747
571748
571749
571750
571751
571752
571753
571754
571755
571756
571757
571758
571759
571760
571761
571762
571763
571764
571765
571766
571767
571768
571769
571770
571771
571772
571773
571774
571775
571776
571777
571778
571779
571780
571781
571782
571783
571784
571785
571786
571787
571788
571789
571790
571791
571792
571793
571794
571795
571796
571797
571798
571799
571800
571801
571802
571803
571804
571805
571806
571807
571808
571809
571810
571811
571812
571813
571814
571815
571816
571817
571818
571819
571820
571821
571822
571823
571824
571825
571826
571827
571828
571829
571830
571831
571832
571833
571834
571835
571836
571837
571838
571839
571840
571841
571842
571843
571844
571845
571846
571847
571848
571849
571850
571851
571852
571853
571854
571855
571856
571857
571858
571859
571860
571861
571862
571863
571864
571865
571866
571867
571868
571869
571870
571871
571872
571873
571874
571875
571876
571877
571878
571879
571880
571881
571882
571883
571884
571885
571886
571887
571888
571889
571890
571891
571892
571893
571894
571895
571896
571897
571898
571899
571900
571901
571902
571903
571904
571905
571906
571907
571908
571909
571910
571911
571912
571913
571914
571915
571916
571917
571918
571919
571920
571921
571922
571923
571924
571925
571926
571927
571928
571929
571930
571931
571932
571933
571934
571935
571936
571937
571938
571939
571940
571941
571942
571943
571944
571945
571946
571947
571948
571949
571950
571951
571952
571953
571954
571955
571956
571957
571958
571959
571960
571961
571962
571963
571964
571965
571966
571967
571968
571969
571970
571971
571972
571973
571974
571975
571976
571977
571978
571979
571980
571981
571982
571983
571984
571985
571986
571987
571988
571989
571990
571991
571992
571993
571994
571995
571996
571997
571998
571999
572000
572001
572002
572003
572004
572005
572006
572007
572008
572009
572010
572011
572012
572013
572014
572015
572016
572017
572018
572019
572020
572021
572022
572023
572024
572025
572026
572027
572028
572029
572030
572031
572032
572033
572034
572035
572036
572037
572038
572039
572040
572041
572042
572043
572044
572045
572046
572047
572048
572049
572050
572051
572052
572053
572054
572055
572056
572057
572058
572059
572060
572061
572062
572063
572064
572065
572066
572067
572068
572069
572070
572071
572072
572073
572074
572075
572076
572077
572078
572079
572080
572081
572082
572083
572084
572085
572086
572087
572088
572089
572090
572091
572092
572093
572094
572095
572096
572097
572098
572099
572100
572101
572102
572103
572104
572105
572106
572107
572108
572109
572110
572111
572112
572113
572114
572115
572116
572117
572118
572119
572120
572121
572122
572123
572124
572125
572126
572127
572128
572129
572130
572131
572132
572133
572134
572135
572136
572137
572138
572139
572140
572141
572142
572143
572144
572145
572146
572147
572148
572149
572150
572151
572152
572153
572154
572155
572156
572157
572158
572159
572160
572161
572162
572163
572164
572165
572166
572167
572168
572169
572170
572171
572172
572173
572174
572175
572176
572177
572178
572179
572180
572181
572182
572183
572184
572185
572186
572187
572188
572189
572190
572191
572192
572193
572194
572195
572196
572197
572198
572199
572200
572201
572202
572203
572204
572205
572206
572207
572208
572209
572210
572211
572212
572213
572214
572215
572216
572217
572218
572219
572220
572221
572222
572223
572224
572225
572226
572227
572228
572229
572230
572231
572232
572233
572234
572235
572236
572237
572238
572239
572240
572241
572242
572243
572244
572245
572246
572247
572248
572249
572250
572251
572252
572253
572254
572255
572256
572257
572258
572259
572260
572261
572262
572263
572264
572265
572266
572267
572268
572269
572270
572271
572272
572273
572274
572275
572276
572277
572278
572279
572280
572281
572282
572283
572284
572285
572286
572287
572288
572289
572290
572291
572292
572293
572294
572295
572296
572297
572298
572299
572300
572301
572302
572303
572304
572305
572306
572307
572308
572309
572310
572311
572312
572313
572314
572315
572316
572317
572318
572319
572320
572321
572322
572323
572324
572325
572326
572327
572328
572329
572330
572331
572332
572333
572334
572335
572336
572337
572338
572339
572340
572341
572342
572343
572344
572345
572346
572347
572348
572349
572350
572351
572352
572353
572354
572355
572356
572357
572358
572359
572360
572361
572362
572363
572364
572365
572366
572367
572368
572369
572370
572371
572372
572373
572374
572375
572376
572377
572378
572379
572380
572381
572382
572383
572384
572385
572386
572387
572388
572389
572390
572391
572392
572393
572394
572395
572396
572397
572398
572399
572400
572401
572402
572403
572404
572405
572406
572407
572408
572409
572410
572411
572412
572413
572414
572415
572416
572417
572418
572419
572420
572421
572422
572423
572424
572425
572426
572427
572428
572429
572430
572431
572432
572433
572434
572435
572436
572437
572438
572439
572440
572441
572442
572443
572444
572445
572446
572447
572448
572449
572450
572451
572452
572453
572454
572455
572456
572457
572458
572459
572460
572461
572462
572463
572464
572465
572466
572467
572468
572469
572470
572471
572472
572473
572474
572475
572476
572477
572478
572479
572480
572481
572482
572483
572484
572485
572486
572487
572488
572489
572490
572491
572492
572493
572494
572495
572496
572497
572498
572499
572500
572501
572502
572503
572504
572505
572506
572507
572508
572509
572510
572511
572512
572513
572514
572515
572516
572517
572518
572519
572520
572521
572522
572523
572524
572525
572526
572527
572528
572529
572530
572531
572532
572533
572534
572535
572536
572537
572538
572539
572540
572541
572542
572543
572544
572545
572546
572547
572548
572549
572550
572551
572552
572553
572554
572555
572556
572557
572558
572559
572560
572561
572562
572563
572564
572565
572566
572567
572568
572569
572570
572571
572572
572573
572574
572575
572576
572577
572578
572579
572580
572581
572582
572583
572584
572585
572586
572587
572588
572589
572590
572591
572592
572593
572594
572595
572596
572597
572598
572599
572600
572601
572602
572603
572604
572605
572606
572607
572608
572609
572610
572611
572612
572613
572614
572615
572616
572617
572618
572619
572620
572621
572622
572623
572624
572625
572626
572627
572628
572629
572630
572631
572632
572633
572634
572635
572636
572637
572638
572639
572640
572641
572642
572643
572644
572645
572646
572647
572648
572649
572650
572651
572652
572653
572654
572655
572656
572657
572658
572659
572660
572661
572662
572663
572664
572665
572666
572667
572668
572669
572670
572671
572672
572673
572674
572675
572676
572677
572678
572679
572680
572681
572682
572683
572684
572685
572686
572687
572688
572689
572690
572691
572692
572693
572694
572695
572696
572697
572698
572699
572700
572701
572702
572703
572704
572705
572706
572707
572708
572709
572710
572711
572712
572713
572714
572715
572716
572717
572718
572719
572720
572721
572722
572723
572724
572725
572726
572727
572728
572729
572730
572731
572732
572733
572734
572735
572736
572737
572738
572739
572740
572741
572742
572743
572744
572745
572746
572747
572748
572749
572750
572751
572752
572753
572754
572755
572756
572757
572758
572759
572760
572761
572762
572763
572764
572765
572766
572767
572768
572769
572770
572771
572772
572773
572774
572775
572776
572777
572778
572779
572780
572781
572782
572783
572784
572785
572786
572787
572788
572789
572790
572791
572792
572793
572794
572795
572796
572797
572798
572799
572800
572801
572802
572803
572804
572805
572806
572807
572808
572809
572810
572811
572812
572813
572814
572815
572816
572817
572818
572819
572820
572821
572822
572823
572824
572825
572826
572827
572828
572829
572830
572831
572832
572833
572834
572835
572836
572837
572838
572839
572840
572841
572842
572843
572844
572845
572846
572847
572848
572849
572850
572851
572852
572853
572854
572855
572856
572857
572858
572859
572860
572861
572862
572863
572864
572865
572866
572867
572868
572869
572870
572871
572872
572873
572874
572875
572876
572877
572878
572879
572880
572881
572882
572883
572884
572885
572886
572887
572888
572889
572890
572891
572892
572893
572894
572895
572896
572897
572898
572899
572900
572901
572902
572903
572904
572905
572906
572907
572908
572909
572910
572911
572912
572913
572914
572915
572916
572917
572918
572919
572920
572921
572922
572923
572924
572925
572926
572927
572928
572929
572930
572931
572932
572933
572934
572935
572936
572937
572938
572939
572940
572941
572942
572943
572944
572945
572946
572947
572948
572949
572950
572951
572952
572953
572954
572955
572956
572957
572958
572959
572960
572961
572962
572963
572964
572965
572966
572967
572968
572969
572970
572971
572972
572973
572974
572975
572976
572977
572978
572979
572980
572981
572982
572983
572984
572985
572986
572987
572988
572989
572990
572991
572992
572993
572994
572995
572996
572997
572998
572999
573000
573001
573002
573003
573004
573005
573006
573007
573008
573009
573010
573011
573012
573013
573014
573015
573016
573017
573018
573019
573020
573021
573022
573023
573024
573025
573026
573027
573028
573029
573030
573031
573032
573033
573034
573035
573036
573037
573038
573039
573040
573041
573042
573043
573044
573045
573046
573047
573048
573049
573050
573051
573052
573053
573054
573055
573056
573057
573058
573059
573060
573061
573062
573063
573064
573065
573066
573067
573068
573069
573070
573071
573072
573073
573074
573075
573076
573077
573078
573079
573080
573081
573082
573083
573084
573085
573086
573087
573088
573089
573090
573091
573092
573093
573094
573095
573096
573097
573098
573099
573100
573101
573102
573103
573104
573105
573106
573107
573108
573109
573110
573111
573112
573113
573114
573115
573116
573117
573118
573119
573120
573121
573122
573123
573124
573125
573126
573127
573128
573129
573130
573131
573132
573133
573134
573135
573136
573137
573138
573139
573140
573141
573142
573143
573144
573145
573146
573147
573148
573149
573150
573151
573152
573153
573154
573155
573156
573157
573158
573159
573160
573161
573162
573163
573164
573165
573166
573167
573168
573169
573170
573171
573172
573173
573174
573175
573176
573177
573178
573179
573180
573181
573182
573183
573184
573185
573186
573187
573188
573189
573190
573191
573192
573193
573194
573195
573196
573197
573198
573199
573200
573201
573202
573203
573204
573205
573206
573207
573208
573209
573210
573211
573212
573213
573214
573215
573216
573217
573218
573219
573220
573221
573222
573223
573224
573225
573226
573227
573228
573229
573230
573231
573232
573233
573234
573235
573236
573237
573238
573239
573240
573241
573242
573243
573244
573245
573246
573247
573248
573249
573250
573251
573252
573253
573254
573255
573256
573257
573258
573259
573260
573261
573262
573263
573264
573265
573266
573267
573268
573269
573270
573271
573272
573273
573274
573275
573276
573277
573278
573279
573280
573281
573282
573283
573284
573285
573286
573287
573288
573289
573290
573291
573292
573293
573294
573295
573296
573297
573298
573299
573300
573301
573302
573303
573304
573305
573306
573307
573308
573309
573310
573311
573312
573313
573314
573315
573316
573317
573318
573319
573320
573321
573322
573323
573324
573325
573326
573327
573328
573329
573330
573331
573332
573333
573334
573335
573336
573337
573338
573339
573340
573341
573342
573343
573344
573345
573346
573347
573348
573349
573350
573351
573352
573353
573354
573355
573356
573357
573358
573359
573360
573361
573362
573363
573364
573365
573366
573367
573368
573369
573370
573371
573372
573373
573374
573375
573376
573377
573378
573379
573380
573381
573382
573383
573384
573385
573386
573387
573388
573389
573390
573391
573392
573393
573394
573395
573396
573397
573398
573399
573400
573401
573402
573403
573404
573405
573406
573407
573408
573409
573410
573411
573412
573413
573414
573415
573416
573417
573418
573419
573420
573421
573422
573423
573424
573425
573426
573427
573428
573429
573430
573431
573432
573433
573434
573435
573436
573437
573438
573439
573440
573441
573442
573443
573444
573445
573446
573447
573448
573449
573450
573451
573452
573453
573454
573455
573456
573457
573458
573459
573460
573461
573462
573463
573464
573465
573466
573467
573468
573469
573470
573471
573472
573473
573474
573475
573476
573477
573478
573479
573480
573481
573482
573483
573484
573485
573486
573487
573488
573489
573490
573491
573492
573493
573494
573495
573496
573497
573498
573499
573500
573501
573502
573503
573504
573505
573506
573507
573508
573509
573510
573511
573512
573513
573514
573515
573516
573517
573518
573519
573520
573521
573522
573523
573524
573525
573526
573527
573528
573529
573530
573531
573532
573533
573534
573535
573536
573537
573538
573539
573540
573541
573542
573543
573544
573545
573546
573547
573548
573549
573550
573551
573552
573553
573554
573555
573556
573557
573558
573559
573560
573561
573562
573563
573564
573565
573566
573567
573568
573569
573570
573571
573572
573573
573574
573575
573576
573577
573578
573579
573580
573581
573582
573583
573584
573585
573586
573587
573588
573589
573590
573591
573592
573593
573594
573595
573596
573597
573598
573599
573600
573601
573602
573603
573604
573605
573606
573607
573608
573609
573610
573611
573612
573613
573614
573615
573616
573617
573618
573619
573620
573621
573622
573623
573624
573625
573626
573627
573628
573629
573630
573631
573632
573633
573634
573635
573636
573637
573638
573639
573640
573641
573642
573643
573644
573645
573646
573647
573648
573649
573650
573651
573652
573653
573654
573655
573656
573657
573658
573659
573660
573661
573662
573663
573664
573665
573666
573667
573668
573669
573670
573671
573672
573673
573674
573675
573676
573677
573678
573679
573680
573681
573682
573683
573684
573685
573686
573687
573688
573689
573690
573691
573692
573693
573694
573695
573696
573697
573698
573699
573700
573701
573702
573703
573704
573705
573706
573707
573708
573709
573710
573711
573712
573713
573714
573715
573716
573717
573718
573719
573720
573721
573722
573723
573724
573725
573726
573727
573728
573729
573730
573731
573732
573733
573734
573735
573736
573737
573738
573739
573740
573741
573742
573743
573744
573745
573746
573747
573748
573749
573750
573751
573752
573753
573754
573755
573756
573757
573758
573759
573760
573761
573762
573763
573764
573765
573766
573767
573768
573769
573770
573771
573772
573773
573774
573775
573776
573777
573778
573779
573780
573781
573782
573783
573784
573785
573786
573787
573788
573789
573790
573791
573792
573793
573794
573795
573796
573797
573798
573799
573800
573801
573802
573803
573804
573805
573806
573807
573808
573809
573810
573811
573812
573813
573814
573815
573816
573817
573818
573819
573820
573821
573822
573823
573824
573825
573826
573827
573828
573829
573830
573831
573832
573833
573834
573835
573836
573837
573838
573839
573840
573841
573842
573843
573844
573845
573846
573847
573848
573849
573850
573851
573852
573853
573854
573855
573856
573857
573858
573859
573860
573861
573862
573863
573864
573865
573866
573867
573868
573869
573870
573871
573872
573873
573874
573875
573876
573877
573878
573879
573880
573881
573882
573883
573884
573885
573886
573887
573888
573889
573890
573891
573892
573893
573894
573895
573896
573897
573898
573899
573900
573901
573902
573903
573904
573905
573906
573907
573908
573909
573910
573911
573912
573913
573914
573915
573916
573917
573918
573919
573920
573921
573922
573923
573924
573925
573926
573927
573928
573929
573930
573931
573932
573933
573934
573935
573936
573937
573938
573939
573940
573941
573942
573943
573944
573945
573946
573947
573948
573949
573950
573951
573952
573953
573954
573955
573956
573957
573958
573959
573960
573961
573962
573963
573964
573965
573966
573967
573968
