706780
706781
706782
706783
706784
706785
706786
706787
706788
706789
706790
706791
706792
706793
706794
706795
706796
706797
706798
706799
706800
706801
706802
706803
706804
706805
706806
706807
706808
706809
706810
706811
706812
706813
706814
706815
706816
706817
706818
706819
706820
706821
706822
706823
706824
706825
706826
706827
706828
706829
706830
706831
706832
706833
706834
706835
706836
706837
706838
706839
706840
706841
706842
706843
706844
706845
706846
706847
706848
706849
706850
706851
706852
706853
706854
706855
706856
706857
706858
706859
706860
706861
706862
706863
706864
706865
706866
706867
706868
706869
706870
706871
706872
706873
706874
706875
706876
706877
706878
706879
706880
706881
706882
706883
706884
706885
706886
706887
706888
706889
706890
706891
706892
706893
706894
706895
706896
706897
706898
706899
706900
706901
706902
706903
706904
706905
706906
706907
706908
706909
706910
706911
706912
706913
706914
706915
706916
706917
706918
706919
706920
706921
706922
706923
706924
706925
706926
706927
706928
706929
706930
706931
706932
706933
706934
706935
706936
706937
706938
706939
706940
706941
706942
706943
706944
706945
706946
706947
706948
706949
706950
706951
706952
706953
706954
706955
706956
706957
706958
706959
706960
706961
706962
706963
706964
706965
706966
706967
706968
706969
706970
706971
706972
706973
706974
706975
706976
706977
706978
706979
706980
706981
706982
706983
706984
706985
706986
706987
706988
706989
706990
706991
706992
706993
706994
706995
706996
706997
706998
706999
707000
707001
707002
707003
707004
707005
707006
707007
707008
707009
707010
707011
707012
707013
707014
707015
707016
707017
707018
707019
707020
707021
707022
707023
707024
707025
707026
707027
707028
707029
707030
707031
707032
707033
707034
707035
707036
707037
707038
707039
707040
707041
707042
707043
707044
707045
707046
707047
707048
707049
707050
707051
707052
707053
707054
707055
707056
707057
707058
707059
707060
707061
707062
707063
707064
707065
707066
707067
707068
707069
707070
707071
707072
707073
707074
707075
707076
707077
707078
707079
707080
707081
707082
707083
707084
707085
707086
707087
707088
707089
707090
707091
707092
707093
707094
707095
707096
707097
707098
707099
707100
707101
707102
707103
707104
707105
707106
707107
707108
707109
707110
707111
707112
707113
707114
707115
707116
707117
707118
707119
707120
707121
707122
707123
707124
707125
707126
707127
707128
707129
707130
707131
707132
707133
707134
707135
707136
707137
707138
707139
707140
707141
707142
707143
707144
707145
707146
707147
707148
707149
707150
707151
707152
707153
707154
707155
707156
707157
707158
707159
707160
707161
707162
707163
707164
707165
707166
707167
707168
707169
707170
707171
707172
707173
707174
707175
707176
707177
707178
707179
707180
707181
707182
707183
707184
707185
707186
707187
707188
707189
707190
707191
707192
707193
707194
707195
707196
707197
707198
707199
707200
707201
707202
707203
707204
707205
707206
707207
707208
707209
707210
707211
707212
707213
707214
707215
707216
707217
707218
707219
707220
707221
707222
707223
707224
707225
707226
707227
707228
707229
707230
707231
707232
707233
707234
707235
707236
707237
707238
707239
707240
707241
707242
707243
707244
707245
707246
707247
707248
707249
707250
707251
707252
707253
707254
707255
707256
707257
707258
707259
707260
707261
707262
707263
707264
707265
707266
707267
707268
707269
707270
707271
707272
707273
707274
707275
707276
707277
707278
707279
707280
707281
707282
707283
707284
707285
707286
707287
707288
707289
707290
707291
707292
707293
707294
707295
707296
707297
707298
707299
707300
707301
707302
707303
707304
707305
707306
707307
707308
707309
707310
707311
707312
707313
707314
707315
707316
707317
707318
707319
707320
707321
707322
707323
707324
707325
707326
707327
707328
707329
707330
707331
707332
707333
707334
707335
707336
707337
707338
707339
707340
707341
707342
707343
707344
707345
707346
707347
707348
707349
707350
707351
707352
707353
707354
707355
707356
707357
707358
707359
707360
707361
707362
707363
707364
707365
707366
707367
707368
707369
707370
707371
707372
707373
707374
707375
707376
707377
707378
707379
707380
707381
707382
707383
707384
707385
707386
707387
707388
707389
707390
707391
707392
707393
707394
707395
707396
707397
707398
707399
707400
707401
707402
707403
707404
707405
707406
707407
707408
707409
707410
707411
707412
707413
707414
707415
707416
707417
707418
707419
707420
707421
707422
707423
707424
707425
707426
707427
707428
707429
707430
707431
707432
707433
707434
707435
707436
707437
707438
707439
707440
707441
707442
707443
707444
707445
707446
707447
707448
707449
707450
707451
707452
707453
707454
707455
707456
707457
707458
707459
707460
707461
707462
707463
707464
707465
707466
707467
707468
707469
707470
707471
707472
707473
707474
707475
707476
707477
707478
707479
707480
707481
707482
707483
707484
707485
707486
707487
707488
707489
707490
707491
707492
707493
707494
707495
707496
707497
707498
707499
707500
707501
707502
707503
707504
707505
707506
707507
707508
707509
707510
707511
707512
707513
707514
707515
707516
707517
707518
707519
707520
707521
707522
707523
707524
707525
707526
707527
707528
707529
707530
707531
707532
707533
707534
707535
707536
707537
707538
707539
707540
707541
707542
707543
707544
707545
707546
707547
707548
707549
707550
707551
707552
707553
707554
707555
707556
707557
707558
707559
707560
707561
707562
707563
707564
707565
707566
707567
707568
707569
707570
707571
707572
707573
707574
707575
707576
707577
707578
707579
707580
707581
707582
707583
707584
707585
707586
707587
707588
707589
707590
707591
707592
707593
707594
707595
707596
707597
707598
707599
707600
707601
707602
707603
707604
707605
707606
707607
707608
707609
707610
707611
707612
707613
707614
707615
707616
707617
707618
707619
707620
707621
707622
707623
707624
707625
707626
707627
707628
707629
707630
707631
707632
707633
707634
707635
707636
707637
707638
707639
707640
707641
707642
707643
707644
707645
707646
707647
707648
707649
707650
707651
707652
707653
707654
707655
707656
707657
707658
707659
707660
707661
707662
707663
707664
707665
707666
707667
707668
707669
707670
707671
707672
707673
707674
707675
707676
707677
707678
707679
707680
707681
707682
707683
707684
707685
707686
707687
707688
707689
707690
707691
707692
707693
707694
707695
707696
707697
707698
707699
707700
707701
707702
707703
707704
707705
707706
707707
707708
707709
707710
707711
707712
707713
707714
707715
707716
707717
707718
707719
707720
707721
707722
707723
707724
707725
707726
707727
707728
707729
707730
707731
707732
707733
707734
707735
707736
707737
707738
707739
707740
707741
707742
707743
707744
707745
707746
707747
707748
707749
707750
707751
707752
707753
707754
707755
707756
707757
707758
707759
707760
707761
707762
707763
707764
707765
707766
707767
707768
707769
707770
707771
707772
707773
707774
707775
707776
707777
707778
707779
707780
707781
707782
707783
707784
707785
707786
707787
707788
707789
707790
707791
707792
707793
707794
707795
707796
707797
707798
707799
707800
707801
707802
707803
707804
707805
707806
707807
707808
707809
707810
707811
707812
707813
707814
707815
707816
707817
707818
707819
707820
707821
707822
707823
707824
707825
707826
707827
707828
707829
707830
707831
707832
707833
707834
707835
707836
707837
707838
707839
707840
707841
707842
707843
707844
707845
707846
707847
707848
707849
707850
707851
707852
707853
707854
707855
707856
707857
707858
707859
707860
707861
707862
707863
707864
707865
707866
707867
707868
707869
707870
707871
707872
707873
707874
707875
707876
707877
707878
707879
707880
707881
707882
707883
707884
707885
707886
707887
707888
707889
707890
707891
707892
707893
707894
707895
707896
707897
707898
707899
707900
707901
707902
707903
707904
707905
707906
707907
707908
707909
707910
707911
707912
707913
707914
707915
707916
707917
707918
707919
707920
707921
707922
707923
707924
707925
707926
707927
707928
707929
707930
707931
707932
707933
707934
707935
707936
707937
707938
707939
707940
707941
707942
707943
707944
707945
707946
707947
707948
707949
707950
707951
707952
707953
707954
707955
707956
707957
707958
707959
707960
707961
707962
707963
707964
707965
707966
707967
707968
707969
707970
707971
707972
707973
707974
707975
707976
707977
707978
707979
707980
707981
707982
707983
707984
707985
707986
707987
707988
707989
707990
707991
707992
707993
707994
707995
707996
707997
707998
707999
708000
708001
708002
708003
708004
708005
708006
708007
708008
708009
708010
708011
708012
708013
708014
708015
708016
708017
708018
708019
708020
708021
708022
708023
708024
708025
708026
708027
708028
708029
708030
708031
708032
708033
708034
708035
708036
708037
708038
708039
708040
708041
708042
708043
708044
708045
708046
708047
708048
708049
708050
708051
708052
708053
708054
708055
708056
708057
708058
708059
708060
708061
708062
708063
708064
708065
708066
708067
708068
708069
708070
708071
708072
708073
708074
708075
708076
708077
708078
708079
708080
708081
708082
708083
708084
708085
708086
708087
708088
708089
708090
708091
708092
708093
708094
708095
708096
708097
708098
708099
708100
708101
708102
708103
708104
708105
708106
708107
708108
708109
708110
708111
708112
708113
708114
708115
708116
708117
708118
708119
708120
708121
708122
708123
708124
708125
708126
708127
708128
708129
708130
708131
708132
708133
708134
708135
708136
708137
708138
708139
708140
708141
708142
708143
708144
708145
708146
708147
708148
708149
708150
708151
708152
708153
708154
708155
708156
708157
708158
708159
708160
708161
708162
708163
708164
708165
708166
708167
708168
708169
708170
708171
708172
708173
708174
708175
708176
708177
708178
708179
708180
708181
708182
708183
708184
708185
708186
708187
708188
708189
708190
708191
708192
708193
708194
708195
708196
708197
708198
708199
708200
708201
708202
708203
708204
708205
708206
708207
708208
708209
708210
708211
708212
708213
708214
708215
708216
708217
708218
708219
708220
708221
708222
708223
708224
708225
708226
708227
708228
708229
708230
708231
708232
708233
708234
708235
708236
708237
708238
708239
708240
708241
708242
708243
708244
708245
708246
708247
708248
708249
708250
708251
708252
708253
708254
708255
708256
708257
708258
708259
708260
708261
708262
708263
708264
708265
708266
708267
708268
708269
708270
708271
708272
708273
708274
708275
708276
708277
708278
708279
708280
708281
708282
708283
708284
708285
708286
708287
708288
708289
708290
708291
708292
708293
708294
708295
708296
708297
708298
708299
708300
708301
708302
708303
708304
708305
708306
708307
708308
708309
708310
708311
708312
708313
708314
708315
708316
708317
708318
708319
708320
708321
708322
708323
708324
708325
708326
708327
708328
708329
708330
708331
708332
708333
708334
708335
708336
708337
708338
708339
708340
708341
708342
708343
708344
708345
708346
708347
708348
708349
708350
708351
708352
708353
708354
708355
708356
708357
708358
708359
708360
708361
708362
708363
708364
708365
708366
708367
708368
708369
708370
708371
708372
708373
708374
708375
708376
708377
708378
708379
708380
708381
708382
708383
708384
708385
708386
708387
708388
708389
708390
708391
708392
708393
708394
708395
708396
708397
708398
708399
708400
708401
708402
708403
708404
708405
708406
708407
708408
708409
708410
708411
708412
708413
708414
708415
708416
708417
708418
708419
708420
708421
708422
708423
708424
708425
708426
708427
708428
708429
708430
708431
708432
708433
708434
708435
708436
708437
708438
708439
708440
708441
708442
708443
708444
708445
708446
708447
708448
708449
708450
708451
708452
708453
708454
708455
708456
708457
708458
708459
708460
708461
708462
708463
708464
708465
708466
708467
708468
708469
708470
708471
708472
708473
708474
708475
708476
708477
708478
708479
708480
708481
708482
708483
708484
708485
708486
708487
708488
708489
708490
708491
708492
708493
708494
708495
708496
708497
708498
708499
708500
708501
708502
708503
708504
708505
708506
708507
708508
708509
708510
708511
708512
708513
708514
708515
708516
708517
708518
708519
708520
708521
708522
708523
708524
708525
708526
708527
708528
708529
708530
708531
708532
708533
708534
708535
708536
708537
708538
708539
708540
708541
708542
708543
708544
708545
708546
708547
708548
708549
708550
708551
708552
708553
708554
708555
708556
708557
708558
708559
708560
708561
708562
708563
708564
708565
708566
708567
708568
708569
708570
708571
708572
708573
708574
708575
708576
708577
708578
708579
708580
708581
708582
708583
708584
708585
708586
708587
708588
708589
708590
708591
708592
708593
708594
708595
708596
708597
708598
708599
708600
708601
708602
708603
708604
708605
708606
708607
708608
708609
708610
708611
708612
708613
708614
708615
708616
708617
708618
708619
708620
708621
708622
708623
708624
708625
708626
708627
708628
708629
708630
708631
708632
708633
708634
708635
708636
708637
708638
708639
708640
708641
708642
708643
708644
708645
708646
708647
708648
708649
708650
708651
708652
708653
708654
708655
708656
708657
708658
708659
708660
708661
708662
708663
708664
708665
708666
708667
708668
708669
708670
708671
708672
708673
708674
708675
708676
708677
708678
708679
708680
708681
708682
708683
708684
708685
708686
708687
708688
708689
708690
708691
708692
708693
708694
708695
708696
708697
708698
708699
708700
708701
708702
708703
708704
708705
708706
708707
708708
708709
708710
708711
708712
708713
708714
708715
708716
708717
708718
708719
708720
708721
708722
708723
708724
708725
708726
708727
708728
708729
708730
708731
708732
708733
708734
708735
