451972
451973
451974
451975
451976
451977
451978
451979
451980
451981
451982
451983
451984
451985
451986
451987
451988
451989
451990
451991
451992
451993
451994
451995
451996
451997
451998
451999
452000
452001
452002
452003
452004
452005
452006
452007
452008
452009
452010
452011
452012
452013
452014
452015
452016
452017
452018
452019
452020
452021
452022
452023
452024
452025
452026
452027
452028
452029
452030
452031
452032
452033
452034
452035
452036
452037
452038
452039
452040
452041
452042
452043
452044
452045
452046
452047
452048
452049
452050
452051
452052
452053
452054
452055
452056
452057
452058
452059
452060
452061
452062
452063
452064
452065
452066
452067
452068
452069
452070
452071
452072
452073
452074
452075
452076
452077
452078
452079
452080
452081
452082
452083
452084
452085
452086
452087
452088
452089
452090
452091
452092
452093
452094
452095
452096
452097
452098
452099
452100
452101
452102
452103
452104
452105
452106
452107
452108
452109
452110
452111
452112
452113
452114
452115
452116
452117
452118
452119
452120
452121
452122
452123
452124
452125
452126
452127
452128
452129
452130
452131
452132
452133
452134
452135
452136
452137
452138
452139
452140
452141
452142
452143
452144
452145
452146
452147
452148
452149
452150
452151
452152
452153
452154
452155
452156
452157
452158
452159
452160
452161
452162
452163
452164
452165
452166
452167
452168
452169
452170
452171
452172
452173
452174
452175
452176
452177
452178
452179
452180
452181
452182
452183
452184
452185
452186
452187
452188
452189
452190
452191
452192
452193
452194
452195
452196
452197
452198
452199
452200
452201
452202
452203
452204
452205
452206
452207
452208
452209
452210
452211
452212
452213
452214
452215
452216
452217
452218
452219
452220
452221
452222
452223
452224
452225
452226
452227
452228
452229
452230
452231
452232
452233
452234
452235
452236
452237
452238
452239
452240
452241
452242
452243
452244
452245
452246
452247
452248
452249
452250
452251
452252
452253
452254
452255
452256
452257
452258
452259
452260
452261
452262
452263
452264
452265
452266
452267
452268
452269
452270
452271
452272
452273
452274
452275
452276
452277
452278
452279
452280
452281
452282
452283
452284
452285
452286
452287
452288
452289
452290
452291
452292
452293
452294
452295
452296
452297
452298
452299
452300
452301
452302
452303
452304
452305
452306
452307
452308
452309
452310
452311
452312
452313
452314
452315
452316
452317
452318
452319
452320
452321
452322
452323
452324
452325
452326
452327
452328
452329
452330
452331
452332
452333
452334
452335
452336
452337
452338
452339
452340
452341
452342
452343
452344
452345
452346
452347
452348
452349
452350
452351
452352
452353
452354
452355
452356
452357
452358
452359
452360
452361
452362
452363
452364
452365
452366
452367
452368
452369
452370
452371
452372
452373
452374
452375
452376
452377
452378
452379
452380
452381
452382
452383
452384
452385
452386
452387
452388
452389
452390
452391
452392
452393
452394
452395
452396
452397
452398
452399
452400
452401
452402
452403
452404
452405
452406
452407
452408
452409
452410
452411
452412
452413
452414
452415
452416
452417
452418
452419
452420
452421
452422
452423
452424
452425
452426
452427
452428
452429
452430
452431
452432
452433
452434
452435
452436
452437
452438
452439
452440
452441
452442
452443
452444
452445
452446
452447
452448
452449
452450
452451
452452
452453
452454
452455
452456
452457
452458
452459
452460
452461
452462
452463
452464
452465
452466
452467
452468
452469
452470
452471
452472
452473
452474
452475
452476
452477
452478
452479
452480
452481
452482
452483
452484
452485
452486
452487
452488
452489
452490
452491
452492
452493
452494
452495
452496
452497
452498
452499
452500
452501
452502
452503
452504
452505
452506
452507
452508
452509
452510
452511
452512
452513
452514
452515
452516
452517
452518
452519
452520
452521
452522
452523
452524
452525
452526
452527
452528
452529
452530
452531
452532
452533
452534
452535
452536
452537
452538
452539
452540
452541
452542
452543
452544
452545
452546
452547
452548
452549
452550
452551
452552
452553
452554
452555
452556
452557
452558
452559
452560
452561
452562
452563
452564
452565
452566
452567
452568
452569
452570
452571
452572
452573
452574
452575
452576
452577
452578
452579
452580
452581
452582
452583
452584
452585
452586
452587
452588
452589
452590
452591
452592
452593
452594
452595
452596
452597
452598
452599
452600
452601
452602
452603
452604
452605
452606
452607
452608
452609
452610
452611
452612
452613
452614
452615
452616
452617
452618
452619
452620
452621
452622
452623
452624
452625
452626
452627
452628
452629
452630
452631
452632
452633
452634
452635
452636
452637
452638
452639
452640
452641
452642
452643
452644
452645
452646
452647
452648
452649
452650
452651
452652
452653
452654
452655
452656
452657
452658
452659
452660
452661
452662
452663
452664
452665
452666
452667
452668
452669
452670
452671
452672
452673
452674
452675
452676
452677
452678
452679
452680
452681
452682
452683
452684
452685
452686
452687
452688
452689
452690
452691
452692
452693
452694
452695
452696
452697
452698
452699
452700
452701
452702
452703
452704
452705
452706
452707
452708
452709
452710
452711
452712
452713
452714
452715
452716
452717
452718
452719
452720
452721
452722
452723
452724
452725
452726
452727
452728
452729
452730
452731
452732
452733
452734
452735
452736
452737
452738
452739
452740
452741
452742
452743
452744
452745
452746
452747
452748
452749
452750
452751
452752
452753
452754
452755
452756
452757
452758
452759
452760
452761
452762
452763
452764
452765
452766
452767
452768
452769
452770
452771
452772
452773
452774
452775
452776
452777
452778
452779
452780
452781
452782
452783
452784
452785
452786
452787
452788
452789
452790
452791
452792
452793
452794
452795
452796
452797
452798
452799
452800
452801
452802
452803
452804
452805
452806
452807
452808
452809
452810
452811
452812
452813
452814
452815
452816
452817
452818
452819
452820
452821
452822
452823
452824
452825
452826
452827
452828
452829
452830
452831
452832
452833
452834
452835
452836
452837
452838
452839
452840
452841
452842
452843
452844
452845
452846
452847
452848
452849
452850
452851
452852
452853
452854
452855
452856
452857
452858
452859
452860
452861
452862
452863
452864
452865
452866
452867
452868
452869
452870
452871
452872
452873
452874
452875
452876
452877
452878
452879
452880
452881
452882
452883
452884
452885
452886
452887
452888
452889
452890
452891
452892
452893
452894
452895
452896
452897
452898
452899
452900
452901
452902
452903
452904
452905
452906
452907
452908
452909
452910
452911
452912
452913
452914
452915
452916
452917
452918
452919
452920
452921
452922
452923
452924
452925
452926
452927
452928
452929
452930
452931
452932
452933
452934
452935
452936
452937
452938
452939
452940
452941
452942
452943
452944
452945
452946
452947
452948
452949
452950
452951
452952
452953
452954
452955
452956
452957
452958
452959
452960
452961
452962
452963
452964
452965
452966
452967
452968
452969
452970
452971
452972
452973
452974
452975
452976
452977
452978
452979
452980
452981
452982
452983
452984
452985
452986
452987
452988
452989
452990
452991
452992
452993
452994
452995
452996
452997
452998
452999
453000
453001
453002
453003
453004
453005
453006
453007
453008
453009
453010
453011
453012
453013
453014
453015
453016
453017
453018
453019
453020
453021
453022
453023
453024
453025
453026
453027
453028
453029
453030
453031
453032
453033
453034
453035
453036
453037
453038
453039
453040
453041
453042
453043
453044
453045
453046
453047
453048
453049
453050
453051
453052
453053
453054
453055
453056
453057
453058
453059
453060
453061
453062
453063
453064
453065
453066
453067
453068
453069
453070
453071
453072
453073
453074
453075
453076
453077
453078
453079
453080
453081
453082
453083
453084
453085
453086
453087
453088
453089
453090
453091
453092
453093
453094
453095
453096
453097
453098
453099
453100
453101
453102
453103
453104
453105
453106
453107
453108
453109
453110
453111
453112
453113
453114
453115
453116
453117
453118
453119
453120
453121
453122
453123
453124
453125
453126
453127
453128
453129
453130
453131
453132
453133
453134
453135
453136
453137
453138
453139
453140
453141
453142
453143
453144
453145
453146
453147
453148
453149
453150
453151
453152
453153
453154
453155
453156
453157
453158
453159
453160
453161
453162
453163
453164
453165
453166
453167
453168
453169
453170
453171
453172
453173
453174
453175
453176
453177
453178
453179
453180
453181
453182
453183
453184
453185
453186
453187
453188
453189
453190
453191
453192
453193
453194
453195
453196
453197
453198
453199
453200
453201
453202
453203
453204
453205
453206
453207
453208
453209
453210
453211
453212
453213
453214
453215
453216
453217
453218
453219
453220
453221
453222
453223
453224
453225
453226
453227
453228
453229
453230
453231
453232
453233
453234
453235
453236
453237
453238
453239
453240
453241
453242
453243
453244
453245
453246
453247
453248
453249
453250
453251
453252
453253
453254
453255
453256
453257
453258
453259
453260
453261
453262
453263
453264
453265
453266
453267
453268
453269
453270
453271
453272
453273
453274
453275
453276
453277
453278
453279
453280
453281
453282
453283
453284
453285
453286
453287
453288
453289
453290
453291
453292
453293
453294
453295
453296
453297
453298
453299
453300
453301
453302
453303
453304
453305
453306
453307
453308
453309
453310
453311
453312
453313
453314
453315
453316
453317
453318
453319
453320
453321
453322
453323
453324
453325
453326
453327
453328
453329
453330
453331
453332
453333
453334
453335
453336
453337
453338
453339
453340
453341
453342
453343
453344
453345
453346
453347
453348
453349
453350
453351
453352
453353
453354
453355
453356
453357
453358
453359
453360
453361
453362
453363
453364
453365
453366
453367
453368
453369
453370
453371
453372
453373
453374
453375
453376
453377
453378
453379
453380
453381
453382
453383
453384
453385
453386
453387
453388
453389
453390
453391
453392
453393
453394
453395
453396
453397
453398
453399
453400
453401
453402
453403
453404
453405
453406
453407
453408
453409
453410
453411
453412
453413
453414
453415
453416
453417
453418
453419
453420
453421
453422
453423
453424
453425
453426
453427
453428
453429
453430
453431
453432
453433
453434
453435
453436
453437
453438
453439
453440
453441
453442
453443
453444
453445
453446
453447
453448
453449
453450
453451
453452
453453
453454
453455
453456
453457
453458
453459
453460
453461
453462
453463
453464
453465
453466
453467
453468
453469
453470
453471
453472
453473
453474
453475
453476
453477
453478
453479
453480
453481
453482
453483
453484
453485
453486
453487
453488
453489
453490
453491
453492
453493
453494
453495
453496
453497
453498
453499
453500
453501
453502
453503
453504
453505
453506
453507
453508
453509
453510
453511
453512
453513
453514
453515
453516
453517
453518
453519
453520
453521
453522
453523
453524
453525
453526
453527
453528
453529
453530
453531
453532
453533
453534
453535
453536
453537
453538
453539
453540
453541
453542
453543
453544
453545
453546
453547
453548
453549
453550
453551
453552
453553
453554
453555
453556
453557
453558
453559
453560
453561
453562
453563
453564
453565
453566
453567
453568
453569
453570
453571
453572
453573
453574
453575
453576
453577
453578
453579
453580
453581
453582
453583
453584
453585
453586
453587
453588
453589
453590
453591
453592
453593
453594
453595
453596
453597
453598
453599
453600
453601
453602
453603
453604
453605
453606
453607
453608
453609
453610
453611
453612
453613
453614
453615
453616
453617
453618
453619
453620
453621
453622
453623
453624
453625
453626
453627
453628
453629
453630
453631
453632
453633
453634
453635
453636
453637
453638
453639
453640
453641
453642
453643
453644
453645
453646
453647
453648
453649
453650
453651
453652
453653
453654
453655
453656
453657
453658
453659
453660
453661
453662
453663
453664
453665
453666
453667
453668
453669
453670
453671
453672
453673
453674
453675
453676
453677
453678
453679
453680
453681
453682
453683
453684
453685
453686
453687
453688
453689
453690
453691
453692
453693
453694
453695
453696
453697
453698
453699
453700
453701
453702
453703
453704
453705
453706
453707
453708
453709
453710
453711
453712
453713
453714
453715
453716
453717
453718
453719
453720
453721
453722
453723
453724
453725
453726
453727
453728
453729
453730
453731
453732
453733
453734
453735
453736
453737
453738
453739
453740
453741
453742
453743
453744
453745
453746
453747
453748
453749
453750
453751
453752
453753
453754
453755
453756
453757
453758
453759
453760
453761
453762
453763
453764
453765
453766
453767
453768
453769
453770
453771
453772
453773
453774
453775
453776
453777
453778
453779
453780
453781
453782
453783
453784
453785
453786
453787
453788
453789
453790
453791
453792
453793
453794
453795
453796
453797
453798
453799
453800
453801
453802
453803
453804
453805
453806
453807
453808
453809
453810
453811
453812
453813
453814
453815
453816
453817
453818
453819
453820
453821
453822
453823
453824
453825
453826
453827
453828
453829
453830
453831
453832
453833
453834
453835
453836
453837
453838
453839
453840
453841
453842
453843
453844
453845
453846
453847
453848
453849
453850
453851
453852
453853
453854
453855
453856
453857
453858
453859
453860
453861
453862
453863
453864
453865
453866
453867
453868
453869
453870
453871
453872
453873
453874
453875
453876
453877
453878
453879
453880
453881
453882
453883
453884
453885
453886
453887
453888
453889
453890
453891
453892
453893
453894
453895
453896
453897
453898
453899
453900
453901
453902
453903
453904
453905
453906
453907
453908
453909
453910
453911
453912
453913
453914
453915
453916
453917
453918
453919
453920
453921
453922
453923
453924
453925
453926
453927
453928
453929
453930
453931
453932
453933
453934
453935
453936
453937
453938
453939
453940
453941
453942
453943
453944
453945
453946
453947
453948
453949
453950
453951
453952
453953
453954
453955
453956
453957
453958
453959
453960
453961
453962
453963
453964
453965
453966
453967
453968
453969
453970
453971
453972
453973
453974
453975
453976
453977
453978
453979
453980
453981
453982
453983
453984
453985
453986
453987
453988
453989
453990
453991
453992
453993
453994
453995
453996
453997
453998
453999
454000
454001
454002
454003
454004
454005
454006
454007
454008
454009
454010
454011
454012
454013
454014
454015
454016
454017
454018
454019
454020
454021
454022
454023
454024
454025
454026
454027
454028
454029
454030
454031
454032
454033
454034
454035
454036
454037
454038
454039
454040
454041
454042
454043
454044
454045
454046
454047
454048
454049
454050
454051
454052
454053
454054
454055
454056
454057
454058
454059
454060
454061
454062
454063
454064
454065
454066
454067
454068
454069
454070
454071
454072
454073
454074
454075
454076
454077
454078
454079
454080
454081
454082
454083
454084
454085
454086
454087
454088
454089
454090
454091
454092
454093
454094
454095
454096
454097
454098
454099
454100
454101
454102
454103
454104
454105
454106
454107
454108
454109
454110
454111
454112
454113
454114
454115
454116
454117
454118
454119
454120
454121
454122
454123
454124
454125
454126
454127
454128
454129
454130
454131
454132
454133
454134
454135
454136
454137
454138
454139
454140
454141
454142
454143
454144
454145
454146
454147
454148
454149
454150
454151
454152
454153
454154
454155
454156
454157
454158
454159
454160
454161
454162
454163
454164
454165
454166
454167
454168
454169
454170
454171
454172
454173
454174
454175
454176
454177
454178
454179
454180
454181
454182
454183
454184
454185
454186
454187
454188
454189
454190
454191
454192
454193
454194
454195
454196
454197
454198
454199
454200
454201
454202
454203
454204
454205
454206
454207
454208
454209
454210
454211
454212
454213
454214
454215
454216
454217
454218
454219
454220
454221
454222
454223
454224
454225
454226
454227
454228
454229
454230
454231
454232
454233
454234
454235
454236
454237
454238
454239
454240
454241
454242
454243
454244
454245
454246
454247
454248
454249
454250
454251
454252
454253
454254
454255
454256
454257
454258
454259
454260
454261
454262
454263
454264
454265
454266
454267
454268
454269
454270
454271
454272
454273
454274
454275
454276
454277
454278
454279
454280
454281
454282
454283
454284
454285
454286
454287
454288
454289
454290
454291
454292
454293
454294
454295
454296
454297
454298
454299
454300
454301
454302
454303
454304
454305
454306
454307
454308
454309
454310
454311
454312
454313
454314
454315
454316
454317
454318
454319
454320
454321
454322
454323
454324
454325
454326
454327
454328
454329
454330
454331
454332
454333
454334
454335
454336
454337
454338
454339
454340
454341
454342
454343
454344
454345
454346
454347
454348
454349
454350
454351
454352
454353
454354
454355
454356
454357
454358
454359
454360
454361
454362
454363
454364
454365
454366
454367
454368
454369
454370
454371
454372
454373
454374
454375
454376
454377
454378
454379
454380
454381
454382
454383
454384
454385
454386
454387
454388
454389
454390
454391
454392
454393
454394
454395
454396
454397
454398
454399
454400
454401
454402
454403
454405
454406
454407
454408
454409
454410
454411
454412
454413
454414
454415
454416
454417
454418
454419
454420
454421
454422
454423
454424
454425
454426
454427
454428
454429
454430
454431
454432
454433
454434
454435
454436
454437
454438
454439
454440
454441
454442
454443
454444
454445
454446
454447
454448
454449
454450
454451
454452
454453
454454
454455
454456
454457
454458
454459
454460
454461
454462
454463
454464
454465
454466
454467
454468
454469
454470
454471
454472
454473
454474
454475
454476
454477
454478
454479
454480
454481
454482
454483
454484
454485
454486
454487
454488
454489
454490
454491
454492
454493
454494
454495
454496
454497
454498
454499
454500
454501
454502
454503
454504
454505
454506
454507
454508
454509
454510
454511
454512
454513
454514
454515
454516
454517
454518
454519
454520
454521
454522
454523
454524
454525
454526
454527
454528
454529
454530
454531
454532
454533
454534
454535
454536
454537
454538
454539
454540
454541
454542
454543
454544
454545
454546
454547
454548
454549
454550
454551
454552
454553
454554
454555
454556
454557
454558
454559
454560
454561
454562
454563
454564
454565
454566
454567
454568
454569
454570
454571
454572
454573
454574
454575
454576
454577
454578
454579
454580
454581
454582
454583
454584
454585
454586
454587
454588
454589
454590
454591
454592
454593
454594
454595
454596
454597
454598
454599
454600
454601
454602
454603
454604
454605
454606
454607
454608
454609
454610
454611
454612
454613
454614
454615
454616
454617
454618
454619
454620
454621
454622
454623
454624
454625
454626
454627
454628
454629
454630
454631
454632
454633
454634
454635
454636
454637
454638
454639
454640
454641
454642
454643
454644
454645
454646
454647
454648
454649
454650
454651
454652
454653
454654
454655
454656
454657
454658
454659
454660
454661
454662
454663
454664
454665
454666
454667
454668
454669
454670
454671
454672
454673
454674
454675
454676
454677
454678
454679
454680
454681
454682
454683
454684
454685
454686
454687
454688
454689
454690
454691
454692
454693
454694
454695
454696
454697
454698
454699
454700
454701
454702
454703
454704
454705
454706
454707
454708
454709
454710
454711
454712
454713
454714
454715
454716
454717
454718
454719
454720
454721
454722
454723
454724
454725
454726
454727
454728
454729
454730
454731
454732
454733
454734
454735
454736
454737
454738
454739
454740
454741
454742
454743
454744
454745
454746
454747
454748
454749
454750
454751
454752
454753
454754
454755
454756
454757
454758
454759
454760
454761
454762
454763
454764
454765
454766
454767
454768
454769
454770
454771
454772
454773
454774
454775
454776
454777
454778
454779
454780
454781
454782
454783
454784
454785
454786
454787
454788
454789
454790
454791
454792
454793
454794
454795
454796
454797
454798
454799
454800
454801
454802
454803
454804
454805
454806
454807
454808
454809
454810
454811
454812
454813
454814
454815
454816
454817
454818
454819
454820
454821
454822
454823
454824
454825
454826
454827
454828
454829
454830
454831
454832
454833
454834
454835
454836
454837
454838
454839
454840
454841
454842
454843
454844
454845
454846
454847
454848
454849
454850
454851
454852
454853
454854
454855
454856
454857
454858
454859
454860
454861
454862
454863
454864
454865
454866
454867
454868
454869
454870
454871
454872
454873
454874
454875
454876
454877
454878
454879
454880
454881
454882
454883
454884
454885
454886
454887
454888
454889
454890
454891
454892
454893
454894
454895
454896
454897
454898
454899
454900
454901
454902
454903
454904
454905
454906
454907
454908
454909
454910
454911
454912
454913
454914
454915
454916
454917
454918
454919
454920
454921
454922
454923
454924
454925
454926
454927
454928
454929
454930
454931
454932
454933
454934
454935
454936
454937
454938
454939
454940
454941
454942
454943
454944
454945
454946
454947
454948
454949
454950
454951
454952
454953
454954
454955
454956
454957
454958
454959
454960
454961
454962
454963
454964
454965
454966
454967
454968
454969
454970
454971
454972
454973
454974
454975
454976
454977
454978
454979
454980
454981
454982
454983
454984
454985
454986
454987
454988
454989
454990
454991
454992
454993
454994
454995
454996
454997
454998
454999
455000
455001
455002
455003
455004
455005
455006
455007
455008
455009
455010
455011
455012
455013
455014
455015
455016
455017
455018
455019
455020
455021
455022
455023
455024
455025
455026
455027
455028
455029
455030
455031
455032
455033
455034
455035
455036
455037
455038
455039
455040
455041
455042
455043
455044
455045
455046
455047
455048
455049
455050
455051
455052
455053
455054
455055
455056
455057
455058
455059
455060
455061
455062
455063
455064
455065
455066
455067
455068
455069
455070
455071
455072
455073
455074
455075
455076
455077
455078
455079
455080
455081
455082
455083
455084
455085
455086
455087
455088
455089
455090
455091
455092
455093
455094
455095
455096
455097
455098
455099
455100
455101
455102
455103
455104
455105
455106
455107
455108
455109
455110
455111
455112
455113
455114
455115
455116
455117
455118
455119
455120
455121
455122
455123
455124
455125
455126
455127
455128
455129
455130
455131
455132
455133
455134
455135
455136
455137
455138
455139
455140
455141
455142
455143
455144
455145
455146
455147
455148
