588961
588962
588963
588964
588965
588966
588967
588968
588969
588970
588971
588972
588973
588974
588975
588976
588977
588978
588979
588980
588981
588982
588983
588984
588985
588986
588987
588988
588989
588990
588991
588992
588993
588994
588995
588996
588997
588998
588999
589000
589001
589002
589003
589004
589005
589006
589007
589008
589009
589010
589011
589012
589013
589014
589015
589016
589017
589018
589019
589020
589021
589022
589023
589024
589025
589026
589027
589028
589029
589030
589031
589032
589033
589034
589035
589036
589037
589038
589039
589040
589041
589042
589043
589044
589045
589046
589047
589048
589049
589050
589051
589052
589053
589054
589055
589056
589057
589058
589059
589060
589061
589062
589063
589064
589065
589066
589067
589068
589069
589070
589071
589072
589073
589074
589075
589076
589077
589078
589079
589080
589081
589082
589083
589084
589085
589086
589087
589088
589089
589090
589091
589092
589093
589094
589095
589096
589097
589098
589099
589100
589101
589102
589103
589104
589105
589106
589107
589108
589109
589110
589111
589112
589113
589114
589115
589116
589117
589118
589119
589120
589121
589122
589123
589124
589125
589126
589127
589128
589129
589130
589131
589132
589133
589134
589135
589136
589137
589138
589139
589140
589141
589142
589143
589144
589145
589146
589147
589148
589149
589150
589151
589152
589153
589154
589155
589156
589157
589158
589159
589160
589161
589162
589163
589164
589165
589166
589167
589168
589169
589170
589171
589172
589173
589174
589175
589176
589177
589178
589179
589180
589181
589182
589183
589184
589185
589186
589187
589188
589189
589190
589191
589192
589193
589194
589195
589196
589197
589198
589199
589200
589201
589202
589203
589204
589205
589206
589207
589208
589209
589210
589211
589212
589213
589214
589215
589216
589217
589218
589219
589220
589221
589222
589223
589224
589225
589226
589227
589228
589229
589230
589231
589232
589233
589234
589235
589236
589237
589238
589239
589240
589241
589242
589243
589244
589245
589246
589247
589248
589249
589250
589251
589252
589253
589254
589255
589256
589257
589258
589259
589260
589261
589262
589263
589264
589265
589266
589267
589268
589269
589270
589271
589272
589273
589274
589275
589276
589277
589278
589279
589280
589281
589282
589283
589284
589285
589286
589287
589288
589289
589290
589291
589292
589293
589294
589295
589296
589297
589298
589299
589300
589301
589302
589303
589304
589305
589306
589307
589308
589309
589310
589311
589312
589313
589314
589315
589316
589317
589318
589319
589320
589321
589322
589323
589324
589325
589326
589327
589328
589329
589330
589331
589332
589333
589334
589335
589336
589337
589338
589339
589340
589341
589342
589343
589344
589345
589346
589347
589348
589349
589350
589351
589352
589353
589354
589355
589356
589357
589358
589359
589360
589361
589362
589363
589364
589365
589366
589367
589368
589369
589370
589371
589372
589373
589374
589375
589376
589377
589378
589379
589380
589381
589382
589383
589384
589385
589386
589387
589388
589389
589390
589391
589392
589393
589394
589395
589396
589397
589398
589399
589400
589401
589402
589403
589404
589405
589406
589407
589408
589409
589410
589411
589412
589413
589414
589415
589416
589417
589418
589419
589420
589421
589422
589423
589424
589425
589426
589427
589428
589429
589430
589431
589432
589433
589434
589435
589436
589437
589438
589439
589440
589441
589442
589443
589444
589445
589446
589447
589448
589449
589450
589451
589452
589453
589454
589455
589456
589457
589458
589459
589460
589461
589462
589463
589464
589465
589466
589467
589468
589469
589470
589471
589472
589473
589474
589475
589476
589477
589478
589479
589480
589481
589482
589483
589484
589485
589486
589487
589488
589489
589490
589491
589492
589493
589494
589495
589496
589497
589498
589499
589500
589501
589502
589503
589504
589505
589506
589507
589508
589509
589510
589511
589512
589513
589514
589515
589516
589517
589518
589519
589520
589521
589522
589523
589524
589525
589526
589527
589528
589529
589530
589531
589532
589533
589534
589535
589536
589537
589538
589539
589540
589541
589542
589543
589544
589545
589546
589547
589548
589549
589550
589551
589552
589553
589554
589555
589556
589557
589558
589559
589560
589561
589562
589563
589564
589565
589566
589567
589568
589569
589570
589571
589572
589573
589574
589575
589576
589577
589578
589579
589580
589581
589582
589583
589584
589585
589586
589587
589588
589589
589590
589591
589592
589593
589594
589595
589596
589597
589598
589599
589600
589601
589602
589603
589604
589605
589606
589607
589608
589609
589610
589611
589612
589613
589614
589615
589616
589617
589618
589619
589620
589621
589622
589623
589624
589625
589626
589627
589628
589629
589630
589631
589632
589633
589634
589635
589636
589637
589638
589639
589640
589641
589642
589643
589644
589645
589646
589647
589648
589649
589650
589651
589652
589653
589654
589655
589656
589657
589658
589659
589660
589661
589662
589663
589664
589665
589666
589667
589668
589669
589670
589671
589672
589673
589674
589675
589676
589677
589678
589679
589680
589681
589682
589683
589684
589685
589686
589687
589688
589689
589690
589691
589692
589693
589694
589695
589696
589697
589698
589699
589700
589701
589702
589703
589704
589705
589706
589707
589708
589709
589710
589711
589712
589713
589714
589715
589716
589717
589718
589719
589720
589721
589722
589723
589724
589725
589726
589727
589728
589729
589730
589731
589732
589733
589734
589735
589736
589737
589738
589739
589740
589741
589742
589743
589744
589745
589746
589747
589748
589749
589750
589751
589752
589753
589754
589755
589756
589757
589758
589759
589760
589761
589762
589763
589764
589765
589766
589767
589768
589769
589770
589771
589772
589773
589774
589775
589776
589777
589778
589779
589780
589781
589782
589783
589784
589785
589786
589787
589788
589789
589790
589791
589792
589793
589794
589795
589796
589797
589798
589799
589800
589801
589802
589803
589804
589805
589806
589807
589808
589809
589810
589811
589812
589813
589814
589815
589816
589817
589818
589819
589820
589821
589822
589823
589824
589825
589826
589827
589828
589829
589830
589831
589832
589833
589834
589835
589836
589837
589838
589839
589840
589841
589842
589843
589844
589845
589846
589847
589848
589849
589850
589851
589852
589853
589854
589855
589856
589857
589858
589859
589860
589861
589862
589863
589864
589865
589866
589867
589868
589869
589870
589871
589872
589873
589874
589875
589876
589877
589878
589879
589880
589881
589882
589883
589884
589885
589886
589887
589888
589889
589890
589891
589892
589893
589894
589895
589896
589897
589898
589899
589900
589901
589902
589903
589904
589905
589906
589907
589908
589909
589910
589911
589912
589913
589914
589915
589916
589917
589918
589919
589920
589921
589922
589923
589924
589925
589926
589927
589928
589929
589930
589931
589932
589933
589934
589935
589936
589937
589938
589939
589940
589941
589942
589943
589944
589945
589946
589947
589948
589949
589950
589951
589952
589953
589954
589955
589956
589957
589958
589959
589960
589961
589962
589963
589964
589965
589966
589967
589968
589969
589970
589971
589972
589973
589974
589975
589976
589977
589978
589979
589980
589981
589982
589983
589984
589985
589986
589987
589988
589989
589990
589991
589992
589993
589994
589995
589996
589997
589998
589999
590000
590001
590002
590003
590004
590005
590006
590007
590008
590009
590010
590011
590012
590013
590014
590015
590016
590017
590018
590019
590020
590021
590022
590023
590024
590025
590026
590027
590028
590029
590030
590031
590032
590033
590034
590035
590036
590037
590038
590039
590040
590041
590042
590043
590044
590045
590046
590047
590048
590049
590050
590051
590052
590053
590054
590055
590056
590057
590058
590059
590060
590061
590062
590063
590064
590065
590066
590067
590068
590069
590070
590071
590072
590073
590074
590075
590076
590077
590078
590079
590080
590081
590082
590083
590084
590085
590086
590087
590088
590089
590090
590091
590092
590093
590094
590095
590096
590097
590098
590099
590100
590101
590102
590103
590104
590105
590106
590107
590108
590109
590110
590111
590112
590113
590114
590115
590116
590117
590118
590119
590120
590121
590122
590123
590124
590125
590126
590127
590128
590129
590130
590131
590132
590133
590134
590135
590136
590137
590138
590139
590140
590141
590142
590143
590144
590145
590146
590147
590148
590149
590150
590151
590152
590153
590154
590155
590156
590157
590158
590159
590160
590161
590162
590163
590164
590165
590166
590167
590168
590169
590170
590171
590172
590173
590174
590175
590176
590177
590178
590179
590180
590181
590182
590183
590184
590185
590186
590187
590188
590189
590190
590191
590192
590193
590194
590195
590196
590197
590198
590199
590200
590201
590202
590203
590204
590205
590206
590207
590208
590209
590210
590211
590212
590213
590214
590215
590216
590217
590218
590219
590220
590221
590222
590223
590224
590225
590226
590227
590228
590229
590230
590231
590232
590233
590234
590235
590236
590237
590238
590239
590240
590241
590242
590243
590244
590245
590246
590247
590248
590249
590250
590251
590252
590253
590254
590255
590256
590257
590258
590259
590260
590261
590262
590263
590264
590265
590266
590267
590268
590269
590270
590271
590272
590273
590274
590275
590276
590277
590278
590279
590280
590281
590282
590283
590284
590285
590286
590287
590288
590289
590290
590291
590292
590293
590294
590295
590296
590297
590298
590299
590300
590301
590302
590303
590304
590305
590306
590307
590308
590309
590310
590311
590312
590313
590314
590315
590316
590317
590318
590319
590320
590321
590322
590323
590324
590325
590326
590327
590328
590329
590330
590331
590332
590333
590334
590335
590336
590337
590338
590339
590340
590341
590342
590343
590344
590345
590346
590347
590348
590349
590350
590351
590352
590353
590354
590355
590356
590357
590358
590359
590360
590361
590362
590363
590364
590365
590366
590367
590368
590369
590370
590371
590372
590373
590374
590375
590376
590377
590378
590379
590380
590381
590382
590383
590384
590385
590386
590387
590388
590389
590390
590391
590392
590393
590394
590395
590396
590397
590398
590399
590400
590401
590402
590403
590404
590405
590406
590407
590408
590409
590410
590411
590412
590413
590414
590415
590416
590417
590418
590419
590420
590421
590422
590423
590424
590425
590426
590427
590428
590429
590430
590431
590432
590433
590434
590435
590436
590437
590438
590439
590440
590441
590442
590443
590444
590445
590446
590447
590448
590449
590450
590451
590452
590453
590454
590455
590456
590457
590458
590459
590460
590461
590462
590463
590464
590465
590466
590467
590468
590469
590470
590471
590472
590473
590474
590475
590476
590477
590478
590479
590480
590481
590482
590483
590484
590485
590486
590487
590488
590489
590490
590491
590492
590493
590494
590495
590496
590497
590498
590499
590500
590501
590502
590503
590504
590505
590506
590507
590508
590509
590510
590511
590512
590513
590514
590515
590516
590517
590518
590519
590520
590521
590522
590523
590524
590525
590526
590527
590528
590529
590530
590531
590532
590533
590534
590535
590536
590537
590538
590539
590540
590541
590542
590543
590544
590545
590546
590547
590548
590549
590550
590551
590552
590553
590554
590555
590556
590557
590558
590559
590560
590561
590562
590563
590564
590565
590566
590567
590568
590569
590570
590571
590572
590573
590574
590575
590576
590577
590578
590579
590580
590581
590582
590583
590584
590585
590586
590587
590588
590589
590590
590591
590592
590593
590594
590595
590596
590597
590598
590599
590600
590601
590602
590603
590604
590605
590606
590607
590608
590609
590610
590611
590612
590613
590614
590615
590616
590617
590618
590619
590620
590621
590622
590623
590624
590625
590626
590627
590628
590629
590630
590631
590632
590633
590634
590635
590636
590637
590638
590639
590640
590641
590642
590643
590644
590645
590646
590647
590648
590649
590650
590651
590652
590653
590654
590655
590656
590657
590658
590659
590660
590661
590662
590663
590664
590665
590666
590667
590668
590669
590670
590671
590672
590673
590674
590675
590676
590677
590678
590679
590680
590681
590682
590683
590685
590686
590687
590689
590690
590691
590692
590693
590694
590695
590696
590697
590698
590699
590700
590701
590702
590703
590704
590705
590706
590707
590708
590709
590710
590711
590712
590713
590714
590715
590716
590717
590718
590719
590720
590721
590722
590723
590724
590725
590726
590727
590728
590729
590730
590731
590732
590733
590734
590735
590736
590737
590738
590739
590740
590741
590742
590743
590745
590746
590747
590748
590749
590750
590751
590752
590753
590754
590755
590756
590757
590758
590759
590760
590761
590762
590763
590764
590765
590766
590767
590768
590769
590770
590771
590772
590773
590774
590775
590776
590777
590778
590779
590780
590781
590782
590783
590784
590785
590786
590787
590788
590789
590790
590791
590792
590793
590794
590795
590796
590797
590798
590799
590800
590801
590802
590803
590804
590805
590806
590807
590808
590809
590810
590811
590812
590813
590814
590815
590816
590817
590818
590819
590820
590821
590822
590823
590824
590825
590826
590827
590828
590829
590830
590831
590832
590833
590834
590835
590836
590837
590838
590839
590840
590841
590842
590843
590844
590845
590846
590847
590848
590849
590850
590851
590852
590853
590854
590855
590856
590857
590858
590859
590860
590861
590862
590863
590864
590865
590866
590867
590868
590869
590870
590871
590872
590873
590874
590875
590876
590877
590878
590879
590880
590881
590882
590883
590884
590885
590886
590887
590888
590889
590890
590891
590892
590893
590894
590895
590896
590897
590898
590899
590900
590901
590902
590903
590904
590905
590906
590907
590908
590909
590910
590911
590912
590913
590914
590915
590916
590917
590918
590919
590920
590921
590922
590923
590924
590925
590926
590927
590928
590929
590930
590931
590932
590933
590934
590935
590936
590937
590938
590939
590940
590941
590942
590943
590944
590945
590946
590947
590948
590949
590950
590951
590952
590953
590954
590955
590956
590957
590958
590959
590960
590961
590962
590963
590964
590965
590966
590967
590968
590969
590970
590971
590972
590973
590974
590975
590976
590977
590978
590979
590980
590981
590982
590983
590984
590985
590986
590987
590988
590989
590990
590991
590992
590993
590994
590995
590996
590997
590998
590999
591000
591001
591002
591003
591004
591005
591006
591007
591008
591009
591010
591011
591012
591013
591014
591015
591016
591017
591018
591019
591020
591021
591022
591023
591024
591025
591026
591027
591028
591029
591030
591031
591032
591033
591034
591035
591036
591037
591038
591039
591040
591041
591042
591043
591044
591045
591046
591047
591048
591049
591050
591051
591052
591053
591054
591055
591056
591057
591058
591059
591060
591061
591062
591063
591064
591065
591066
591067
591068
591069
591070
591071
591072
591073
591074
591075
591076
591077
591078
591079
591080
591081
591082
591083
591084
591085
591086
591087
591088
591089
591090
591091
591092
591093
591094
591095
591096
591097
591098
591099
591100
591101
591102
591103
591104
591105
591106
591107
591108
591109
591110
591111
591112
591113
591114
591115
591116
591117
591118
591119
591120
591121
591122
591123
591124
591125
591126
591127
591128
591129
591130
591131
591132
591133
591134
591135
591136
591137
591138
591139
591140
591141
591142
591143
591144
591145
591146
591147
591148
591149
591150
591151
591152
591153
591154
591155
591156
591157
591158
591159
591160
591161
591162
591163
591164
591165
591166
591167
591168
591169
591170
591171
591172
591173
591174
591175
591176
591177
591178
591179
591180
591181
591182
591183
591184
591185
591186
591187
591188
591189
591190
591191
591192
591193
591194
591195
591196
591197
591198
591199
591200
591201
591202
591203
591204
591205
591206
591207
591208
591209
591210
591211
591212
591213
591214
591215
591216
591217
591218
591219
591220
591221
591222
591223
591224
591225
591226
591227
591228
591229
591230
591231
591232
591233
591234
591235
591236
591237
591238
591239
591240
591241
591242
591243
591244
591245
591246
591247
591248
591249
591250
591251
591252
591253
591254
591255
591256
591257
591258
591259
591260
591261
591262
591263
591264
591265
591266
591267
591268
591269
591270
591271
591272
591273
591274
591275
591276
591277
591278
591279
591280
591281
591282
591283
591284
591285
591286
591287
591288
591289
591290
591291
591292
591293
591294
591295
591296
591297
591298
591299
591300
591301
591302
591303
591304
591305
591306
591307
591308
591309
591310
591311
591312
591313
591314
591315
591316
591317
591318
591319
591320
591321
591322
591323
591324
591325
591326
591327
591328
591329
591330
591331
591332
591333
591334
591335
591336
591337
591338
591339
591340
591341
591342
591343
591344
591345
591346
591347
591348
591349
591350
591351
591352
591353
591354
591355
591356
591357
591358
591359
591360
591361
591362
591363
591364
591365
591366
591367
591368
591369
591370
591371
591372
591373
591374
591375
591376
591377
591378
591379
591380
591381
591382
591383
591384
591385
591386
591387
591388
591389
591390
591391
591392
591393
591394
591395
591396
591397
591398
591399
591400
591401
591402
591403
591404
591405
591406
591407
591408
591409
591410
591411
591412
591413
591414
591415
591416
591417
591418
591419
591420
591421
591422
591423
591424
591425
591426
591427
591428
591429
591430
591431
591432
591433
591434
591435
591436
591437
591438
591439
591440
591441
591442
591443
591444
591445
591446
591447
591448
591449
591450
591451
591452
591453
591454
591455
591456
591457
591458
591459
591460
591461
591462
591463
591464
591465
591466
591467
591468
591469
591470
591471
591472
591473
591474
591475
591476
591477
591478
591479
591480
591481
591482
591483
591484
591485
591486
591487
591488
591489
591490
591491
591492
591493
591494
591495
591496
591497
591498
591499
591500
591501
591502
591503
591504
591505
591506
591507
591508
591509
591510
591511
591512
591513
591514
591515
591516
591517
591518
591519
591520
591521
591522
591523
591524
591525
591526
591527
591528
591529
591530
591531
591532
591533
591534
591535
591536
591537
591538
591539
591540
591541
591542
591543
591544
591545
591546
591547
591548
591549
591550
591551
591552
591553
591554
591555
591556
591557
591558
591559
591560
591561
591562
591563
591564
591565
591566
591567
591568
591569
591570
591571
591572
591573
591574
591575
591576
591577
591578
591579
591580
591581
591582
591583
591584
591585
591586
591587
591588
591589
591590
591591
591592
591593
591594
591595
591596
591597
591598
591599
591600
591601
591602
591603
591604
591605
591606
591607
591608
591609
591610
591611
591612
591613
591614
591615
591616
591617
591618
591619
591620
591621
591622
591623
591624
591625
591626
591627
591628
591629
591630
591631
591632
591633
591634
591635
591636
591637
591638
591639
591640
591641
591642
591643
591644
591645
591646
591647
591648
591649
591650
591651
591652
591653
591654
591655
591656
591657
591658
591659
591660
591661
591662
591663
591664
591665
591666
591667
591668
591669
591670
591671
591672
591673
591674
591675
591676
591677
591678
591679
591680
591681
591682
591683
591684
591685
591686
591687
591688
591689
591690
591691
591692
591693
591694
591695
591696
591697
591698
591699
591700
591701
591702
591703
591704
591705
591706
591707
591708
591709
591710
591711
591712
591713
591714
591715
591716
591717
591718
591719
591720
591721
591722
591723
591724
591725
591726
591727
591728
591729
591730
591731
591732
591733
591734
591735
591736
591737
591738
591739
591740
591741
591742
591743
591744
591745
591746
591747
591748
591749
591750
591751
591752
591753
591754
591755
591756
591757
591758
591759
591760
591761
591762
591763
591764
591765
591766
591767
591768
591769
591770
591771
591772
591773
591774
591775
591776
591777
591778
591779
591780
591781
591782
591783
591784
591785
591786
591787
591788
591789
591790
591791
591792
591793
591794
591795
591796
591797
591798
591799
591800
591801
591802
591803
591804
591805
591806
591807
591808
591809
591810
591811
591812
591813
591814
591815
591816
591817
591818
591819
591820
591821
591822
591823
591824
591825
591826
591827
591828
591829
591830
591831
591832
591833
591834
591835
591836
591837
591838
591839
591840
591841
591842
591843
591844
591845
591846
591847
591848
591849
591850
591851
591852
591853
591854
591855
591856
591857
591858
591859
591860
591861
591862
591863
591864
591865
591866
591867
591868
591869
591870
591871
591872
591873
591874
591875
591876
591877
591878
591879
591880
591881
591882
591883
591884
591885
591886
591887
591888
591889
591890
591891
591892
591893
591894
591895
591896
591897
591898
591899
591900
591901
591902
591903
591904
591905
591906
591907
591908
591909
591910
591911
591912
591913
591914
591915
591916
591917
591918
591919
591920
591921
591922
591923
591924
591925
591926
591927
591928
591929
591930
591931
591932
591933
591934
591935
591936
591937
591938
591939
591940
591941
591942
591943
591944
591945
591946
591947
591948
591949
591950
591951
591952
591953
591954
591955
591956
591957
591958
591959
591960
591961
591962
591963
591964
591965
591966
591967
591968
591969
591970
591971
591972
591973
591974
591975
591976
591977
591978
591979
591980
591981
591982
591983
591984
591985
591986
591987
591988
591989
591990
591991
591992
591993
591994
591995
591996
591997
591998
591999
592000
592001
592002
592003
592004
592005
592006
592007
592008
592009
592010
592011
592012
592013
592014
592015
592016
592017
592018
592019
592020
592021
592022
592023
592024
592025
592026
592027
592028
592029
592030
592031
592032
592033
592034
592035
592036
592037
592038
592039
592040
592041
592042
592043
592044
592045
592046
592047
592048
592049
592050
592051
592052
592053
592054
592055
592056
592057
592058
592059
592060
592061
592062
592063
592064
592065
592066
592067
592068
592069
592070
592071
592072
592073
592074
592075
592076
592077
592078
592079
592080
592081
592082
592083
592084
592085
592086
592087
592088
592089
592090
592091
592092
592093
592094
592095
592096
592097
592098
592099
592100
592101
592102
592103
592104
592105
592106
592107
592108
592109
592110
592111
592112
592113
592114
592115
592116
592117
592118
592119
592120
592121
592122
592123
592124
592125
592126
592127
592128
592129
592130
592131
592132
592133
592134
592135
592136
592137
592138
592139
592140
592141
592142
592143
592144
592145
592146
592147
592148
592149
592150
592151
592152
592153
592154
592155
592156
592157
592158
592159
592160
592161
592162
592163
592164
592165
592166
592167
592168
592169
592170
592171
592172
592173
592174
592175
592176
592177
592178
592179
592180
592181
592182
592183
592184
592185
592186
592187
592188
592189
592190
592191
592192
592193
592194
592195
592196
592197
592198
592199
592200
592201
592202
592203
592204
592205
592206
592207
592208
592209
592210
592211
592212
592213
592214
592215
592216
592217
592218
592219
592220
592221
592222
592223
592224
592225
592226
592227
592228
592229
592230
592231
592232
592233
592234
592235
592236
592237
592238
592239
592240
592241
592242
592243
592244
592245
592246
592247
592248
592249
592250
592251
592252
592253
592254
592255
592256
592257
592258
592259
592260
592261
592262
592263
592264
592265
592266
592267
592268
592269
592270
592271
592272
592273
592274
592275
592276
592277
592278
592279
592280
592281
592282
592283
592284
592285
592286
592287
592288
592289
592290
592291
592292
592293
592294
592295
592296
592297
592298
592299
592300
592301
592302
592303
592304
592305
592306
592307
592308
592309
592310
592311
592312
592313
592314
592315
592316
592317
592318
592319
592320
592321
592322
592323
592324
592325
592326
592327
592328
592329
592330
592331
592332
592333
592334
592335
592336
592337
592338
592339
592340
592341
592342
592343
592344
592345
592346
592347
592348
592349
592350
592351
592352
592353
592354
592355
592356
592357
592358
592359
592360
592361
592362
592363
592364
592365
592366
592367
592368
592369
592370
592371
592372
592373
592374
592375
592376
592377
592378
592379
592380
592381
592382
592383
592384
592385
592386
592387
592388
592389
592390
592391
592392
592393
592394
592395
592396
592397
592398
592399
592400
592401
592402
592403
592404
592405
592406
592407
592408
592409
592410
592411
592412
592413
592414
592415
592416
592417
592418
592419
592420
592421
592422
592423
592424
592425
592426
592427
592428
592429
592430
592431
592432
592433
592434
592435
592436
592437
592438
592439
592440
592441
592442
592443
592444
592445
592446
592447
592448
592449
592450
592451
592452
592453
592454
592455
592456
592457
592458
592459
592460
592461
592462
592463
592464
592465
592466
592467
592468
592469
592470
592471
592472
592473
592474
592475
592476
592477
592478
592479
592480
592481
592482
592483
592484
592485
592486
592487
592488
592489
592490
592491
592492
592493
592494
592495
592496
592497
592498
592499
592500
592501
592502
592503
592504
592505
592506
592507
592508
592509
592510
592511
592512
592513
592514
592515
592516
592517
592518
592519
592520
592521
592522
592523
592524
592525
592526
592527
592528
592529
592530
592531
592532
592533
592534
592535
592536
592537
592538
592539
592540
592541
592542
592543
592544
592545
592546
592547
592548
592549
592550
592551
592552
592553
592554
592555
592556
592557
592558
592559
592560
592561
592562
592563
592564
592565
592566
592567
592568
592569
592570
592571
592572
592573
592574
592575
592576
592577
592578
592579
592580
592581
592582
592583
592584
592585
592586
592587
592588
592589
592590
592591
592592
592593
592594
592595
592596
592597
592598
592599
592600
592601
592602
592603
592604
592605
592606
592607
592608
592609
592610
592611
592612
592613
592614
592615
592616
592617
592618
592619
592620
592621
592622
592623
592624
592625
592626
592627
592628
592629
592630
592631
592632
592633
592634
592635
592636
592637
592638
592639
592640
592641
592642
592643
592644
592645
592646
592647
592648
592649
592650
592651
592652
592653
592654
592655
592656
592657
592658
592659
592660
592661
592662
592663
592664
592665
592666
592667
592668
592669
592670
592671
592672
592673
592674
592675
592676
592677
592678
592679
592680
592681
592682
592683
592684
592685
592686
592687
592688
592689
592690
592691
592692
592693
592694
592695
592696
592697
592698
592699
592700
592701
592702
592703
592704
592705
592706
592707
592708
