558859
558860
558861
558862
558863
558864
558865
558866
558867
558868
558869
558870
558871
558872
558873
558874
558875
558876
558877
558878
558879
558880
558881
558882
558883
558884
558885
558886
558887
558888
558889
558890
558891
558892
558893
558894
558895
558896
558897
558898
558899
558900
558901
558902
558903
558904
558905
558906
558907
558908
558909
558910
558911
558912
558913
558914
558915
558916
558917
558918
558919
558920
558921
558922
558923
558924
558925
558926
558927
558928
558929
558930
558931
558932
558933
558934
558935
558936
558937
558938
558939
558940
558941
558942
558943
558944
558945
558946
558947
558948
558949
558950
558951
558952
558953
558954
558955
558956
558957
558958
558959
558960
558961
558962
558963
558964
558965
558966
558967
558968
558969
558970
558971
558972
558973
558974
558975
558976
558977
558978
558979
558980
558981
558982
558983
558984
558985
558986
558987
558988
558989
558990
558991
558992
558993
558994
558995
558996
558997
558998
558999
559000
559001
559002
559003
559004
559005
559006
559007
559008
559009
559010
559011
559012
559013
559014
559015
559016
559017
559018
559019
559020
559021
559022
559023
559024
559025
559026
559027
559028
559029
559030
559031
559032
559033
559034
559035
559036
559037
559038
559039
559040
559041
559042
559043
559044
559045
559046
559047
559048
559049
559050
559051
559052
559053
559054
559055
559056
559057
559058
559059
559060
559061
559062
559063
559064
559065
559066
559067
559068
559069
559070
559071
559072
559073
559074
559075
559076
559077
559078
559079
559080
559081
559082
559083
559084
559085
559086
559087
559088
559089
559090
559091
559092
559093
559094
559095
559096
559097
559098
559099
559100
559101
559102
559103
559104
559105
559106
559107
559108
559109
559110
559111
559112
559113
559114
559115
559116
559117
559118
559119
559120
559121
559122
559123
559124
559125
559126
559127
559128
559129
559130
559131
559132
559133
559134
559135
559136
559137
559138
559139
559140
559141
559142
559143
559144
559145
559146
559147
559148
559149
559150
559151
559152
559153
559154
559155
559156
559157
559158
559159
559160
559161
559162
559163
559164
559165
559166
559167
559168
559169
559170
559171
559172
559173
559174
559175
559176
559177
559178
559179
559180
559181
559182
559183
559184
559185
559186
559187
559188
559189
559190
559191
559192
559193
559194
559195
559196
559197
559198
559199
559200
559201
559202
559203
559204
559205
559206
559207
559208
559209
559210
559211
559212
559213
559214
559215
559216
559217
559218
559219
559220
559221
559222
559223
559224
559225
559226
559227
559228
559229
559230
559231
559232
559233
559234
559235
559236
559237
559238
559239
559240
559241
559242
559243
559244
559245
559246
559247
559248
559249
559250
559251
559252
559253
559254
559255
559256
559257
559258
559259
559260
559261
559262
559263
559264
559265
559266
559267
559268
559269
559270
559271
559272
559273
559274
559275
559276
559277
559278
559279
559280
559281
559282
559283
559284
559285
559286
559287
559288
559289
559290
559291
559292
559293
559294
559295
559296
559297
559298
559299
559300
559301
559302
559303
559304
559305
559306
559307
559308
559309
559310
559311
559312
559313
559314
559315
559316
559317
559318
559319
559320
559321
559322
559323
559324
559325
559326
559327
559328
559329
559330
559331
559332
559333
559334
559335
559336
559337
559338
559339
559340
559341
559342
559343
559344
559345
559346
559347
559348
559349
559350
559351
559352
559353
559354
559355
559356
559357
559358
559359
559360
559361
559362
559363
559364
559365
559366
559367
559368
559369
559370
559371
559372
559373
559374
559375
559376
559377
559378
559379
559380
559381
559382
559383
559384
559385
559386
559387
559388
559389
559390
559391
559392
559393
559394
559395
559396
559397
559398
559399
559400
559401
559402
559403
559404
559405
559406
559407
559408
559409
559410
559411
559412
559413
559414
559415
559416
559417
559418
559419
559420
559421
559422
559423
559424
559425
559426
559427
559428
559429
559430
559431
559432
559433
559434
559435
559436
559437
559438
559439
559440
559441
559442
559443
559444
559445
559446
559447
559448
559449
559450
559451
559452
559453
559454
559455
559456
559457
559458
559459
559460
559461
559462
559463
559464
559465
559466
559467
559468
559469
559470
559471
559472
559473
559474
559475
559476
559477
559478
559479
559480
559481
559482
559483
559484
559485
559486
559487
559488
559489
559490
559491
559492
559493
559494
559495
559496
559497
559498
559499
559500
559501
559502
559503
559504
559505
559506
559507
559508
559509
559510
559511
559512
559513
559514
559515
559516
559517
559518
559519
559520
559521
559522
559523
559524
559525
559526
559527
559528
559529
559530
559531
559532
559533
559534
559535
559536
559537
559538
559539
559540
559541
559542
559543
559544
559545
559546
559547
559548
559549
559550
559551
559552
559553
559554
559555
559556
559557
559558
559559
559560
559561
559562
559563
559564
559565
559566
559567
559568
559569
559570
559571
559572
559573
559574
559575
559576
559577
559578
559579
559580
559581
559582
559583
559584
559585
559586
559587
559588
559589
559590
559591
559592
559593
559594
559595
559596
559597
559598
559599
559600
559601
559602
559603
559604
559605
559606
559607
559608
559609
559610
559611
559612
559613
559614
559615
559616
559617
559618
559619
559620
559621
559622
559623
559624
559625
559626
559627
559628
559629
559630
559631
559632
559633
559634
559635
559636
559637
559638
559639
559640
559641
559642
559643
559644
559645
559646
559647
559648
559649
559650
559651
559652
559653
559654
559655
559656
559657
559658
559659
559660
559661
559662
559663
559664
559665
559666
559667
559668
559669
559670
559671
559672
559673
559674
559675
559676
559677
559678
559679
559680
559681
559682
559683
559684
559685
559686
559687
559688
559689
559690
559691
559692
559693
559694
559695
559696
559697
559698
559699
559700
559701
559702
559703
559704
559705
559706
559707
559708
559709
559710
559711
559712
559713
559714
559715
559716
559717
559718
559719
559720
559721
559722
559723
559724
559725
559726
559727
559728
559729
559730
559731
559732
559733
559734
559735
559736
559737
559738
559739
559740
559741
559742
559743
559744
559745
559746
559747
559748
559749
559750
559751
559752
559753
559754
559755
559756
559757
559758
559759
559760
559761
559762
559763
559764
559765
559766
559767
559768
559769
559770
559771
559772
559773
559774
559775
559776
559777
559778
559779
559780
559781
559782
559783
559784
559785
559786
559787
559788
559789
559790
559791
559792
559793
559794
559795
559796
559797
559798
559799
559800
559801
559802
559803
559804
559805
559806
559807
559808
559809
559810
559811
559812
559813
559814
559815
559816
559817
559818
559819
559820
559821
559822
559823
559824
559825
559826
559827
559828
559829
559830
559831
559832
559833
559834
559835
559836
559837
559838
559839
559840
559841
559842
559843
559844
559845
559846
559847
559848
559849
559850
559851
559852
559853
559854
559855
559856
559857
559858
559859
559860
559861
559862
559863
559864
559865
559866
559867
559868
559869
559870
559871
559872
559873
559874
559875
559876
559877
559878
559879
559880
559881
559882
559883
559884
559885
559886
559887
559888
559889
559890
559891
559892
559893
559894
559895
559896
559897
559898
559899
559900
559901
559902
559903
559904
559905
559906
559907
559908
559909
559910
559911
559912
559913
559914
559915
559916
559917
559918
559919
559920
559921
559922
559923
559924
559925
559926
559927
559928
559929
559930
559931
559932
559933
559934
559935
559936
559937
559938
559939
559940
559941
559942
559943
559944
559945
559946
559947
559948
559949
559950
559951
559952
559953
559954
559955
559956
559957
559958
559959
559960
559961
559962
559963
559964
559965
559966
559967
559968
559969
559970
559971
559972
559973
559974
559975
559976
559977
559978
559979
559980
559981
559982
559983
559984
559985
559986
559987
559988
559989
559990
559991
559992
559993
559994
559995
559996
559997
559998
559999
560000
560001
560002
560003
560004
560005
560006
560007
560008
560009
560010
560011
560012
560013
560014
560015
560016
560017
560018
560019
560020
560021
560022
560023
560024
560025
560026
560027
560028
560029
560030
560031
560032
560033
560034
560035
560036
560037
560038
560039
560040
560041
560042
560043
560044
560045
560046
560047
560048
560049
560050
560051
560052
560053
560054
560055
560056
560057
560058
560059
560060
560061
560062
560063
560064
560065
560066
560067
560068
560069
560070
560071
560072
560073
560074
560075
560076
560077
560078
560079
560080
560081
560082
560083
560084
560085
560086
560087
560088
560089
560090
560091
560092
560093
560094
560095
560096
560097
560098
560099
560100
560101
560102
560103
560104
560105
560106
560107
560108
560109
560110
560111
560112
560113
560114
560115
560116
560117
560118
560119
560120
560121
560122
560123
560124
560125
560126
560127
560128
560129
560130
560131
560132
560133
560134
560135
560136
560137
560138
560139
560140
560141
560142
560143
560144
560145
560146
560147
560148
560149
560150
560151
560152
560153
560154
560155
560156
560157
560158
560159
560160
560161
560162
560163
560164
560165
560166
560167
560168
560169
560170
560171
560172
560173
560174
560175
560176
560177
560178
560179
560180
560181
560182
560183
560184
560185
560186
560187
560188
560189
560190
560191
560192
560193
560194
560195
560196
560197
560198
560199
560200
560201
560202
560203
560204
560205
560206
560207
560208
560209
560210
560211
560212
560213
560214
560215
560216
560217
560218
560219
560220
560221
560222
560223
560224
560225
560226
560227
560228
560229
560230
560231
560232
560233
560234
560235
560236
560237
560238
560239
560240
560241
560242
560243
560244
560245
560246
560247
560248
560249
560250
560251
560252
560253
560254
560255
560256
560257
560258
560259
560260
560261
560262
560263
560264
560265
560266
560267
560268
560269
560270
560271
560272
560273
560274
560275
560276
560277
560278
560279
560280
560281
560282
560283
560284
560285
560286
560287
560288
560289
560290
560291
560292
560293
560294
560295
560296
560297
560298
560299
560300
560301
560302
560303
560304
560305
560306
560307
560308
560309
560310
560311
560312
560313
560314
560315
560316
560317
560318
560319
560320
560321
560322
560323
560324
560325
560326
560327
560328
560329
560330
560331
560332
560333
560334
560335
560336
560337
560338
560339
560340
560341
560342
560343
560344
560345
560346
560347
560348
560349
560350
560351
560352
560353
560354
560355
560356
560357
560358
560359
560360
560361
560362
560363
560364
560365
560366
560367
560368
560369
560370
560371
560372
560373
560374
560375
560376
560377
560378
560379
560380
560381
560382
560383
560384
560385
560386
560387
560388
560389
560390
560391
560392
560393
560394
560395
560396
560397
560398
560399
560400
560401
560402
560403
560404
560405
560406
560407
560408
560409
560410
560411
560412
560413
560414
560415
560416
560417
560418
560419
560420
560421
560422
560423
560424
560425
560426
560427
560428
560429
560430
560431
560432
560433
560434
560435
560436
560437
560438
560439
560440
560441
560442
560443
560444
560445
560446
560447
560448
560449
560450
560451
560452
560453
560454
560455
560456
560457
560458
560459
560460
560461
560462
560463
560464
560465
560466
560467
560468
560469
560470
560471
560472
560473
560474
560475
560476
560477
560478
560479
560480
560481
560482
560483
560484
560485
560486
560487
560488
560489
560490
560491
560492
560493
560494
560495
560496
560497
560498
560499
560500
560501
560502
560503
560504
560505
560506
560507
560508
560509
560510
560511
560512
560513
560514
560515
560516
560517
560518
560519
560520
560521
560522
560523
560524
560525
560526
560527
560528
560529
560530
560531
560532
560533
560534
560535
560536
560537
560538
560539
560540
560541
560542
560543
560544
560545
560546
560547
560548
560549
560550
560551
560552
560553
560554
560555
560556
560557
560558
560559
560560
560561
560562
560563
560564
560565
560566
560567
560568
560569
560570
560571
560572
560573
560574
560575
560576
560577
560578
560579
560580
560581
560582
560583
560584
560585
560586
560587
560588
560589
560590
560591
560592
560593
560594
560595
560596
560597
560598
560599
560600
560601
560602
560603
560604
560605
560606
560607
560608
560609
560610
560611
560612
560613
560614
560615
560616
560617
560618
560619
560620
560621
560622
560623
560624
560625
560626
560627
560628
560629
560630
560631
560632
560633
560634
560635
560636
560637
560638
560639
560640
560641
560642
560643
560644
560645
560646
560647
560648
560649
560650
560651
560652
560653
560654
560655
560656
560657
560658
560659
560660
560661
560662
560663
560664
560665
560666
560667
560668
560669
560670
560671
560672
560673
560674
560675
560676
560677
560678
560679
560680
560681
560682
560683
560684
560685
560686
560687
560688
560689
560690
560691
560692
560693
560694
560695
560696
560697
560698
560699
560700
560701
560702
560703
560704
560705
560706
560707
560708
560709
560710
560711
560712
560713
560714
560715
560716
560717
560718
560719
560720
560721
560722
560723
560724
560725
560726
560727
560728
560729
560730
560731
560732
560733
560734
560735
560736
560737
560738
560739
560740
560741
560742
560743
560744
560745
560746
560747
560748
560749
560750
560751
560752
560753
560754
560755
560756
560757
560758
560759
560760
560761
560762
560763
560764
560765
560766
560767
560768
560769
560770
560771
560772
560773
560774
560775
560776
560777
560778
560779
560780
560781
560782
560783
560784
560785
560786
560787
560788
560789
560790
560791
560792
560793
560794
560795
560796
560797
560798
560799
560800
560801
560802
560803
560804
560805
560806
560807
560808
560809
560810
560811
560812
560813
560814
560815
560816
560817
560818
560819
560820
560821
560822
560823
560824
560825
560826
560827
560828
560829
560830
560831
560832
560833
560834
560835
560836
560837
560838
560839
560840
560841
560842
560843
560844
560845
560846
560847
560848
560849
560850
560851
560852
560853
560854
560855
560856
560857
560858
560859
560860
560861
560862
560863
560864
560865
560866
560867
560868
560869
560870
560871
560872
560873
560874
560875
560876
560877
560878
560879
560880
560881
560882
560883
560884
560885
560886
560887
560888
560889
560890
560891
560892
560893
560894
560895
560896
560897
560898
560899
560900
560901
560902
560903
560904
560905
560906
560907
560908
560909
560910
560911
560912
560913
560914
560915
560916
560917
560918
560919
560920
560921
560922
560923
560924
560925
560926
560927
560928
560929
560930
560931
560932
560933
560934
560935
560936
560937
560938
560939
560940
560941
560942
560943
560944
560945
560946
560947
560948
560949
560950
560951
560952
560953
560954
560955
560956
560957
560958
560959
560960
560961
560962
560963
560964
560965
560966
560967
560968
560969
560970
560971
560972
560973
560974
560975
560976
560977
560978
560979
560980
560981
560982
560983
560984
560985
560986
560987
560988
560989
560990
560991
560992
560993
560994
560995
560996
560997
560998
560999
561000
561001
561002
561003
561004
561005
561006
561007
561008
561009
561010
561011
561012
561013
561014
561015
561016
561017
561018
561019
561020
561021
561022
561023
561024
561025
561026
561027
561028
561029
561030
561031
561032
561033
561034
561035
561036
561037
561038
561039
561040
561041
561042
561043
561044
561045
561046
561047
561048
561049
561050
561051
561052
561053
561054
561055
561056
561057
561058
561059
561060
561061
561062
561063
561064
561065
561066
561067
561068
561069
561070
561071
561072
561073
561074
561075
561076
561077
561078
561079
561080
561081
561082
561083
561084
561085
561086
561087
561088
561089
561090
561091
561092
561093
561094
561095
561096
561097
561098
561099
561100
561101
561102
561103
561104
561105
561106
561107
561108
561109
561110
561111
561112
561113
561114
561115
561116
561117
561118
561119
561120
561121
561122
561123
561124
561125
561126
561127
561128
561129
561130
561131
561132
561133
561134
561135
561136
561137
561138
561139
561140
561141
561142
561143
561144
561145
561146
561147
561148
561149
561150
561151
561152
561153
561154
561155
561156
561157
561158
561159
561160
561161
561162
561163
561164
561165
561166
561167
561168
561169
561170
561171
561172
561173
561174
561175
561176
561177
561178
561179
561180
561181
561182
561183
561184
561185
561186
561187
561188
561189
561190
561191
561192
561193
561194
561195
561196
561197
561198
561199
561200
561201
561202
561203
561204
561205
561206
561207
561208
561209
561210
561211
561212
561213
561214
561215
561216
561217
561218
561219
561220
561221
561222
561223
561224
561225
561226
561227
561228
561229
561230
561231
561232
561233
561234
561235
561236
561237
561238
561239
561240
561241
561242
561243
561244
561245
561246
561247
561248
561249
561250
561251
561252
561253
561254
561255
561256
561257
561258
561259
561260
561261
561262
561263
561264
561265
561266
561267
561268
561269
561270
561271
561272
561273
561274
561275
561276
561277
561278
561279
561280
561281
561282
561283
561284
561285
561286
561287
561288
561289
561290
561291
561292
561293
561294
561295
561296
561297
561298
561299
561300
561301
561302
561303
561304
561305
561306
561307
561308
561309
561310
561311
561312
561313
561314
561315
561316
561317
561318
561319
561320
561321
561322
561323
561324
561325
561326
561327
561328
561329
561330
561331
561332
561333
561334
561335
561336
561337
561338
561339
561340
561341
561342
561343
561344
561345
561346
561347
561348
561349
561350
561351
561352
561353
561354
561355
561356
561357
561358
561359
561360
561361
561362
561363
561364
561365
561366
561367
561368
561369
561370
561371
561372
561373
561374
561375
561376
561377
561378
561379
561380
561381
561382
561383
561384
561385
561386
561387
561388
561389
561390
561391
561392
561393
561394
561395
561396
561397
561398
561399
561400
561401
561402
561403
561404
561405
561406
561407
561408
561409
561410
561411
561412
561413
561414
561415
561416
561417
561418
561419
561420
561421
561422
561423
561424
561425
561426
561427
561428
561429
561430
561431
561432
561433
561434
561435
561436
561437
561438
561439
561440
561441
561442
561443
561444
561445
561446
561447
561448
561449
561450
561451
561452
561453
561454
561455
561456
561457
561458
561459
561460
561461
561462
561463
561464
561465
561466
561467
561468
561469
561470
561471
561472
561473
561474
561475
561476
561477
561478
561479
561480
561481
561482
561483
561484
561485
561486
561487
561488
561489
561490
561491
561492
561493
561494
561495
561496
561497
561498
561499
561500
561501
561502
561503
561504
561505
561506
561507
561508
561509
561510
561511
561512
561513
561514
561515
561516
561517
561518
561519
561520
561521
561522
561523
561524
