694653
694654
694655
694656
694657
694658
694659
694660
694661
694662
694663
694664
694665
694666
694667
694668
694669
694670
694671
694672
694673
694674
694675
694676
694677
694678
694679
694680
694681
694682
694683
694684
694685
694686
694687
694688
694689
694690
694691
694692
694693
694694
694695
694696
694697
694698
694699
694700
694701
694702
694703
694704
694705
694706
694707
694708
694709
694710
694711
694712
694713
694714
694715
694716
694717
694718
694719
694720
694721
694722
694723
694724
694725
694726
694727
694728
694729
694730
694731
694732
694733
694734
694735
694736
694737
694738
694739
694740
694741
694742
694743
694744
694745
694746
694747
694748
694749
694750
694751
694752
694753
694754
694755
694756
694757
694758
694759
694760
694761
694762
694763
694764
694765
694766
694767
694768
694769
694770
694771
694772
694773
694774
694775
694776
694777
694778
694779
694780
694781
694782
694783
694784
694785
694786
694787
694788
694789
694790
694791
694792
694793
694794
694795
694796
694797
694798
694799
694800
694801
694802
694803
694804
694805
694806
694807
694808
694809
694810
694811
694812
694813
694814
694815
694816
694817
694818
694819
694820
694821
694822
694823
694824
694825
694826
694827
694828
694829
694830
694831
694832
694833
694834
694835
694836
694837
694838
694839
694840
694841
694842
694843
694844
694845
694846
694847
694848
694849
694850
694851
694852
694853
694854
694855
694856
694857
694858
694859
694860
694861
694862
694863
694864
694865
694866
694867
694868
694869
694870
694871
694872
694873
694874
694875
694876
694877
694878
694879
694880
694881
694882
694883
694884
694885
694886
694887
694888
694889
694890
694891
694892
694893
694894
694895
694896
694897
694898
694899
694900
694901
694902
694903
694904
694905
694906
694907
694908
694909
694910
694911
694912
694913
694914
694915
694916
694917
694918
694919
694920
694921
694922
694923
694924
694925
694926
694927
694928
694929
694930
694931
694932
694933
694934
694935
694936
694937
694938
694939
694940
694941
694942
694943
694944
694945
694946
694947
694948
694949
694950
694951
694952
694953
694954
694955
694956
694957
694958
694959
694960
694961
694962
694963
694964
694965
694966
694967
694968
694969
694970
694971
694972
694973
694974
694975
694976
694977
694978
694979
694980
694981
694982
694983
694984
694985
694986
694987
694988
694989
694990
694991
694992
694993
694994
694995
694996
694997
694998
694999
695000
695001
695002
695003
695004
695005
695006
695007
695008
695009
695010
695011
695012
695013
695014
695015
695016
695017
695018
695019
695020
695021
695022
695023
695024
695025
695026
695027
695028
695029
695030
695031
695032
695033
695034
695035
695036
695037
695038
695039
695040
695041
695042
695043
695044
695045
695046
695047
695048
695049
695050
695051
695052
695053
695054
695055
695056
695057
695058
695059
695060
695061
695062
695063
695064
695065
695066
695067
695068
695069
695070
695071
695072
695073
695074
695075
695076
695077
695078
695079
695080
695081
695082
695083
695084
695085
695086
695087
695088
695089
695090
695091
695092
695093
695094
695095
695096
695097
695098
695099
695100
695101
695102
695103
695104
695105
695106
695107
695108
695109
695110
695111
695112
695113
695114
695115
695116
695117
695118
695119
695120
695121
695122
695123
695124
695125
695126
695127
695128
695129
695130
695131
695132
695133
695134
695135
695136
695137
695138
695139
695140
695141
695142
695143
695144
695145
695146
695147
695148
695149
695150
695151
695152
695153
695154
695155
695156
695157
695158
695159
695160
695161
695162
695163
695164
695165
695166
695167
695168
695169
695170
695171
695172
695173
