458328
458329
458330
458331
458332
458333
458334
458335
458336
458337
458338
458339
458340
458341
458342
458343
458344
458345
458346
458347
458348
458349
458350
458351
458352
458353
458354
458355
458356
458357
458358
458359
458360
458361
458362
458363
458364
458365
458366
458367
458368
458369
458370
458371
458372
458373
458374
458375
458376
458377
458378
458379
458380
458381
458382
458383
458384
458385
458386
458387
458388
458389
458390
458391
458392
458393
458394
458395
458396
458397
458398
458399
458400
458401
458402
458403
458404
458405
458406
458407
458408
458409
458410
458411
458412
458413
458414
458415
458416
458417
458418
458419
458420
458421
458422
458423
458424
458425
458426
458427
458428
458429
458430
458431
458432
458433
458434
458435
458436
458437
458438
458439
458440
458441
458442
458443
458444
458445
458446
458447
458448
458449
458450
458451
458452
458453
458454
458455
458456
458457
458458
458459
458460
458461
458462
458463
458464
458465
458466
458467
458468
458469
458470
458471
458472
458473
458474
458475
458476
458477
458478
458479
458480
458481
458482
458483
458484
458485
458486
458487
458488
458489
458490
458491
458492
458493
458494
458495
458496
458497
458498
458499
458500
458501
458502
458503
458504
458505
458506
458507
458508
458509
458510
458511
458512
458513
458514
458515
458516
458517
458518
458519
458520
458521
458522
458523
458524
458525
458526
458527
458528
458529
458530
458531
458532
458533
458534
458535
458536
458537
458538
458539
458540
458541
458542
458543
458544
458545
458546
458547
458548
458549
458550
458551
458552
458553
458554
458555
458556
458557
458558
458559
458560
458561
458562
458563
458564
458565
458566
458567
458568
458569
458570
458571
458572
458573
458574
458575
458576
458577
458578
458579
458580
458581
458582
458583
458584
458585
458586
458587
458588
458589
458590
458591
458592
458593
458594
458595
458596
458597
458598
458599
458600
458601
458602
458603
458604
458605
458606
458607
458608
458609
458610
458611
458612
458613
458614
458615
458616
458617
458618
458619
458620
458621
458622
458623
458624
458625
458626
458627
458628
458629
458630
458631
458632
458633
458634
458635
458636
458637
458638
458639
458640
458641
458642
458643
458644
458645
458646
458647
458648
458649
458650
458651
458652
458653
458654
458655
458656
458657
458658
458659
458660
458661
458662
458663
458664
458665
458666
458667
458668
458669
458670
458671
458672
458673
458674
458675
458676
458677
458678
458679
458680
458681
458682
458683
458684
458685
458686
458687
458688
458689
458690
458691
458692
458693
458694
458695
458696
458697
458698
458699
458700
458701
458702
458703
458704
458705
458706
458707
458708
458709
458710
458711
458712
458713
458714
458715
458716
458717
458718
458719
458720
458721
458722
458723
458724
458725
458726
458727
458728
458729
458730
458731
458732
458733
458734
458735
458736
458737
458738
458739
458740
458741
458742
458743
458744
458745
458746
458747
458748
458749
458750
458751
458752
458753
458754
458755
458756
458757
458758
458759
458760
458761
458762
458763
458764
458765
458766
458767
458768
458769
458770
458771
458772
458773
458774
458775
458776
458777
458778
458779
458780
458781
458782
458783
458784
458785
458786
458787
458788
458789
458790
458791
458792
458793
458794
458795
458796
458797
458798
458799
458800
458801
458802
458803
458804
458805
458806
458807
458808
458809
458810
458811
458812
458813
458814
458815
458816
458817
458818
458819
458820
458821
458822
458823
458824
458825
458826
458827
458828
458829
458830
458831
458832
458833
458834
458835
458836
458837
458838
458839
458840
458841
458842
458843
458844
458845
458846
458847
458848
458849
458850
458851
458852
458853
458854
458855
458856
458857
458858
458859
458860
458861
458862
458863
458864
458865
458866
458867
458868
458869
458870
458871
458872
458873
458874
458875
458876
458877
458878
458879
458880
458881
458882
458883
458884
458885
458886
458887
458888
458889
458890
458891
458892
458893
458894
458895
458896
458897
458898
458899
458900
458901
458902
458903
458904
458905
458906
458907
458908
458909
458910
458911
458912
458913
458914
458915
458916
458917
458918
458919
458920
458921
458922
458923
458924
458925
458926
458927
458928
458929
458930
458931
458932
458933
458934
458935
458936
458937
458938
458939
458940
458941
458942
458943
458944
458945
458946
458947
458948
458949
458950
458951
458952
458953
458954
458955
458956
458957
458958
458959
458960
458961
458962
458963
458964
458965
458966
458967
458968
458969
458970
458971
458972
458973
458974
458975
458976
458977
458978
458979
458980
458981
458982
458983
458984
458985
458986
458987
458988
458989
458990
458991
458992
458993
458994
458995
458996
458997
458998
458999
459000
459001
459002
459003
459004
459005
459006
459007
459008
459009
459010
459011
459012
459013
459014
459015
459016
459017
459018
459019
459020
459021
459022
459023
459024
459025
459026
459027
459028
459029
459030
459031
459032
459033
459034
459035
459036
459037
459038
459039
459040
459041
459042
459043
459044
459045
459046
459047
459048
459049
459050
459051
459052
459053
459054
459055
459056
459057
459058
459059
459060
459061
459062
459063
459064
459065
459066
459067
459068
459069
459070
459071
459072
459073
459074
459075
459076
459077
459078
459079
459080
459081
459082
459083
459084
459085
459086
459087
459088
459089
459090
459091
459092
459093
459094
459095
459096
459097
459098
459099
459100
459101
459102
459103
459104
459105
459106
459107
459108
459109
459110
459111
459112
459113
459114
459115
459116
459117
459118
459119
459120
459121
459122
459123
459124
459125
459126
459127
459128
459129
459130
459131
459132
459133
459134
459135
459136
459137
459138
459139
459140
459141
459142
459143
459144
459145
459146
459147
459148
459149
459150
459151
459152
459153
459154
459155
459156
459157
459158
459159
459160
459161
459162
459163
459164
459165
459166
459167
459168
459169
459170
459171
459172
459173
459174
459175
459176
459177
459178
459179
459180
459181
459182
459183
459184
459185
459186
459187
459188
459189
459190
459191
459192
459193
459194
459195
459196
459197
459198
459199
459200
459201
459202
459203
459204
459205
459206
459207
459208
459209
459210
459211
459212
459213
459214
459215
459216
459217
459218
459219
459220
459221
459222
459223
459224
459225
459226
459227
459228
459229
459230
459231
459232
459233
459234
459235
459236
459237
459238
459239
459240
459241
459242
459243
459244
459245
459246
459247
459248
459249
459250
459251
459252
459253
459254
459255
459256
459257
459258
459259
459260
459261
459262
459263
459264
459265
459266
459267
459268
459269
459270
459271
459272
459273
459274
459275
459276
459277
459278
459279
459280
459281
459282
459283
459284
459285
459286
459287
459288
459289
459290
459291
459292
459293
459294
459295
459296
459297
459298
459299
459300
459301
459302
459303
459304
459305
459306
459307
459308
459309
459310
459311
459312
459313
459314
459315
459316
459317
459318
459319
459320
459321
459322
459323
459324
459325
459326
459327
459328
459329
459330
459331
459332
459333
459334
459335
459336
459337
459338
459339
459340
459341
459342
459343
459344
459345
459346
459347
459348
459349
459350
459351
459352
459353
459354
459355
459356
459357
459358
459359
459360
459361
459362
459363
459364
459365
459366
459367
459368
459369
459370
459371
459372
459373
459374
459375
459376
459377
459378
459379
459380
459381
459382
459383
459384
459385
459386
459387
459388
459389
459390
459391
459392
459393
459394
459395
459396
459397
459398
459399
459400
459401
459402
459403
459404
459405
459406
459407
459408
459409
459410
459411
459412
459413
459414
459415
459416
459417
459418
459419
459420
459421
459422
459423
459424
459425
459426
459427
459428
459429
459430
459431
459432
459433
459434
459435
459436
459437
459438
459439
459440
459441
459442
459443
459444
459445
459446
459447
459448
459449
459450
459451
459452
459453
459454
459455
459456
459457
459458
459459
459460
459461
459462
459463
459464
459465
459466
459467
459468
459469
459470
459471
459472
459473
459474
459475
459476
459477
459478
459479
459480
459481
459482
459483
459484
459485
459486
459487
459488
459489
459490
459491
459492
459493
459494
459495
459496
459497
459498
459499
459500
459501
459502
459503
459504
459505
459506
459507
459508
459509
459510
459511
459512
459513
459514
459515
459516
459517
459518
459519
459520
459521
459522
459523
459524
459525
459526
459527
459528
459529
459530
459531
459532
459533
459534
459535
459536
459537
459538
459539
459540
459541
459542
459543
459544
459545
459546
459547
459548
459549
459550
459551
459552
459553
459554
459555
459556
459557
459558
459559
459560
459561
459562
459563
459564
459565
459566
459567
459568
459569
459570
459571
459572
459573
459574
459575
459576
459577
459578
459579
459580
459581
459582
459583
459584
459585
459586
459587
459588
459589
459590
459591
459592
459593
459594
459595
459596
459597
459598
459599
459600
459601
459602
459603
459604
459605
459606
459607
459608
459609
459610
459611
459612
459613
459614
459615
459616
459617
459618
459619
459620
459621
459622
459623
459624
459625
459626
459627
459628
459629
459630
459631
459632
459633
459634
459635
459636
459637
459638
459639
459640
459641
459642
459643
459644
459645
459646
459647
459648
459649
459650
459651
459652
459653
459654
459655
459656
459657
459658
459659
459660
459661
459662
459663
459664
459665
459666
459667
459668
459669
459670
459671
459672
459673
459674
459675
459676
459677
459678
459679
459680
459681
459682
459683
459684
459685
459686
459687
459688
459689
459690
459691
459692
459693
459694
459695
459696
459697
459698
459699
459700
459701
459702
459703
459704
459705
459706
459707
459708
459709
459710
459711
459712
459713
459714
459715
459716
459717
459718
459719
459720
459721
459722
459723
459724
459725
459726
459727
459728
459729
459730
459731
459732
459733
459734
459735
459736
459737
459738
459739
459740
459741
459742
459743
459744
459745
459746
459747
459748
459749
459750
459751
459752
459753
459754
459755
459756
459757
459758
459759
459760
459761
459762
459763
459764
459765
459766
459767
459768
459769
459770
459771
459772
459773
459774
459775
459776
459777
459778
459779
459780
459781
459782
459783
459784
459785
459786
459787
459788
459789
459790
459791
459792
459793
459794
459795
459796
459797
459798
459799
459800
459801
459802
459803
459804
459805
459806
459807
459808
459809
459810
459811
459812
459813
459814
459815
459816
459817
459818
459819
459820
459821
459822
459823
459824
459825
459826
459827
459828
459829
459830
459831
459832
459833
459834
459835
459836
459837
459838
459839
459840
459841
459842
459843
459844
459845
459846
459847
459848
459849
459850
459851
459852
459853
459854
459855
459856
459857
459858
459859
459860
459861
459862
459863
459864
459865
459866
459867
459868
459869
459870
459871
459872
459873
459874
459875
459876
459877
459878
459879
459880
459881
459882
459883
459884
459885
459886
459887
459888
459889
459890
459891
459892
459893
459894
459895
459896
459897
459898
459899
459900
459901
459902
459903
459904
459905
459906
459907
459908
459909
459910
459911
459912
459913
459914
459917
459918
459919
459920
459921
459922
459923
459924
459925
459926
459927
459928
459929
459930
459931
459932
459933
459934
459935
459936
459937
459938
459939
459940
459941
459942
459943
459944
459945
459946
459947
459948
459949
459950
459951
459952
459953
459954
459955
459956
459957
459958
459959
459960
459961
459962
459963
459964
459965
459966
459967
459968
459969
459970
459971
459972
459973
459974
459975
459976
459977
459978
459979
459980
459981
459982
459983
459984
459985
459986
459987
459988
459989
459990
459991
459992
459993
459994
459995
459996
459997
459998
459999
460000
460001
460002
460003
460004
460005
460006
460007
460008
460009
460010
460011
460012
460013
460014
460015
460016
460017
460018
460019
460020
460021
460022
460023
460024
460025
460026
460027
460028
460029
460030
460031
460032
460033
460034
460035
460036
460037
460038
460039
460040
460041
460042
460043
460044
460045
460046
460047
460048
460049
460050
460051
460052
460053
460054
460055
460056
460057
460058
460059
460060
460061
460062
460063
460064
460065
460066
460067
460068
460069
460070
460071
460072
460073
460074
460075
460076
460077
460078
460079
460080
460081
460082
460083
460084
460085
460086
460087
460088
460089
460090
460091
460092
460093
460094
460095
460096
460097
460098
460099
460100
460101
460102
460103
460104
460105
460106
460107
460108
460109
460110
460111
460112
460113
460114
460115
460116
460117
460118
460119
460120
460121
460122
460123
460124
460125
460126
460127
460128
460129
460130
460131
460132
460133
460134
460135
460136
460137
460138
460139
460140
460141
460142
460143
460144
460145
460146
460147
460148
460149
460150
460151
460152
460153
460154
460155
460156
460157
460158
460159
460160
460161
460162
460163
460164
460165
460166
460167
460168
460169
460170
460171
460172
460173
460174
460175
460176
460177
460178
460179
460180
460181
460182
460183
460184
460185
460186
460187
460188
460189
460190
460191
460192
460193
460194
460195
460196
460197
460198
460199
460200
460201
460202
460203
460204
460205
460206
460207
460208
460209
460210
460211
460212
460213
460214
460215
460216
460217
460218
460219
460220
460221
460222
460223
460224
460225
460226
460227
460228
460229
460230
460231
460232
460233
460234
460235
460236
460237
460238
460239
460240
460241
460242
460243
460244
460245
460246
460247
460248
460249
460250
460251
460252
460253
460254
460255
460256
460257
460258
460259
460260
460261
460262
460263
460264
460265
460266
460267
460268
460269
460270
460271
460272
460273
460274
460275
460276
460277
460278
460279
460280
460281
460282
460283
460284
460285
460286
460287
460288
460289
460290
460291
460292
460293
460294
460295
460296
460297
460298
460299
460300
460301
460302
460303
460304
460305
460306
460307
460308
460309
460310
460311
460312
460313
460314
460315
460316
460317
460318
460319
460320
460321
460322
460323
460324
460325
460326
460327
460328
460329
460330
460331
460332
460333
460334
460335
460336
460337
460338
460339
460340
460341
460342
460343
460344
460345
460346
460347
460348
460349
460350
460351
460352
460353
460354
460355
460356
460357
460358
460359
460360
460361
460362
460363
460364
460365
460366
460367
460368
460369
460370
460371
460372
460373
460374
460375
460376
460377
460378
460379
460380
460381
460382
460383
460384
460385
460386
460387
460388
460389
460390
460391
460392
460393
460394
460395
460396
460397
460398
460399
460400
460401
460402
460403
460404
460405
460406
460407
460408
460409
460410
460411
460412
460413
460414
460415
460416
460417
460418
460419
460420
460421
460422
460423
460424
460425
460426
460427
460428
460429
460430
460431
460432
460433
460434
460435
460436
460437
460438
460439
460440
460441
460442
460443
460444
460445
460446
460447
460448
460449
460450
460451
460452
460453
460454
460455
460456
460457
460458
460459
460460
460461
460462
460463
460464
460465
460466
460467
460468
460469
460470
460471
460472
460473
460474
460475
460476
460477
460478
460479
460480
460481
460482
460483
460484
460485
460486
460487
460488
460489
460490
460491
460492
460493
460494
460495
460496
460497
460498
460499
460500
460501
460502
460503
460504
460505
460506
460507
460508
460509
460510
460511
460512
460513
460514
460515
460516
460517
460518
460519
460520
460521
460522
460523
460524
460525
460526
460527
460528
460529
460530
460531
460532
460533
460534
460535
460536
460537
460538
460539
460540
460541
460542
460543
460544
460545
460546
460547
460548
460549
460550
460551
460552
460553
460554
460555
460556
460557
460558
460559
460560
460561
460562
460563
460564
460565
460566
460567
460568
460569
460570
460571
460572
460573
460574
460575
460576
460577
460578
460579
460580
460581
460582
460583
460584
460585
460586
460587
460588
460589
460590
460591
460592
460593
460594
460595
460596
460597
460598
460599
460600
460601
460602
460603
460604
460605
460606
460607
460608
460609
460610
460611
460612
460613
460614
460615
460616
460617
460618
460619
460620
460621
460622
460623
460624
460625
460626
460627
460628
460629
460630
460631
460632
460633
460634
460635
460636
460637
460638
460639
460640
460641
460642
460643
460644
460645
460647
460648
460649
460650
460651
460652
460653
460654
460655
460656
460657
460658
460659
460660
460661
460662
460663
460664
460665
460666
460667
460668
460669
460670
460671
460672
460673
460674
460675
460676
460677
460678
460679
460680
460681
460682
460683
460684
460685
460686
460687
460688
460689
460690
460691
460692
460693
460694
460695
460696
460697
460698
460699
460700
460701
460702
460703
460704
460705
460706
460707
460708
460709
460710
460711
460712
460713
460714
460715
460716
460717
460718
460719
460720
460721
460722
460723
460724
460725
460726
460727
460728
460729
460730
460731
460732
460733
460734
460735
460736
460737
460738
460739
460740
460741
460742
460743
460744
460745
460746
460747
460748
460749
460750
460751
460752
460753
460754
460755
460756
460757
460758
460759
460760
460761
460762
460763
460764
460765
460766
460767
460768
460769
460770
460771
460772
460773
460774
460775
460776
460777
460778
460779
460780
460781
460782
460783
460784
460785
460786
460787
460788
460789
460790
460791
460792
460793
460794
460795
460796
460797
460798
460799
460800
460801
460802
460803
460804
460805
460806
460807
460808
460809
460810
460811
460812
460813
460814
460815
460816
460817
460818
460819
460820
460821
460822
460823
460824
460825
460826
460827
460828
460829
460830
460831
460832
460833
460834
460835
460836
460837
460838
460839
460840
460841
460842
460843
460844
460845
460846
460847
460848
460849
460850
460851
460852
460853
460854
460855
460856
460857
460858
460859
460860
460861
460862
460863
460864
460865
460866
460867
460868
460869
460870
460871
460872
460873
460874
460875
460876
460877
460878
460879
460880
460881
460882
460883
460884
460885
460886
460887
460888
460889
460890
460891
460892
460893
460894
460895
460896
460897
460898
460899
460900
460901
460902
460903
460904
460905
460906
460907
460908
460909
460910
460911
460912
460913
460914
460915
460916
460917
460918
460919
460920
460921
460922
460923
460924
460925
460926
460927
460928
460929
460930
460931
460932
460933
460934
460935
460936
460937
460938
460939
460940
460941
460942
460943
460944
460945
460946
460947
460948
460949
460950
460951
460952
460953
460954
460955
460956
460957
460958
460959
460960
460961
460962
460963
460964
460965
460966
460967
460968
460969
460970
460971
460972
460973
460974
460975
460976
460977
460978
460979
460980
460981
460982
460983
460984
460985
460986
460987
460988
460989
460990
460991
460992
460993
460994
460995
460996
460997
460998
460999
461000
461001
461002
461003
461004
461005
461006
461007
461008
461009
461010
461011
461012
461013
461014
461015
461016
461017
461018
461019
461020
461021
461022
461023
461024
461025
461026
461027
461028
461029
461030
461031
461032
461033
461034
461035
461036
461037
461038
461039
461040
461041
461042
461043
461044
461045
461046
461047
461048
461049
461050
461051
461052
461053
461054
461055
461056
461057
461058
461059
461060
461061
461062
461063
461064
461065
461066
461067
461068
461069
461070
461071
461072
461073
461074
461075
461076
461077
461078
461079
461080
461081
461082
461083
461084
461085
461086
461087
461088
461089
461090
461091
461092
461093
461094
461095
461096
461097
461098
461099
461100
461101
461102
461103
461104
461105
461106
461107
461108
461109
461110
461111
461112
461113
461114
461115
461116
461117
461118
461119
461120
461121
461122
461123
461124
461125
461126
461127
461128
461129
461130
461131
461132
461133
461134
461135
461136
461137
461138
461139
461140
461141
461142
461143
461144
461145
461146
461147
461148
461149
461150
461151
461152
461153
461154
461155
461156
461157
461158
461159
461160
461161
461162
461163
461164
461165
461166
461167
461168
461169
461170
461171
461172
461173
461174
461175
461176
461177
461178
461179
461180
461181
461182
461183
461184
461185
461186
461187
461188
461189
461190
461191
461192
461193
461194
461195
461196
461197
461198
461199
461200
461201
461202
461203
461204
461205
461206
461207
461208
461209
461210
461211
461212
461213
461214
461215
461216
461217
461218
461219
461220
461221
461222
461223
461224
461225
461226
461227
461228
461229
461230
461231
461232
461233
461234
461235
461236
461237
461238
461239
461240
461241
461242
461243
461244
461245
461246
461247
461248
461249
461250
461251
461252
461253
461254
461255
461256
461257
461258
461259
461260
461261
461262
461263
461264
461265
461266
461267
461268
461269
461270
461271
461272
461273
461274
461275
461276
461277
461278
461279
461280
461281
461282
461283
461284
461285
461286
461287
461288
461289
461290
461291
461292
461293
461294
461295
461296
461297
461298
461299
461300
461301
461302
461303
461304
461305
461306
461307
461308
461309
461310
461311
461312
461313
461314
461315
461316
461317
461318
461319
461320
461321
461322
461323
461324
461325
461326
461327
461328
461329
461330
461331
461332
461333
461334
461335
461336
461337
461341
