492745
492746
492747
492748
492749
492750
492751
492752
492753
492754
492755
492756
492757
492758
492759
492760
492761
492762
492763
492764
492765
492766
492767
492768
492769
492770
492771
492772
492773
492774
492775
492776
492777
492778
492779
492780
492781
492782
492783
492784
492785
492786
492787
492788
492789
492790
492791
492792
492793
492794
492795
492796
492797
492798
492799
492800
492801
492802
492803
492804
492805
492806
492807
492808
492809
492810
492811
492812
492813
492814
492815
492816
492817
492818
492819
492820
492821
492822
492823
492824
492825
492826
492827
492828
492829
492830
492831
492832
492833
492834
492835
492836
492837
492838
492839
492840
492841
492842
492843
492844
492845
492846
492847
492848
492849
492850
492851
492852
492853
492854
492855
492856
492857
492858
492859
492860
492861
492862
492863
492864
492865
492866
492867
492868
492869
492870
492871
492872
492873
492874
492875
492876
492877
492878
492879
492880
492881
492882
492883
492884
492885
492886
492887
492888
492889
492890
492891
492892
492893
492894
492895
492896
492897
492898
492899
492900
492901
492902
492903
492904
492905
492906
492907
492908
492909
492910
492911
492912
492913
492914
492915
492916
492917
492918
492919
492920
492921
492922
492923
492924
492925
492926
492927
492928
492929
492930
492931
492932
492933
492934
492935
492936
492937
492938
492939
492940
492941
492942
492943
492944
492945
492946
492947
492948
492949
492950
492951
492952
492953
492954
492955
492956
492957
492958
492959
492960
492961
492962
492963
492964
492965
492966
492967
492968
492969
492970
492971
492972
492973
492974
492975
492976
492977
492978
492979
492980
492981
492982
492983
492984
492985
492986
492987
492988
492989
492990
492991
492992
492993
492994
492995
492996
492997
492998
492999
493000
493001
493002
493003
493004
493005
493006
493007
493008
493009
493010
493011
493012
493013
493014
493015
493016
493017
493018
493019
493020
493021
493022
493023
493024
493025
493026
493027
493028
493029
493030
493031
493032
493033
493034
493035
493036
493037
493038
493039
493040
493041
493042
493043
493044
493045
493046
493047
493048
493049
493050
493051
493052
493053
493054
493055
493056
493057
493058
493059
493060
493061
493062
493063
493064
493065
493066
493067
493068
493069
493070
493071
493072
493073
493074
493075
493076
493077
493078
493079
493080
493081
493082
493083
493084
493085
493086
493087
493088
493089
493090
493091
493092
493093
493094
493095
493096
493097
493098
493099
493100
493101
493102
493103
493104
493105
493106
493107
493108
493109
493110
493111
493112
493113
493114
493115
493116
493117
493118
493119
493120
493121
493122
493123
493124
493125
493126
493127
493128
493129
493130
493131
493132
493133
493134
493135
493136
493137
493138
493139
493140
493141
493142
493143
493144
493145
493146
493147
493148
493149
493150
493151
493152
493153
493154
493155
493156
493157
493158
493159
493160
493161
493162
493163
493164
493165
493166
493167
493168
493169
493170
493171
493172
493173
493174
493175
493176
493177
493178
493179
493180
493181
493182
493183
493184
493185
493186
493187
493188
493189
493190
493191
493192
493193
493194
493195
493196
493197
493198
493199
493200
493201
493202
493203
493204
493205
493206
493207
493208
493209
493210
493211
493212
493213
493214
493215
493216
493217
493218
493219
493220
493221
493222
493223
493224
493225
493226
493227
493228
493229
493230
493231
493232
493233
493234
493235
493236
493237
493238
493239
493240
493241
493242
493243
493244
493245
493246
493247
493248
493249
493250
493251
493252
493253
493254
493255
493256
493257
493258
493259
493260
493261
493262
493263
493264
493265
493266
493267
493268
493269
493270
493271
493272
493273
493274
493275
493276
493277
493278
493279
493280
493281
493282
493283
493284
493285
493286
493287
493288
493289
493290
493291
493292
493293
493294
493295
493296
493297
493298
493299
493300
493301
493302
493303
493304
493305
493306
493307
493308
493309
493310
493311
493312
493313
493314
493315
493316
493317
493318
493319
493320
493321
493322
493323
493324
493325
493326
493327
493328
493329
493330
493331
493332
493333
493334
493335
493336
493337
493338
493339
493340
493341
493342
493343
493344
493345
493346
493347
493348
493349
493350
493351
493352
493353
493354
493355
493356
493357
493358
493359
493360
493361
493362
493363
493364
493365
493366
493367
493368
493369
493370
493371
493372
493373
493374
493375
493376
493377
493378
493379
493380
493381
493382
493383
493384
493385
493386
493387
493388
493389
493390
493391
493392
493393
493394
493395
493396
493397
493398
493399
493400
493401
493402
493403
493404
493405
493406
493407
493408
493409
493410
493411
493412
493413
493414
493415
493416
493417
493418
493419
493420
493421
493422
493423
493424
493425
493426
493427
493428
493429
493430
493431
493432
493433
493434
493435
493436
493437
493438
493439
493440
493441
493442
493443
493444
493445
493446
493447
493448
493449
493450
493451
493452
493453
493454
493455
493456
493457
493458
493459
493460
493461
493462
493463
493464
493465
493466
493467
493468
493469
493470
493471
493472
493473
493474
493475
493476
493477
493478
493479
493480
493481
493482
493483
493484
493485
493486
493487
493488
493489
493490
493491
493492
493493
493494
493495
493496
493497
493498
493499
493500
493501
493502
493503
493504
493505
493506
493507
493508
493509
493510
493511
493512
493513
493514
493515
493516
493517
493518
493519
493520
493521
493522
493523
493524
493525
493526
493527
493528
493529
493530
493531
493532
493533
493534
493535
493536
493537
493538
493539
493540
493541
493542
493543
493544
493545
493546
493547
493548
493549
493550
493551
493552
493553
493554
493555
493556
493557
493558
493559
493560
493561
493562
493563
493564
493565
493566
493567
493568
493569
493570
493571
493572
493573
493574
493575
493576
493577
493578
493579
493580
493581
493582
493583
493584
493585
493586
493587
493588
493589
493590
493591
493592
493593
493594
493595
493596
493597
493598
493599
493600
493601
493602
493603
493604
493605
493606
493607
493608
493609
493610
493611
493612
493613
493614
493615
493616
493617
493618
493619
493620
493621
493622
493623
493624
493625
493626
493627
493628
493629
493630
493631
493632
493633
493634
493635
493636
493637
493638
493639
493640
493641
493642
493643
493644
493645
493646
493647
493648
493649
493650
493651
493652
493653
493654
493655
493656
493657
493658
493659
493660
493661
493662
493663
493664
493665
493666
493667
493668
493669
493670
493671
493672
493673
493674
493675
493676
493677
493678
493679
493680
493681
493682
493683
493684
493685
493686
493687
493688
493689
493690
493691
493692
493693
493694
493695
493696
493697
493698
493699
493700
493701
493702
493703
493704
493705
493706
493707
493708
493709
493710
493711
493712
493713
493714
493715
493716
493717
493718
493719
493720
493721
493722
493723
493724
493725
493726
493727
493728
493729
493730
493731
493732
493733
493734
493735
493736
493737
493738
493739
493740
493741
493742
493743
493744
493745
493746
493747
493748
493749
493750
493751
493752
493753
493754
493755
493756
493757
493758
493759
493760
493761
493762
493763
493764
493765
493766
493767
493768
493769
493770
493771
493772
493773
493774
493775
493776
493777
493778
493779
493780
493781
493782
493783
493784
493785
493786
493787
493788
493789
493790
493791
493792
493793
493794
493795
493796
493797
493798
493799
493800
493801
493802
493803
493804
493805
493806
493807
493808
493809
493810
493811
493812
493813
493814
493815
493816
493817
493818
493819
493820
493821
493822
493823
493824
493825
493826
493827
493828
493829
493830
493831
493832
493833
493834
493835
493836
493837
493838
493839
493840
493841
493842
493843
493844
493845
493846
493847
493848
493849
493850
493851
493852
493853
493854
493855
493856
493857
493858
493859
493860
493861
493862
493863
493864
493865
493866
493867
493868
493869
493870
493871
493872
493873
493874
493875
493876
493877
493878
493879
493880
493881
493882
493883
493884
493885
493886
493887
493888
493889
493890
493891
493892
493893
493894
493895
493896
493897
493898
493899
493900
493901
493902
493903
493904
493905
493906
493907
493908
493909
493910
493911
493912
493913
493914
493915
493916
493917
493918
493919
493920
493921
493922
493923
493924
493925
493926
493927
493928
493929
493930
493931
493932
493933
493934
493935
493936
493937
493938
493939
493940
493941
493942
493943
493944
493945
493946
493947
493948
493949
493950
493951
493952
493953
493954
493955
493956
493957
493958
493959
493960
493961
493962
493963
493964
493965
493966
493967
493968
493969
493970
493971
493972
493973
493974
493975
493976
493977
493978
493979
493980
493981
493982
493983
493984
493985
493986
493987
493988
493989
493990
493991
493992
493993
493994
493995
493996
493997
493998
493999
494000
494001
494002
494003
494004
494005
494006
494007
494008
494009
494010
494011
494012
494013
494014
494015
494016
494017
494018
494019
494020
494021
494022
494023
494024
494025
494026
494027
494028
494029
494030
494031
494032
494033
494034
494035
494036
494037
494038
494039
494040
494041
494042
494043
494044
494045
494046
494047
494048
494049
494050
494051
494052
494053
494054
494055
494056
494057
494058
494059
494060
494061
494062
494063
494064
494065
494066
494067
494068
494069
494070
494071
494072
494073
494074
494075
494076
494077
494078
494079
494080
494081
494082
494083
494084
494085
494086
494087
494088
494089
494090
494091
494092
494093
494094
494095
494096
494097
494098
494099
494100
494101
494102
494103
494104
494105
494106
494107
494108
494109
494110
494111
494112
494113
494114
494115
494116
494117
494118
494119
494120
494121
494122
494123
494124
494125
494126
494127
494128
494129
494130
494131
494132
494133
494134
494135
494136
494137
494138
494139
494140
494141
494142
494143
494144
494145
494146
494147
494148
494149
494150
494151
494152
494153
494154
494155
494156
494157
494158
494159
494160
494161
494162
494163
494164
494165
494166
494167
494168
494169
494170
494171
494172
494173
494174
494175
494176
494177
494178
494179
494180
494181
494182
494183
494184
494185
494186
494187
494188
494189
494190
494191
494192
494193
494194
494195
494196
494197
494198
494199
494200
494201
494202
494203
494204
494205
494206
494207
494208
494209
494210
494211
494212
494213
494214
494215
494216
494217
494218
494219
494220
494221
494222
494223
494224
494225
494226
494227
494228
494229
494230
494231
494232
494233
494234
494235
494236
494237
494238
494239
494240
494241
494242
494243
494244
494245
494246
494247
494248
494249
494250
494251
494252
494253
494254
494255
494256
494257
494258
494259
494260
494261
494262
494263
494264
494265
494266
494267
494268
494269
494270
494271
494272
494273
494274
494275
494276
494277
494278
494279
494280
494281
494282
494283
494284
494285
494286
494287
494288
494289
494290
494291
494292
494293
494294
494295
494296
494297
494298
494299
494300
494301
494302
494303
494304
494305
494306
494307
494308
494309
494310
494311
494312
494313
494314
494315
494316
494317
494318
494319
494320
494321
494322
494323
494324
494325
494326
494327
494328
494329
494330
494331
494332
494333
494334
494335
494336
494337
494338
494339
494340
494341
494342
494343
494344
494345
494346
494347
494348
494349
494350
494351
494352
494353
494354
494355
494356
494357
494358
494359
494360
494361
494362
494363
494364
494365
494366
494367
494368
494369
494370
494371
494372
494373
494374
494375
494376
494377
494378
494379
494380
494381
494382
494383
494384
494385
494386
494387
494388
494389
494390
494391
494392
494393
494394
494395
494396
494397
494398
494399
494400
494401
494402
494403
494404
494405
494406
494407
494408
494409
494410
494411
494412
494413
494414
494415
494416
494417
494418
494419
494420
494421
494422
494423
494424
494425
494426
494427
494428
494429
494430
494431
494432
494433
494434
494435
494436
494437
494438
494439
494440
494441
494442
494443
494444
494445
494446
494447
494448
494449
494450
494451
494452
494453
494454
494455
494456
494457
494458
494459
494460
494461
494462
494463
494464
494465
494466
494467
494468
494469
494470
494471
494472
494473
494474
494475
494476
494477
494478
494479
494480
494481
494482
494483
494484
494485
494486
494487
494488
494489
494490
494491
494492
494493
494494
494495
494496
494497
494498
494499
494500
494501
494502
494503
494504
494505
494506
494507
494508
494509
494510
494511
494512
494513
494514
494515
494516
494517
494518
494519
494520
494521
494522
494523
494524
494525
494526
494527
494528
494529
494530
494531
494532
494533
494534
494535
494536
494537
494538
494539
494540
494541
494542
494543
494544
494545
494546
494547
494548
494549
494550
494551
494552
494553
494554
494555
494556
494557
494558
494559
494560
494561
494562
494563
494564
494565
494566
494567
494568
494569
494570
494571
494572
494573
494574
494575
494576
494577
494578
494579
494580
494581
494582
494583
494584
494585
494586
494587
494588
494589
494590
494591
494592
494593
494594
494595
494596
494597
494598
494599
494600
494601
494602
494603
494604
494605
494606
494607
494608
494609
494610
494611
494612
494613
494614
494615
494616
494617
494618
494619
494620
494621
494622
494623
494624
494625
494626
494627
494628
494629
494630
494631
494632
494633
494634
494635
494636
494637
494638
494639
494640
494641
494642
494643
494644
494645
494646
494647
494648
494649
494650
494651
494652
494653
494654
494655
494656
494657
494658
494659
494660
494661
494662
494663
494664
494665
494666
494667
494668
494669
494670
494671
494672
494673
494674
494675
494676
494677
494678
494679
494680
494681
494682
494683
494684
494685
494686
494687
494688
494689
494690
494691
494692
494693
494694
494695
494696
494697
494698
494699
494700
494701
494702
494703
494704
494705
494706
494707
494708
494709
494710
494711
494712
494713
494714
494715
494716
494717
494718
494719
494720
494721
494722
494723
494724
494725
494726
494727
494728
494729
494730
494731
494732
494733
494734
494735
494736
494737
494738
494739
494740
494741
494742
494743
494744
494745
494746
494747
494748
494749
494750
494751
494752
494753
494754
494755
494756
494757
494758
494759
494760
494761
494762
494763
494764
494765
494766
494767
494768
494769
494770
494771
494772
494773
494774
494775
494776
494777
494778
494779
494780
494781
494782
494783
494784
494785
494786
494787
494788
494789
494790
494791
494792
494793
494794
494795
494796
494797
494798
494799
494800
494801
494802
494803
494804
494805
494806
494807
494808
494809
494810
494811
494812
494813
494814
494815
494816
494817
494818
494819
494820
494821
494822
494823
494824
494825
494826
494827
494828
494829
494830
494831
494832
494833
494834
494835
494836
494837
494838
494839
494840
494841
494842
494843
494844
494845
494846
494847
494848
494849
494850
494851
494852
494853
494854
494855
494856
494857
494858
494859
494860
494861
494862
494863
494864
494865
494866
494867
494868
494869
494870
494871
494872
494873
494874
494875
494876
494877
494878
494879
494880
494881
494882
494883
494884
494885
494886
494887
494888
494889
494890
494891
494892
494893
494894
494895
494896
494897
494898
494899
494900
494901
494902
494903
494904
494905
494906
494907
494908
494909
494910
494911
494912
494913
494914
494915
494916
494917
494918
494919
494920
494921
494922
494923
494924
494925
494926
494927
494928
494929
494930
494931
494932
494933
494934
494935
494936
494937
494938
494939
494940
494941
494942
494943
494944
494945
494946
494947
494948
494949
494950
494951
494952
494953
494954
494955
494956
494957
494958
494959
494960
494961
494962
494963
494964
494965
494966
494967
494968
494969
494970
494971
494972
494973
494974
494975
494976
494977
494978
494979
494980
494981
494982
494983
494984
494985
494986
494987
494988
494989
494990
494991
494992
494993
494994
494995
494996
494997
494998
494999
495000
495001
495002
495003
495004
495005
495006
495007
495008
495009
495010
495011
495012
495013
495014
495015
495016
495017
495018
495019
495020
495021
495022
495023
495024
495025
495026
495027
495028
495029
495030
495031
495032
495033
495034
495035
495036
495037
495038
495039
495040
495041
495042
495043
495044
495045
495046
495047
495048
495049
495050
495051
495052
495053
495054
495055
495056
495057
495058
495059
495060
495061
495062
495063
495064
495065
495066
495067
495068
495069
495070
495071
495072
495073
495074
495075
495076
495077
495078
495079
495080
495081
495082
495083
495084
495085
495086
495087
495088
495089
495090
495091
495092
495093
495094
495095
495096
495097
495098
495100
495101
495102
495103
495104
495105
495106
495107
495108
495109
495110
495111
495112
495113
495114
495115
495116
495117
495118
495119
495120
495121
495122
495123
495124
495125
495126
495127
495128
495129
495130
495131
495132
495133
495134
495135
495136
495137
495138
495139
495140
495141
495142
495143
495144
495145
495146
495147
495148
495149
495150
495151
495152
495153
495154
495155
495156
495157
495158
495159
495160
495161
495162
495163
495164
495165
495166
495167
495168
495169
495170
495171
495172
495173
495174
495175
495176
495177
495178
495179
495180
495181
495182
495183
495184
495185
495186
495187
495188
495189
495190
495191
495192
495193
495194
495195
495196
495197
495198
495199
495200
495201
495202
495203
495204
495205
495206
495207
495208
495209
495210
495211
495212
495213
495214
495215
495216
495217
495218
495219
495220
495221
495222
495223
495224
495225
495226
495227
495228
495229
495230
495231
495232
495233
495234
495235
495236
495237
495238
495239
495240
495241
495242
495243
495244
495245
495246
495247
495248
495249
495250
495251
495252
495253
495254
495255
495256
495257
495258
495259
495260
495261
495262
495263
495264
495265
495266
495267
495268
495269
495270
495271
495272
495273
495274
495275
495276
495277
495278
495279
495280
495281
495282
495283
495284
495285
495286
495287
495288
495289
495290
495291
495292
495293
495294
495295
495296
495297
495298
495299
495300
495301
495302
495303
495304
495305
495306
495307
495308
495309
495310
495311
495312
495313
495314
495315
495316
495317
495318
495319
495320
495321
495322
495323
495324
495325
495326
495327
495328
495329
495330
495331
495332
495333
495334
495335
495336
495337
495338
495339
495340
495341
495342
495343
495344
495345
495346
495347
495348
495349
495350
495351
495352
495353
495354
495355
495356
495357
495358
495359
495360
495361
495362
495363
495364
495365
495366
495367
495368
495369
495370
495371
495372
495373
495374
495375
495376
495377
495378
495379
495380
495381
495382
495383
495384
495385
495386
495387
495388
495389
495390
495391
495392
495393
495394
495395
495396
495397
495398
495399
495400
495401
495402
495403
495404
495405
495406
495407
495408
495409
495410
495411
495412
495413
495414
495415
495416
495417
495418
495419
495420
495421
495422
495423
495424
495425
495426
495427
495428
495429
495430
495431
495432
495433
495434
495435
495436
495437
495438
495439
495440
495441
495442
495443
495444
495445
495446
495447
495448
495449
495450
495451
495452
495453
495454
495455
495456
495457
495458
495459
495460
495461
495462
495463
495464
495465
495466
495467
495468
495469
495470
495471
495472
495473
495474
495475
495476
495477
495478
495479
495480
495481
495482
495483
495484
495485
495486
495487
495488
495489
495490
495491
495492
495493
495494
495495
495496
495497
495498
495499
495500
495501
495502
495503
495504
495505
495506
495507
495508
495509
495510
495511
495512
495513
495514
495515
495516
495517
495518
495519
495520
495521
495522
495523
495524
495525
495526
495527
495528
495529
495530
495531
495532
495533
495534
495535
495536
495537
495538
495539
495540
495541
495542
495543
495544
495545
495546
495547
495548
495549
495550
495551
495552
495553
495554
495555
495556
495557
495558
495559
495560
495561
495562
495563
495564
495565
495566
495567
495568
495569
495570
495571
495572
495573
495574
495575
495576
495577
495578
495579
495580
495581
495582
495583
495584
495585
495586
495587
495588
495589
495590
495591
495592
495593
495594
495595
495596
495597
495598
495599
495600
495601
495602
495603
495604
495605
495606
495607
495608
495609
495610
495611
495612
495613
495614
495615
495616
495617
495618
495619
495620
495621
495622
495623
495624
495625
495626
495627
495628
495629
495630
495631
495632
495633
495634
495635
495636
495637
495638
495639
495640
495641
495642
495643
495644
495645
495646
495647
495648
495649
495650
495651
495652
495653
495654
495655
495656
495657
495658
495659
495660
495661
495662
495663
495664
495665
495666
495667
495668
495669
495670
495671
495672
495673
495674
495675
495676
495677
495678
495679
495680
495681
495682
495683
495684
495685
495686
495687
495688
495689
495690
495691
495692
