608131
608132
608133
608134
608135
608136
608137
608138
608139
608140
608141
608142
608143
608144
608145
608146
608147
608148
608149
608150
608151
608152
608153
608154
608155
608156
608157
608158
608159
608160
608161
608162
608163
608164
608165
608166
608167
608168
608169
608170
608171
608172
608173
608174
608175
608176
608177
608178
608179
608180
608181
608182
608183
608184
608185
608186
608187
608188
608189
608190
608191
608192
608193
608194
608195
608196
608197
608198
608199
608200
608201
608202
608203
608204
608205
608206
608207
608208
608209
608210
608211
608212
608213
608214
608215
608216
608217
608218
608219
608220
608221
608222
608223
608224
608225
608226
608227
608228
608229
608230
608231
608232
608233
608234
608235
608236
608237
608238
608239
608240
608241
608242
608243
608244
608245
608246
608247
608248
608249
608250
608251
608252
608253
608254
608255
608256
608257
608258
608259
608260
608261
608262
608263
608264
608265
608266
608267
608268
608269
608270
608271
608272
608273
608274
608275
608276
608277
608278
608279
608280
608281
608282
608283
608284
608285
608286
608287
608288
608289
608290
608291
608292
608293
608294
608295
608296
608297
608298
608299
608300
608301
608302
608303
608304
608305
608306
608307
608308
608309
608310
608311
608312
608313
608314
608315
608316
608317
608318
608319
608320
608321
608322
608323
608324
608325
608326
608327
608328
608329
608330
608331
608332
608333
608334
608335
608336
608337
608338
608339
608340
608341
608342
608343
608344
608345
608346
608347
608348
608349
608350
608351
608352
608353
608354
608355
608356
608357
608358
608359
608360
608361
608362
608363
608364
608365
608366
608367
608368
608369
608370
608371
608372
608373
608374
608375
608376
608377
608378
608379
608380
608381
608382
608383
608384
608385
608386
608387
608388
608389
608390
608391
608392
608393
608394
608395
608396
608397
608398
608399
608400
608401
608402
608403
608404
608405
608406
608407
608408
608409
608410
608411
608412
608413
608414
608415
608416
608417
608418
608419
608420
608421
608422
608423
608424
608425
608426
608427
608428
608429
608430
608431
608432
608433
608434
608435
608436
608437
608438
608439
608440
608441
608442
608443
608444
608445
608446
608447
608448
608449
608450
608451
608452
608453
608454
608455
608456
608457
608458
608459
608460
608461
608462
608463
608464
608465
608466
608467
608468
608469
608470
608471
608472
608473
608474
608475
608476
608477
608478
608479
608480
608481
608482
608483
608484
608485
608486
608487
608488
608489
608490
608491
608492
608493
608494
608495
608496
608497
608498
608499
608500
608501
608502
608503
608504
608505
608506
608507
608508
608509
608510
608511
608512
608513
608514
608515
608516
608517
608518
608519
608520
608521
608522
608523
608524
608525
608526
608527
608528
608529
608530
608531
608532
608533
608534
608535
608536
608537
608538
608539
608540
608541
608542
608543
608544
608545
608546
608547
608548
608549
608550
608551
608552
608553
608554
608555
608556
608557
608558
608559
608560
608561
608562
608563
608564
608565
608566
608567
608568
608569
608570
608571
608572
608573
608574
608575
608576
608577
608578
608579
608580
608581
608582
608583
608584
608585
608586
608587
608588
608589
608590
608591
608592
608593
608594
608595
608596
608597
608598
608599
608600
608601
608602
608603
608604
608605
608606
608607
608608
608609
608610
608611
608612
608613
608614
608615
608616
608617
608618
608619
608620
608621
608622
608623
608624
608625
608626
608627
608628
608629
608630
608631
608632
608633
608634
608635
608636
608637
608638
608639
608640
608641
608642
608643
608644
608645
608646
608647
608648
608649
608650
608651
608652
608653
608654
608655
608656
608657
608658
608659
608660
608661
608662
608663
608664
608665
608666
608667
608668
608669
608670
608671
608672
608673
608674
608675
608676
608677
608678
608679
608680
608681
608682
608683
608684
608685
608686
608687
608688
608689
608690
608691
608692
608693
608694
608695
608696
608697
608698
608699
608700
608701
608702
608703
608704
608705
608706
608707
608708
608709
608710
608711
608712
608713
608714
608715
608716
608717
608718
608719
608720
608721
608722
608723
608724
608725
608726
608727
608728
608729
608730
608731
608732
608733
608734
608735
608736
608737
608738
608739
608740
608741
608742
608743
608744
608745
608746
608747
608748
608749
608750
608751
608752
608753
608754
608755
608756
608757
608758
608759
608760
608761
608762
608763
608764
608765
608766
608767
608768
608769
608770
608771
608772
608773
608774
608775
608776
608777
608778
608779
608780
608781
608782
608783
608784
608785
608786
608787
608788
608789
608790
608791
608792
608793
608794
608795
608796
608797
608798
608799
608800
608801
608802
608803
608804
608805
608806
608807
608808
608809
608810
608811
608812
608813
608814
608815
608816
608817
608818
608819
608820
608821
608822
608823
608824
608825
608826
608827
608828
608829
608830
608831
608832
608833
608834
608835
608836
608837
608838
608839
608840
608841
608842
608843
608844
608845
608846
608847
608848
608849
608850
608851
608852
608853
608854
608855
608856
608857
608858
608859
608860
608861
608862
608863
608864
608865
608866
608867
608868
608869
608870
608871
608872
608873
608874
608875
608876
608877
608878
608879
608880
608881
608882
608883
608884
608885
608886
608887
608888
608889
608890
608891
608892
608893
608894
608895
608896
608897
608898
608899
608900
608901
608902
608903
608904
608905
608906
608907
608908
608909
608910
608911
608912
608913
608914
608915
608916
608917
608918
608919
608920
608921
608922
608923
608924
608925
608926
608927
608928
608929
608930
608931
608932
608933
608934
608935
608936
608937
608938
608939
608940
608941
608942
608943
608944
608945
608946
608947
608948
608949
608950
608951
608952
608953
608954
608955
608956
608957
608958
608959
608960
608961
608962
608963
608964
608965
608966
608967
608968
608969
608970
608971
608972
608973
608974
608975
608976
608977
608978
608979
608980
608981
608982
608983
608984
608985
608986
608987
608988
608989
608990
608991
608992
608993
608994
608995
608996
608997
608998
608999
609000
609001
609002
609003
609004
609005
609006
609007
609008
609009
609010
609011
609012
609013
609014
609015
609016
609017
609018
609019
609020
609021
609022
609023
609024
609025
609026
609027
609028
609029
609030
609031
609032
609033
609034
609035
609036
609037
609038
609039
609040
609041
609042
609043
609044
609045
609046
609047
609048
609049
609050
609051
609052
609053
609054
609055
609056
609057
609058
609059
609060
609061
609062
609063
609064
609065
609066
609067
609068
609069
609070
609071
609072
609073
609074
609075
609076
609077
609078
609079
609080
609081
609082
609083
609084
609085
609086
609087
609088
609089
609090
609091
609092
609093
609094
609095
609096
609097
609098
609099
609100
609101
609102
609103
609104
609105
609106
609107
609108
609109
609110
609111
609112
609113
609114
609115
609116
609117
609118
609119
609120
609121
609122
609123
609124
609125
609126
609127
609128
609129
609130
609131
609132
609133
609134
609135
609136
609137
609138
609139
609140
609141
609142
609143
609144
609145
609146
609147
609148
609149
609150
609151
609152
609153
609154
609155
609156
609157
609158
609159
609160
609161
609162
609163
609164
609165
609166
609167
609168
609169
609170
609171
609172
609173
609174
609175
609176
609177
609178
609179
609180
609181
609182
609183
609184
609185
609186
609187
609188
609189
609190
609191
609192
609193
609194
609195
609196
609197
609198
609199
609200
609201
609202
609203
609204
609205
609206
609207
609208
609209
609210
609211
609212
609213
609214
609215
609216
609217
609218
609219
609220
609221
609222
609223
609224
609225
609226
609227
609228
609229
609230
609231
609232
609233
609234
609235
609236
609237
609238
609239
609240
609241
609242
609243
609244
609245
609246
609247
609248
609249
609250
609251
609252
609253
609254
609255
609256
609257
609258
609259
609260
609261
609262
609263
609264
609265
609266
609267
609268
609269
609270
609271
609272
609273
609274
609275
609276
609277
609278
609279
609280
609281
609282
609283
609284
609285
609286
609287
609288
609289
609290
609291
609292
609293
609294
609295
609296
609297
609298
609299
609300
609301
609302
609303
609304
609305
609306
609307
609308
609309
609310
609311
609312
609313
609314
609315
609316
609317
609318
609319
609320
609321
609322
609323
609324
609325
609326
609327
609328
609329
609330
609331
609332
609333
609334
609335
609336
609337
609338
609339
609340
609341
609342
609343
609344
609345
609346
609347
609348
609349
609350
609351
609352
609353
609354
609355
609356
609357
609358
609359
609360
609361
609362
609363
609364
609365
609366
609367
609368
609369
609370
609371
609372
609373
609374
609375
609376
609377
609378
609379
609380
609381
609382
609383
609384
609385
609386
609387
609388
609389
609390
609391
609392
609393
609394
609395
609396
609397
609398
609399
609400
609401
609402
609403
609404
609405
609406
609407
609408
609409
609410
609411
609412
609413
609414
609415
609416
609417
609418
609419
609420
609421
609422
609423
609424
609425
609426
609427
609428
609429
609430
609431
609432
609433
609434
609435
609436
609437
609438
609439
609440
609441
609442
609443
609444
609445
609446
609447
609448
609449
609450
609451
609452
609453
609454
609455
609456
609457
609458
609459
609460
609461
609462
609463
609464
609465
609466
609467
609468
609469
609470
609471
609472
609473
609474
609475
609476
609477
609478
609479
609480
609481
609482
609483
609484
609485
609486
609487
609488
609489
609490
609491
609492
609493
609494
609495
609496
609497
609498
609499
609500
609501
609502
609503
609504
609505
609506
609507
609508
609509
609510
609511
609512
609513
609514
609515
609516
609517
609518
609519
609520
609521
609522
609523
609524
609525
609526
609527
609528
609529
609530
609531
609532
609533
609534
609535
609536
609537
609538
609539
609540
609541
609542
609543
609544
609545
609546
609547
609548
609549
609550
609551
609552
609553
609554
609555
609556
609557
609558
609559
609560
609561
609562
609563
609564
609565
609566
609567
609568
609569
609570
609571
609572
609573
609574
609575
609576
609577
609578
609579
609580
609581
609582
609583
609584
609585
609586
609587
609588
609589
609590
609591
609592
609593
609594
609595
609596
609597
609598
609599
609600
609601
609602
609603
609604
609605
609606
609607
609608
609609
609610
609611
609612
609613
609614
609615
609616
609617
609618
609619
609620
609621
609622
609623
609624
609625
609626
609627
609628
609629
609630
609631
609632
609633
609634
609635
609636
609637
609638
609639
609640
609641
609642
609643
609644
609645
609646
609647
609648
609649
609650
609651
609652
609653
609654
609655
609656
609657
609658
609659
609660
609661
609662
609663
609664
609665
609666
609667
609668
609669
609670
609671
609672
609673
609674
609675
609676
609677
609678
609679
609680
609681
609682
609683
609684
609685
609686
609687
609688
609689
609690
609691
609692
609693
609694
609695
609696
609697
609698
609699
609700
609701
609702
609703
609704
609705
609706
609707
609708
609709
609710
609711
609712
609713
609714
609715
609716
609717
609718
609719
609720
609721
609722
609723
609724
609725
609726
609727
609728
609729
609730
609731
609732
609733
609734
609735
609736
609737
609738
609739
609740
609741
609742
609743
609744
609745
609746
609747
609748
609749
609750
609751
609752
609753
609754
609755
609756
609757
609758
609759
609760
609761
609762
609763
609764
609765
609766
609767
609768
609769
609770
609771
609772
609773
609774
609775
609776
609777
609778
609779
609780
609781
609782
609783
609784
609785
609786
609787
609788
609789
609790
609791
609792
609793
609794
609795
609796
609797
609798
609799
609800
609801
609802
609803
609804
609805
609806
609807
609808
609809
609810
609811
609812
609813
609814
609815
609816
609817
609818
609819
609820
609821
609822
609823
609824
609825
609826
609827
609828
609829
609830
609831
609832
609833
609834
609835
609836
609837
609838
609839
609840
609841
609842
609843
609844
609845
609846
609847
609848
609849
609850
609851
609852
609853
609854
609855
609856
609857
609858
609859
609860
609861
609862
609863
609864
609865
609866
609867
609868
609869
609870
609871
609872
609873
609874
609875
609876
609877
609878
609879
609880
609881
609882
609883
609884
609885
609886
609887
609888
609889
609890
609891
609892
609893
609894
609895
609896
609897
609898
609899
609900
609901
609902
609903
609904
609905
609906
609907
609908
609909
609910
609911
609912
609913
609914
609915
609916
609917
609918
609919
609920
609921
609922
609923
609924
609925
609926
609927
609928
609929
609930
609931
609932
609933
609934
609935
609936
609937
609938
609939
609940
609941
609942
609943
609944
609945
609946
609947
609948
609949
609950
609951
609952
609953
609954
609955
609956
609957
609958
609959
609960
609961
609962
609963
609964
609965
609966
609967
609968
609969
609970
609971
609972
609973
609974
609975
609976
609977
609978
609979
609980
609981
609982
609983
609984
609985
609986
609987
609988
609989
609990
609991
609992
609993
609994
609995
609996
609997
609998
609999
610000
610001
610002
610003
610004
610005
610006
610007
610008
610009
610010
610011
610012
610013
610014
610015
610016
610017
610018
610019
610020
610021
610022
610023
610024
610025
610026
610027
610028
610029
610030
610031
610032
610033
610034
610035
610036
610037
610038
610039
610040
610041
610042
610043
610044
610045
610046
610047
610048
610049
610050
610051
610052
610053
610054
610055
610056
610057
610058
610059
610060
610061
610062
610063
610064
610065
610066
610067
610068
610069
610070
610071
610072
610073
610074
610075
610076
610077
610078
610079
610080
610081
610082
610083
610084
610085
610086
610087
610088
610089
610090
610091
610092
610093
610094
610095
610096
610097
610098
610099
610100
610101
610102
610103
610104
610105
610106
610107
610108
610109
610110
610111
610112
610113
610114
610115
610116
610117
610118
610119
610120
610121
610122
610123
610124
610125
610126
610127
610128
610129
610130
610131
610132
610133
610134
610135
610136
610137
610138
610139
610140
610141
610142
610143
610144
610145
610146
610147
610148
610149
610150
610151
610152
610153
610154
610155
610156
610157
610158
610159
610160
610161
610162
610163
610164
610165
610166
610167
610168
610169
610170
610171
610172
610173
610174
610175
610176
610177
610178
610179
610180
610181
610182
610183
610184
610185
610186
610187
610188
610189
610190
610191
610192
610193
610194
610195
610196
610197
610198
610199
610200
610201
610202
610203
610204
610205
610206
610207
610208
610209
610210
610211
610212
610213
610214
610215
610216
610217
610218
610219
610220
610221
610222
610223
610224
610225
610226
610227
610228
610229
610230
610231
610232
610233
610234
610235
610236
610237
610238
610239
610240
610241
610242
610243
610244
610245
610246
610247
610248
610249
610250
610251
610252
610253
610254
610255
610256
610257
610258
610259
610260
610261
610262
610263
610264
610265
610266
610267
610268
610269
610270
610271
610272
610273
610274
610275
610276
610277
610278
610279
610280
610281
610282
610283
610284
610285
610286
610287
610288
610289
610290
610291
610292
610293
610294
610295
610296
610297
610298
610299
610300
610301
610302
610303
610304
610305
610306
610307
610308
610309
610310
610311
610312
610313
610314
610315
610316
610317
610318
610319
610320
610321
610322
610323
610324
610325
610326
610327
610328
610329
610330
610331
610332
610333
610334
610335
610336
610337
610338
610339
610340
610341
610342
610343
610344
610345
610346
610347
610348
610349
610350
610351
610352
610354
610355
610356
610357
610358
610359
610360
610361
610362
610363
610364
610365
610366
610367
610368
610369
610370
610371
610372
610373
610374
610375
610376
610377
610378
610379
610380
610381
610382
610383
610384
610385
610386
610387
610388
610389
610390
610391
610392
610393
610394
610395
610396
610397
610398
610399
610400
610401
610402
610403
610404
610405
610406
610407
610408
610409
610410
610411
610412
610413
610414
610415
610416
610417
610418
610419
610420
610421
610422
610423
610424
610425
610426
610427
610428
610429
610430
610431
610432
610433
610434
610435
610436
610437
610438
610439
610440
610441
610442
610443
610444
610445
610446
610447
610448
610449
610450
610451
610452
610453
610454
610455
610456
610457
610458
610459
610460
610461
610462
610463
610464
610465
610466
610467
610468
610469
610470
610471
610472
610473
610474
610475
610476
610477
610478
610479
610480
610481
610482
610483
610484
610485
610486
610487
610488
610489
610490
610491
610492
610493
610494
610495
610496
610497
610498
610499
610500
610501
610502
610503
610504
610505
610506
610507
610508
610509
610510
610511
610512
610513
610514
610515
610516
610517
610518
610519
610520
610521
610522
610523
610524
610525
610526
610527
610528
610529
610530
610531
610532
610533
610534
610535
610536
610537
610538
610539
610540
610541
610542
610543
610544
610545
610546
610547
610548
610549
610550
610551
610552
610553
610554
610555
610556
610557
610558
610559
610560
610561
610562
610563
610564
610565
610566
610567
610568
610569
610570
610571
610572
610573
610574
610575
610576
610577
610578
610579
610580
610581
610582
610583
610584
610585
610586
610587
610588
610589
610590
610591
610592
610593
610594
610595
610596
610597
610598
610599
610600
610601
610602
610603
610604
610605
610606
610607
610608
610609
610610
610611
610612
610613
610614
610615
610616
610617
610618
610619
610620
610621
610622
610623
610624
610625
610626
610627
610628
610629
610630
610631
610632
610633
610634
610635
610636
610637
610638
610639
610640
610641
610642
610643
610644
610645
610646
610647
610648
610649
610650
610651
610652
610653
610654
610655
610656
610657
610658
610659
610660
610661
610662
610663
610664
610665
610666
610667
610668
610669
610670
610671
610672
610673
610674
610675
610676
610677
610678
610679
610680
610681
610682
610683
610684
610685
610686
610687
610688
610689
610690
610691
610692
610693
610694
610695
610696
610697
610698
610699
610700
610701
610702
610703
610704
610705
610706
610707
610708
610709
610710
610711
610712
610713
610714
610715
610716
610717
610718
610719
610720
610721
610722
610723
610724
610725
610726
610727
610728
610729
610730
610731
610732
610733
610734
610735
610736
610737
610738
610739
610740
610741
610742
610743
610744
610745
610746
610747
610748
610749
610750
610751
610752
610753
610754
610755
610756
610757
610758
610759
610760
610761
610762
610763
610764
610765
610766
610767
610768
610769
610770
610771
610772
610773
610774
610775
610776
610777
610778
610779
610780
610781
610782
610783
610784
610785
610786
610787
610788
610789
610790
610791
610792
610793
610794
610795
610796
610797
610798
610799
610800
610801
610802
610803
610804
610805
610806
610807
610808
610809
610810
610811
610812
610813
610814
610815
610816
610817
610818
610819
610820
610821
610822
610823
610824
610825
610826
610827
610828
610829
610830
610831
610832
610833
610834
610835
610836
610837
610838
610839
610840
610841
610842
610843
610844
610845
610846
610847
610848
610849
610850
610851
610852
610853
610854
610855
610856
610857
610858
610859
610860
610861
610862
610863
610864
610865
610866
610867
610868
610869
610870
610871
610872
610873
610874
610875
610876
610877
610878
610879
610880
610881
610882
610883
610884
610885
610886
610887
610888
610889
610890
610891
610892
610893
610894
610895
610896
610897
610898
610899
610900
610901
610902
610903
610904
610905
610906
610907
610908
610909
610910
610911
610912
610913
610914
610915
610916
610917
610918
610919
610920
610921
610922
610923
610924
610925
610926
610927
610928
610929
610930
610931
610932
610933
610934
610935
610936
610937
610938
610939
610940
610941
610942
610943
610944
610945
610946
610947
610948
610949
610950
610951
610952
610953
610954
610955
610956
610957
610958
610959
610960
610961
610962
610963
610964
610965
610966
610967
610968
610969
610970
610971
610972
610973
610974
610975
610976
610977
610978
610979
610980
610981
610982
610983
610984
610985
610986
610987
610988
610989
610990
610991
610992
610993
610994
610995
610996
610997
610998
610999
611000
611001
611002
611003
611004
611005
611006
611007
611008
611009
611010
611011
611012
611013
611014
611015
611016
611017
611018
611019
611020
611021
611022
611023
611024
611025
611026
611027
611028
611029
611030
611031
611032
611033
611034
611035
611036
611037
611038
611039
611040
611041
611042
611043
611044
611045
611046
611047
611048
611049
611050
611051
611052
611053
611054
611055
611056
611057
611058
611059
611060
611061
611062
611063
611064
611065
611066
611067
611068
611069
611070
611071
611072
611073
611074
611075
611076
611077
611078
611079
611080
611081
611082
611083
611084
611085
611086
611087
611088
611089
611090
611091
611092
611093
611094
611095
611096
611097
611098
611099
611100
611101
611102
611103
611104
611105
611106
611107
611108
611109
611110
611111
611112
611113
611114
611115
611116
611117
611118
611119
611120
611121
611122
611123
611124
611125
611126
611127
611128
611129
611130
611131
611132
611133
611134
611135
611136
611137
611138
611139
611140
611141
611142
611143
611144
611145
611146
611147
611148
611149
611150
611151
611152
611153
611154
611155
611156
611157
611158
611159
611160
611161
611162
611163
611164
611165
611166
611167
611168
611169
611170
611171
611172
611173
611174
611175
611176
611177
611178
611179
611180
611181
611182
611183
611184
611185
611186
611187
611188
611189
611190
611191
611192
611193
611194
611195
611196
611197
611198
611199
611200
611201
611202
611203
611204
611205
611206
611207
611208
611209
611210
611211
611212
611213
611214
611215
611216
611217
611218
611219
611220
611221
611222
611223
611224
611225
611226
611227
611228
611229
611230
611231
611232
611233
611234
611235
611236
611237
611238
611239
611240
611241
611242
611243
611244
611245
611246
611247
611248
611249
611250
611251
611252
611253
611254
611255
611256
611257
611258
611259
611260
611261
611262
611263
611264
611265
611266
611267
611268
611269
611270
611271
611272
611273
611274
611275
611276
611277
611278
611279
611280
611281
611282
611283
611284
611285
611286
611287
611288
611289
611290
611291
611292
611293
611294
611295
611296
611297
611298
611299
611300
611301
611302
611303
611304
611305
611306
611307
611308
611309
611310
611311
611312
611313
611314
611315
611316
611317
611318
611319
611320
611321
611322
611323
611324
611325
611326
611327
611328
611329
611330
611331
611332
611333
611334
611335
611336
611337
611338
611339
611340
611341
611342
611343
611344
611345
611346
611347
611348
611349
611350
611351
611352
611353
611354
611355
611356
611357
611358
611359
611360
611361
611362
611363
611364
611365
611366
611367
611368
611369
611370
611371
611372
611373
611374
611375
611376
611377
611378
611379
611380
611381
611382
611383
611384
611385
611386
611387
611388
611389
611390
611391
611392
611393
611394
611395
611396
611397
611398
611399
611400
611401
611402
611403
611404
611405
611406
611407
611408
611409
611410
611411
611412
611413
611414
611415
611416
611417
611418
611419
611420
611421
611422
611423
611424
611425
611426
611427
611428
611429
611430
611431
611432
611433
611434
611435
611436
611437
611438
611439
611440
611441
611442
611443
611444
611445
611446
611447
611448
611449
611450
611451
611452
611453
611454
611455
611456
611457
611458
611459
611460
611461
611462
611463
611464
611465
611466
611467
611468
611469
611470
611471
611472
611473
611474
611475
611476
611477
611478
611479
611480
611481
611482
611483
611484
611485
611486
611487
611488
611489
611490
611491
611492
611493
611494
611495
611496
611497
611498
611499
611500
611501
611502
611503
611504
611505
611506
611507
611508
611509
611510
611511
611512
611513
611514
611515
611516
611517
611518
611519
611520
611521
611522
611523
611524
611525
611526
611527
611528
611529
611530
611531
611532
611533
611534
611535
611536
611537
611538
611539
611540
611541
611542
611543
611544
611545
611546
611547
611548
611549
611550
611551
611552
611553
611554
611555
611556
611557
611558
611559
611560
611561
611562
611563
611564
611565
611566
611567
611568
611569
611570
611571
611572
611573
611574
611575
611576
611577
611578
611579
611580
611581
611582
611583
611584
611585
611586
611587
611588
611589
611590
611591
611592
611593
611594
611595
611596
611597
611598
611599
611600
611601
611602
611603
611604
611605
611606
611607
611608
611609
611610
611611
611612
611613
611614
611615
611616
611617
611618
611619
611620
611621
611622
611623
611624
611625
611626
611627
611628
611629
611630
611631
611632
611633
611634
611635
611636
611637
611638
611639
611640
611641
611642
611643
611644
611645
611646
611647
611648
611649
611650
611651
611652
611653
611654
611655
611656
611657
611658
611659
611660
611661
611662
611663
611664
611665
611666
611667
611668
611669
611670
611671
611672
611673
611674
611675
611676
611677
611678
611679
611680
611681
611682
611683
611684
611685
611686
611687
611688
611689
611690
611691
611692
611693
611694
611695
611696
611697
611698
611699
611700
611701
611702
611703
611704
611705
611706
611707
611708
611709
611710
611711
611712
611713
611714
611715
611716
611717
611718
611719
611720
611721
611722
611723
611724
611725
611726
611727
611728
611729
611730
611731
611732
611733
611734
611735
611736
611737
611738
611739
611740
611741
611742
611743
611744
611745
611746
611747
611748
611749
611750
611751
611752
611753
611754
611755
611756
611757
611758
611759
611760
611761
611762
611763
611764
611765
611766
611767
611768
611769
611770
611771
611772
611773
611774
611775
611776
611777
611778
611779
611780
611781
611782
611783
611784
611785
611786
611787
611788
611789
611790
611791
611792
611793
611794
611795
611796
611797
611798
611799
611800
611801
611802
611803
611804
611805
611806
611807
611808
611809
611810
611811
611812
611813
611814
611815
611816
611817
611818
611819
611820
611821
611822
611823
611824
611825
611826
611827
611828
611829
611830
611831
611832
611833
611834
611835
611836
611837
611838
611839
611840
611841
611842
611843
611844
611845
611846
611847
611848
611849
611850
611851
611852
611853
611854
611855
611856
611857
611858
611859
611860
611861
611862
611863
611864
611865
611866
611867
611868
611869
611870
611871
611872
611873
611874
611875
611876
611877
611878
611879
611880
611881
611882
611883
611884
611885
611886
611887
611888
611889
611890
611891
611892
611893
611894
611895
611896
611897
611898
611899
611900
611901
611902
611903
611904
611905
611906
611907
611908
611909
611910
611911
611912
611913
611914
611915
611916
611917
611918
611919
611920
611921
611922
611923
611924
611925
611926
611927
611928
611929
611930
611931
611932
611933
611934
611935
611936
611937
611938
611939
611940
611941
611942
611943
611944
611945
611946
611947
611948
611949
611950
611951
611952
611953
611954
611955
611956
611957
611958
611959
611960
611961
611962
611963
611964
611965
611966
611967
611968
611969
611970
611971
611972
611973
611974
611975
611976
611977
611978
611979
611980
611981
611982
611983
611984
611985
611986
611987
611988
611989
611990
611991
611992
611993
611994
611995
611996
611997
611998
611999
612000
612001
612002
612003
612004
612005
612006
612007
612008
612009
612010
612011
612012
612013
612014
612015
612016
612017
612018
612019
612020
612021
612022
612023
612024
612025
612026
612027
612028
612029
612030
612031
612032
612033
612034
612035
612036
612037
612038
612039
612040
612041
612042
612043
612044
612045
612046
612047
612048
612049
612050
612051
612052
612053
612054
612055
612056
612057
612058
612059
612060
612061
612062
612063
612064
612065
612066
612067
612068
612069
612070
612071
612072
612073
612074
612075
612076
612077
612078
612079
612080
612081
612082
612083
612084
612085
612086
612087
612088
612089
612090
612091
612092
612093
612094
612095
612096
612097
612098
612099
