622466
622467
622468
622469
622470
622471
622472
622473
622474
622475
622476
622477
622478
622479
622480
622481
622482
622483
622484
622485
622486
622487
622488
622489
622490
622491
622492
622493
622494
622495
622496
622497
622498
622499
622500
622501
622502
622503
622504
622505
622506
622507
622508
622509
622510
622511
622512
622513
622514
622515
622516
622517
622518
622519
622520
622521
622522
622523
622524
622525
622526
622527
622528
622529
622530
622531
622532
622533
622534
622535
622536
622537
622538
622539
622540
622541
622542
622543
622544
622545
622546
622547
622548
622549
622550
622551
622552
622553
622554
622555
622556
622557
622558
622559
622560
622561
622562
622563
622564
622565
622566
622567
622568
622569
622570
622571
622572
622573
622574
622575
622576
622577
622578
622579
622580
622581
622582
622583
622584
622585
622586
622587
622588
622589
622590
622591
622592
622593
622594
622595
622596
622597
622598
622599
622600
622601
622602
622603
622604
622605
622606
622607
622608
622609
622610
622611
622612
622613
622614
622615
622616
622617
622618
622619
622620
622621
622622
622623
622624
622625
622626
622627
622628
622629
622630
622631
622632
622633
622634
622635
622636
622637
622638
622639
622640
622641
622642
622643
622644
622645
622646
622647
622648
622649
622650
622651
622652
622653
622654
622655
622656
622657
622658
622659
622660
622661
622662
622663
622664
622665
622666
622667
622668
622669
622670
622671
622672
622673
622674
622675
622676
622677
622678
622679
622680
622681
622682
622683
622684
622685
622686
622687
622688
622689
622690
622691
622692
622693
622694
622695
622696
622697
622698
622699
622700
622701
622702
622703
622704
622705
622706
622707
622708
622709
622710
622711
622712
622713
622714
622715
622716
622717
622718
622719
622720
622721
622722
622723
622724
622725
622726
622727
622728
622729
622730
622731
622732
622733
622734
622735
622736
622737
622738
622739
622740
622741
622742
622743
622744
622745
622746
622747
622748
622749
622750
622751
622752
622753
622754
622755
622756
622757
622758
622759
622760
622761
622762
622763
622764
622765
622766
622767
622768
622769
622770
622771
622772
622773
622774
622775
622776
622777
622778
622779
622780
622781
622782
622783
622784
622785
622786
622787
622788
622789
622790
622791
622792
622793
622794
622795
622796
622797
622798
622799
622800
622801
622802
622803
622804
622805
622806
622807
622808
622809
622810
622811
622812
622813
622814
622815
622816
622817
622818
622819
622820
622821
622822
622823
622824
622825
622826
622827
622828
622829
622830
622831
622832
622833
622834
622835
622836
622837
622838
622839
622840
622841
622842
622843
622844
622845
622846
622847
622848
622849
622850
622851
622852
622853
622854
622855
622856
622857
622858
622859
622860
622861
622862
622863
622864
622865
622866
622867
622868
622869
622870
622871
622872
622873
622874
622875
622876
622877
622878
622879
622880
622881
622882
622883
622884
622885
622886
622887
622888
622889
622890
622891
622892
622893
622894
622895
622896
622897
622898
622899
622900
622901
622902
622903
622904
622905
622906
622907
622908
622909
622910
622911
622912
622913
622914
622915
622916
622917
622918
622919
622920
622921
622922
622923
622924
622925
622926
622927
622928
622929
622930
622931
622932
622933
622934
622935
622936
622937
622938
622939
622940
622941
622942
622943
622944
622945
622946
622947
622948
622949
622950
622951
622952
622953
622954
622955
622956
622957
622958
622959
622960
622961
622962
622963
622964
622965
622966
622967
622968
622969
622970
622971
622972
622973
622974
622975
622976
622977
622978
622979
622980
622981
622982
622983
622984
622985
622986
622987
622988
622989
622990
622991
622992
622993
622994
622995
622996
622997
622998
622999
623000
623001
623002
623003
623004
623005
623006
623007
623008
623009
623010
623011
623012
623013
623014
623015
623016
623017
623018
623019
623020
623021
623022
623023
623024
623025
623026
623027
623028
623029
623030
623031
623032
623033
623034
623035
623036
623037
623038
623039
623040
623041
623042
623043
623044
623045
623046
623047
623048
623049
623050
623051
623052
623053
623054
623055
623056
623057
623058
623059
623060
623061
623062
623063
623064
623065
623066
623067
623068
623069
623070
623071
623072
623073
623074
623075
623076
623077
623078
623079
623080
623081
623082
623083
623084
623085
623086
623087
623088
623089
623090
623091
623092
623093
623094
623095
623096
623097
623098
623099
623100
623101
623102
623103
623104
623105
623106
623107
623108
623109
623110
623111
623112
623113
623114
623115
623116
623117
623118
623119
623120
623121
623122
623123
623124
623125
623126
623127
623128
623129
623130
623131
623132
623133
623134
623135
623136
623137
623138
623139
623140
623141
623142
623143
623144
623145
623146
623147
623148
623149
623150
623151
623152
623153
623154
623155
623156
623157
623158
623159
623160
623161
623162
623163
623164
623165
623166
623167
623168
623169
623170
623171
623172
623173
623174
623175
623176
623177
623178
623179
623180
623181
623182
623183
623184
623185
623186
623187
623188
623189
623190
623191
623192
623193
623194
623195
623196
623197
623198
623199
623200
623201
623202
623203
623204
623205
623206
623207
623208
623209
623210
623211
623212
623213
623214
623215
623216
623217
623218
623219
623220
623221
623222
623223
623224
623225
623226
623227
623228
623229
623230
623231
623232
623233
623234
623235
623236
623237
623238
623239
623240
623241
623242
623243
623244
623245
623246
623247
623248
623249
623250
623251
623252
623253
623254
623255
623256
623257
623258
623259
623260
623261
623262
623263
623264
623265
623266
623267
623268
623269
623270
623271
623272
623273
623274
623275
623276
623277
623278
623279
623280
623281
623282
623283
623284
623285
623286
623287
623288
623289
623290
623291
623292
623293
623294
623295
623296
623297
623298
623299
623300
623301
623302
623303
623304
623305
623306
623307
623308
623309
623310
623311
623312
623313
623314
623315
623316
623317
623318
623319
623320
623321
623322
623323
623324
623325
623326
623327
623328
623329
623330
623331
623332
623333
623334
623335
623336
623337
623338
623339
623340
623341
623342
623343
623344
623345
623346
623347
623348
623349
623350
623351
623352
623353
623354
623355
623356
623357
623358
623359
623360
623361
623362
623363
623364
623365
623366
623367
623368
623369
623370
623371
623372
623373
623374
623375
623376
623377
623378
623379
623380
623381
623382
623383
623384
623385
623386
623387
623388
623389
623390
623391
623392
623393
623394
623395
623396
623397
623398
623399
623400
623401
623402
623403
623404
623405
623406
623407
623408
623409
623410
623411
623412
623413
623414
623415
623416
623417
623418
623419
623420
623421
623422
623423
623424
623425
623426
623427
623428
623429
623430
623431
623432
623433
623434
623435
623436
623437
623438
623439
623440
623441
623442
623443
623444
623445
623446
623447
623448
623449
623450
623451
623452
623453
623454
623455
623456
623457
623458
623459
623460
623461
623462
623463
623464
623465
623466
623467
623468
623469
623470
623471
623472
623473
623474
623475
623476
623477
623478
623479
623480
623481
623482
623483
623484
623485
623486
623487
623488
623489
623490
623491
623492
623493
623494
623495
623496
623497
623498
623499
623500
623501
623502
623503
623504
623505
623506
623507
623508
623509
623510
623511
623512
623513
623514
623515
623516
623517
623518
623519
623520
623521
623522
623523
623524
623525
623526
623527
623528
623529
623530
623531
623532
623533
623534
623535
623536
623537
623538
623539
623540
623541
623542
623543
623544
623545
623546
623547
623548
623549
623550
623551
623552
623553
623554
623555
623556
623557
623558
623559
623560
623561
623562
623563
623564
623565
623566
623567
623568
623569
623570
623571
623572
623573
623574
623575
623576
623577
623578
623579
623580
623581
623582
623583
623584
623585
623586
623587
623588
623589
623590
623591
623592
623593
623594
623595
623596
623597
623598
623599
623600
623601
623602
623603
623604
623605
623606
623607
623608
623609
623610
623611
623612
623613
623614
623615
623616
623617
623618
623619
623620
623621
623622
623623
623624
623625
623626
623627
623628
623629
623630
623631
623632
623633
623634
623635
623636
623637
623638
623639
623640
623641
623642
623643
623644
623645
623646
623647
623648
623649
623650
623651
623652
623653
623654
623655
623656
623657
623658
623659
623660
623661
623662
623663
623664
623665
623666
623667
623668
623669
623670
623671
623672
623673
623674
623675
623676
623677
623678
623679
623680
623681
623682
623683
623684
623685
623686
623687
623688
623689
623690
623691
623692
623693
623694
623695
623696
623697
623698
623699
623700
623701
623702
623703
623704
623705
623706
623707
623708
623709
623710
623711
623712
623713
623714
623715
623716
623717
623718
623719
623720
623721
623722
623723
623724
623725
623726
623727
623728
623729
623730
623731
623732
623733
623734
623735
623736
623737
623738
623739
623740
623741
623742
623743
623744
623745
623746
623747
623748
623749
623750
623751
623752
623753
623754
623755
623756
623757
623758
623759
623760
623761
623762
623763
623764
623765
623766
623767
623768
623769
623770
623771
623772
623773
623774
623775
623776
623777
623778
623779
623780
623781
623782
623783
623784
623785
623786
623787
623788
623789
623790
623791
623792
623793
623794
623795
623796
623797
623798
623799
623800
623801
623802
623803
623804
623805
623806
623807
623808
623809
623810
623811
623812
623813
623814
623815
623816
623817
623818
623819
623820
623821
623822
623823
623824
623825
623826
623827
623828
623829
623830
623831
623832
623833
623834
623835
623836
623837
623838
623839
623840
623841
623842
623843
623844
623845
623846
623847
623848
623849
623850
623851
623852
623853
623854
623855
623856
623857
623858
623859
623860
623861
623862
623863
623864
623865
623866
623867
623868
623869
623870
623871
623872
623873
623874
623875
623876
623877
623878
623879
623880
623881
623882
623883
623884
623885
623886
623887
623888
623889
623890
623891
623892
623893
623894
623895
623896
623897
623898
623899
623900
623901
623902
623903
623904
623905
623906
623907
623908
623909
623910
623911
623912
623913
623914
623915
623916
623917
623918
623919
623920
623921
623922
623923
623924
623925
623926
623927
623928
623929
623930
623931
623932
623933
623934
623935
623936
623937
623938
623939
623940
623941
623942
623943
623944
623945
623946
623947
623948
623949
623950
623951
623952
623953
623954
623955
623956
623957
623958
623959
623960
623961
623962
623963
623964
623965
623966
623967
623968
623969
623970
623971
623972
623973
623974
623975
623976
623977
623978
623979
623980
623981
623982
623983
623984
623985
623986
623987
623988
623989
623990
623991
623992
623993
623994
623995
623996
623997
623998
623999
624000
624001
624002
624003
624004
624005
624006
624007
624008
624009
624010
624011
624012
624013
624014
624015
624016
624017
624018
624019
624020
624021
624022
624023
624024
624025
624026
624027
624028
624029
624030
624031
624032
624033
624034
624035
624036
624037
624038
624039
624040
624041
624042
624043
624044
624045
624046
624047
624048
624049
624050
624051
624052
624053
624054
624055
624056
624057
624058
624059
624060
624061
624062
624063
624064
624065
624066
624067
624068
624069
624070
624071
624072
624073
624074
624075
624076
624077
624078
624079
624080
624081
624082
624083
624084
624085
624086
624087
624088
624089
624090
624091
624092
624093
624094
624095
624096
624097
624098
624099
624100
624101
624102
624103
624104
624105
624106
624107
624108
624109
624110
624111
624112
624113
624114
624115
624116
624117
624118
624119
624120
624121
624122
624123
624124
624125
624126
624127
624128
624129
624130
624131
624132
624133
624134
624135
624136
624137
624138
624139
624140
624141
624142
624143
624144
624145
624146
624147
624148
624149
624150
624151
624152
624153
624154
624155
624156
624157
624158
624159
624160
624161
624162
624163
624164
624165
624166
624167
624168
624169
624170
624171
624172
624173
624174
624175
624176
624177
624178
624179
624180
624181
624182
624183
624184
624185
624186
624187
624188
624189
624190
624191
624192
624193
624194
624195
624196
624197
624198
624199
624200
624201
624202
624203
624204
624205
624206
624207
624208
624209
624210
624211
624212
624213
624214
624215
624216
624217
624218
624219
624220
624221
624222
624223
624224
624225
624226
624227
624228
624229
624230
624231
624232
624233
624234
624235
624236
624237
624238
624239
624240
624241
624242
624243
624244
624245
624246
624247
624248
624249
624250
624251
624252
624253
624254
624255
624256
624257
624258
624259
624260
624261
624262
624263
624264
624265
624266
624267
624268
624269
624270
624271
624272
624273
624274
624275
624276
624277
624278
624279
624280
624281
624282
624283
624284
624285
624286
624287
624288
624289
624290
624291
624292
624293
624294
624295
624296
624297
624298
624299
624300
624301
624302
624303
624304
624305
624306
624307
624308
624309
624310
624311
624312
624313
624314
624315
624316
624317
624318
624319
624320
624321
624322
624323
624324
624325
624326
624327
624328
624329
624330
624331
624332
624333
624334
624335
624336
624337
624338
624339
624340
624341
624342
624343
624344
624345
624346
624347
624348
624349
624350
624351
624352
624353
624354
624355
624356
624357
624358
624359
624360
624361
624362
624363
624364
624365
624366
624367
624368
624369
624370
624371
624372
624373
624374
624375
624376
624377
624378
624379
624380
624381
624382
624383
624384
624385
624386
624387
624388
624389
624390
624391
624392
624393
624394
624395
624396
624397
624398
624399
624400
624401
624402
624403
624404
624405
624406
624407
624408
624409
624410
624411
624412
624413
624414
624415
624416
624417
624418
624419
624420
624422
624423
624424
624425
624426
624427
624428
624429
624430
624431
624432
624433
624434
624435
624436
624437
624438
624439
624440
624441
624442
624443
624444
624445
624446
624447
624448
624449
624450
624451
624452
624453
624454
624455
624456
624457
624458
624459
624460
624461
624462
624463
624464
624465
624466
624467
624468
624469
624470
624471
624472
624473
624474
624475
624476
624477
624478
624479
624480
624481
624482
624483
624484
624485
624486
624487
624488
624489
624490
624491
624492
624493
624494
624495
624496
624497
624498
624499
624500
624501
624502
624503
624504
624505
624506
624507
624508
624509
624510
624511
624512
624513
624514
624515
624516
624517
624518
624519
624520
624521
624522
624523
624524
624525
624526
624527
624528
624529
624530
624531
624532
624533
624534
624535
624536
624537
624538
624539
624540
624541
624542
624543
624544
624545
624546
624547
624548
624549
624550
624551
624552
624553
624554
624555
624556
624557
624558
624559
624560
624561
624562
624563
624564
624565
624566
624567
624568
624569
624570
624571
624572
624573
624574
624575
624576
624577
624578
624579
624580
624581
624582
624583
624584
624585
624586
624587
624588
624589
624590
624591
624592
624593
624594
624595
624596
624597
624598
624599
624600
624601
624602
624603
624604
624605
624606
624607
624608
624609
624610
624611
624612
624613
624614
624615
624616
624617
624618
624619
624620
624621
624622
624623
624624
624625
624626
624627
624628
624629
624630
624631
624632
624633
624634
624635
624636
624637
624638
624639
624640
624641
624642
624643
624644
624646
624647
624648
624649
624650
624651
624652
624653
624654
624655
624656
624657
624658
624659
624660
624661
624662
624663
624664
624665
624666
624667
624668
624669
624670
624671
624672
624673
624674
624675
624676
624677
624678
624679
624680
624681
624682
624683
624684
624685
624686
624687
624688
624689
624690
624691
624692
624693
624694
624695
624696
624697
624698
624699
624700
624701
624702
624703
624704
624705
624706
624707
624708
624709
624710
624711
624712
624713
624714
624715
624716
624717
624718
624719
624720
624721
624722
624723
624724
624725
624726
624727
624728
624729
624730
624731
624732
624733
624734
624735
624736
624737
624738
624739
624740
624741
624742
624743
624744
624745
624746
624747
624748
624749
624750
624751
624752
624753
624754
624755
624756
624757
624758
624759
624760
624761
624762
624763
624764
624765
624766
624767
624768
624769
624770
624771
624772
624773
624774
624775
624776
624777
624778
624779
624780
624781
624782
624783
624784
624785
624786
624787
624788
624789
624790
624791
624792
624793
624794
624795
624796
624797
624798
624799
624800
624801
624802
624803
624804
624805
624806
624807
624808
624809
624810
624811
624812
624813
624814
624815
624816
624817
624818
624819
624820
624821
624822
624823
624824
624825
624826
624827
624828
624829
624830
624831
624832
624833
624834
624835
624836
624837
624838
624839
624840
624841
624842
624843
624844
624845
624846
624847
624848
624849
624850
624851
624852
624853
624854
624855
624856
624857
624858
624859
624860
624861
624862
624863
624864
624865
624866
624867
624868
624869
624870
624871
624872
624873
624874
624875
624876
624877
624878
624879
624880
624881
624882
624883
624884
624885
624886
624887
624888
624889
624890
624891
624892
624893
624894
624895
624896
624897
624898
624899
624900
624901
624902
624903
624904
624905
624906
624907
624908
624909
624910
624911
624912
624913
624914
624915
624916
624917
624918
624919
624920
624921
624922
624923
624924
624925
624926
624927
624928
624929
624930
624931
624932
624933
624934
624935
624936
624937
624938
624939
624940
624941
624942
624943
624944
624945
624946
624947
624948
624949
624950
624951
624952
624953
624954
624955
624956
624957
624958
624959
624960
624961
624962
624963
624964
624965
624966
624967
624968
624969
624970
624971
624972
624973
624974
624975
624976
624977
624978
624979
624980
624981
624982
624983
624984
624985
624986
624987
624988
624989
624990
624991
624992
624993
624994
624995
624996
624997
624998
624999
625000
625001
625002
625003
625004
625005
625006
625007
625008
625009
625010
625011
625012
625013
625014
625015
625016
625017
625018
625019
625020
625021
625022
625023
625024
625025
625026
625027
625028
625029
625030
625031
625032
625033
625034
625035
625036
625037
625038
625039
625040
625041
625042
625043
625044
625045
625046
625047
625048
625049
625050
625051
625052
625053
625054
625055
625056
625057
625058
625059
625060
625061
625062
625063
625064
625065
625066
625067
625068
625069
625070
625071
625072
625073
625074
625075
625076
625077
625078
625079
625080
625081
625082
625083
625084
625085
625086
625087
625088
625089
625090
625091
625092
625093
625094
625095
625096
625097
625098
625099
625100
625101
625102
625103
625104
625105
625106
625107
625108
625109
625110
625111
625112
625113
625114
625115
625116
625117
625118
625119
625120
625121
625122
625123
625124
625125
625126
625127
625128
625129
625130
625131
625132
625133
625134
625135
625136
625137
625138
625139
625140
625141
625142
625143
625144
625145
625146
625147
625148
625149
625150
625151
625152
625153
625154
625155
625156
625157
625158
625159
625160
625161
625162
625163
625164
625165
625166
625167
625168
625169
625170
625171
625172
625173
625174
625175
625176
625177
625178
625179
625180
625181
625182
625183
625184
625185
625186
625187
625188
625189
625190
625191
625192
625193
625194
625195
625196
625197
625198
625199
625200
625201
625202
625203
625204
625205
625206
625207
625208
625209
625210
625211
625212
625213
625214
625215
625216
625217
625218
625219
625220
625221
625222
625223
625224
625225
625226
625227
625228
625229
625230
625231
625232
625233
625234
625235
625236
625237
625238
625239
625240
625241
625242
625243
625244
625245
625246
625247
625248
625249
625250
625251
625252
625253
625254
625255
625256
625257
625258
625259
625260
625261
625262
625263
625264
625265
625266
625267
625268
625269
625270
625271
625272
625273
625274
625275
625276
625277
625278
625279
625280
625281
625282
625283
625284
625285
625286
625287
625288
625289
625290
625291
625292
625293
625294
625295
625296
625297
625298
625299
625300
625301
625302
625303
625304
625305
625306
625307
625308
625309
625310
625311
625312
625313
625314
625315
625316
625317
625318
625319
625320
625321
625322
625323
625324
625325
625326
625327
625328
625329
625330
625331
625332
625333
625334
625335
625336
625337
625338
625339
625340
625341
625342
625343
625344
625345
625346
625347
625348
625349
625350
625351
625352
625353
625354
625355
625356
625357
625358
625359
625360
625361
625362
625363
625364
625365
625366
625367
625368
625369
625370
625371
625372
625373
625374
625375
625376
625377
625378
625379
625380
625381
625382
