416649
416650
416651
416652
416653
416654
416655
416656
416657
416658
416659
416660
416661
416662
416663
416664
416665
416666
416667
416668
416669
416670
416671
416672
416673
416674
416675
416676
416677
416678
416679
416680
416681
416682
416683
416684
416685
416686
416687
416688
416689
416690
416691
416692
416693
416694
416695
416696
416697
416698
416699
416700
416701
416702
416703
416704
416705
416706
416707
416708
416709
416710
416711
416712
416713
416714
416715
416716
416717
416718
416719
416720
416721
416722
416723
416724
416725
416726
416727
416728
416729
416730
416731
416732
416733
416734
416735
416736
416737
416738
416739
416740
416741
416742
416743
416744
416745
416746
416747
416748
416749
416750
416751
416752
416753
416754
416755
416756
416757
416758
416759
416760
416761
416762
416763
416764
416765
416766
416767
416768
416769
416770
416771
416772
416773
416774
416775
416776
416777
416778
416779
416780
416781
416782
416783
416784
416785
416786
416787
416788
416789
416790
416791
416792
416793
416794
416795
416796
416797
416798
416799
416800
416801
416802
416803
416804
416805
416806
416807
416808
416809
416810
416811
416812
416813
416814
416815
416816
416817
416818
416819
416820
416821
416822
416823
416824
416825
416826
416827
416828
416829
416830
416831
416832
416833
416834
416835
416836
416837
416838
416839
416840
416841
416842
416843
416844
416845
416846
416847
416848
416849
416850
416851
416852
416853
416854
416855
416856
416857
416858
416859
416860
416861
416862
416863
416864
416865
416866
416867
416868
416869
416870
416871
416872
416873
416874
416875
416876
416877
416878
416879
416880
416881
416882
416883
416884
416885
416886
416887
416888
416889
416890
416891
416892
416893
416894
416895
416896
416897
416898
416899
416900
416901
416902
416903
416904
416905
416906
416907
416908
416909
416910
416911
416912
416913
416914
416915
416916
416917
416918
416919
416920
416921
416922
416923
416924
416925
416926
416927
416928
416929
416930
416931
416932
416933
416934
416935
416936
416937
416938
416939
416940
416941
416942
416943
416944
416945
416946
416947
416948
416949
416950
416951
416952
416953
416954
416955
416956
416957
416958
416959
416960
416961
416962
416963
416964
416965
416966
416967
416968
416969
416970
416971
416972
416973
416974
416975
416976
416977
416978
416979
416980
416981
416982
416983
416984
416985
416986
416987
416988
416989
416990
416991
416992
416993
416994
416995
416996
416997
416998
416999
417000
417001
417002
417003
417004
417005
417006
417007
417008
417009
417010
417011
417012
417013
417014
417015
417016
417017
417018
417019
417020
417021
417022
417023
417024
417025
417026
417027
417028
417029
417030
417031
417032
417033
417034
417035
417036
417037
417038
417039
417040
417041
417042
417043
417044
417045
417046
417047
417048
417049
417050
417051
417052
417053
417054
417055
417056
417057
417058
417059
417060
417061
417062
417063
417064
417065
417066
417067
417068
417069
417070
417071
417072
417073
417074
417075
417076
417077
417078
417079
417080
417081
417082
417083
417084
417085
417086
417087
417088
417089
417090
417091
417092
417093
417094
417095
417096
417097
417098
417099
417100
417101
417102
417103
417104
417105
417106
417107
417108
417109
417110
417111
417112
417113
417114
417115
417116
417117
417118
417119
417120
417121
417122
417123
417124
417125
417126
417127
417128
417129
417130
417131
417132
417133
417134
417135
417136
417137
417138
417139
417140
417141
417142
417143
417144
417145
417146
417147
417148
417149
417150
417151
417152
417153
417154
417155
417156
417157
417158
417159
417160
417161
417162
417163
417164
417165
417166
417167
417168
417169
417170
417171
417172
417173
417174
417175
417176
417177
417178
417179
417180
417181
417182
417183
417184
417185
417186
417187
417188
417189
417190
417191
417192
417193
417194
417195
417196
417197
417198
417199
417200
417201
417202
417203
417204
417205
417206
417207
417208
417209
417210
417211
417212
417213
417214
417215
417216
417217
417218
417219
417220
417221
417222
417223
417224
417225
417226
417227
417228
417229
417230
417231
417232
417233
417234
417235
417236
417237
417238
417239
417240
417241
417242
417243
417244
417245
417246
417247
417248
417249
417250
417251
417252
417253
417254
417255
417256
417257
417258
417259
417260
417261
417262
417263
417264
417265
417266
417267
417268
417269
417270
417271
417272
417273
417274
417275
417276
417277
417278
417279
417280
417281
417282
417283
417284
417285
417286
417287
417288
417289
417290
417291
417292
417293
417294
417295
417296
417297
417298
417299
417300
417301
417302
417303
417304
417305
417306
417307
417308
417309
417310
417311
417312
417313
417314
417315
417316
417317
417318
417319
417320
417321
417322
417323
417324
417325
417326
417327
417328
417329
417330
417331
417332
417333
417334
417335
417336
417337
417338
417339
417340
417341
417342
417343
417344
417345
417346
417347
417348
417349
417350
417351
417352
417353
417354
417355
417356
417357
417358
417359
417360
417361
417362
417363
417364
417365
417366
417367
417368
417369
417370
417371
417372
417373
417374
417375
417376
417377
417378
417379
417380
417381
417382
417383
417384
417385
417386
417387
417388
417389
417390
417391
417392
417393
417394
417395
417396
417397
417398
417399
417400
417401
417402
417403
417404
417405
417406
417407
417408
417409
417410
417411
417412
417413
417414
417415
417416
417417
417418
417419
417420
417421
417422
417423
417424
417425
417426
417427
417428
417429
417430
417431
417432
417433
417434
417435
417436
417437
417438
417439
417440
417441
417442
417443
417444
417445
417446
417447
417448
417449
417450
417451
417452
417453
417454
417455
417456
417457
417458
417459
417460
417461
417462
417463
417464
417465
417466
417467
417468
417469
417470
417471
417472
417473
417474
417475
417476
417477
417478
417479
417480
417481
417482
417483
417484
417485
417486
417487
417488
417489
417490
417491
417492
417493
417494
417495
417496
417497
417498
417499
417500
417501
417502
417503
417504
417505
417506
417507
417508
417509
417510
417511
417512
417513
417514
417515
417516
417517
417518
417519
417520
417521
417522
417523
417524
417525
417526
417527
417528
417529
417530
417531
417532
417533
417534
417535
417536
417537
417538
417539
417540
417541
417542
417543
417544
417545
417546
417547
417548
417549
417550
417551
417552
417553
417554
417555
417556
417557
417558
417559
417560
417561
417562
417563
417564
417565
417566
417567
417568
417569
417570
417571
417572
417573
417574
417575
417576
417577
417578
417579
417580
417581
417582
417583
417584
417585
417586
417587
417588
417589
417590
417591
417592
417593
417594
417595
417596
417597
417598
417599
417600
417601
417602
417603
417604
417605
417606
417607
417608
417609
417610
417611
417612
417613
417614
417615
417616
417617
417618
417619
417620
417621
417622
417623
417624
417625
417626
417627
417628
417629
417630
417631
417632
417633
417634
417635
417636
417637
417638
417639
417640
417641
417642
417643
417644
417645
417646
417647
417648
417649
417650
417651
417652
417653
417654
417655
417656
417657
417658
417659
417660
417661
417662
417663
417664
417665
417666
417667
417668
417669
417670
417671
417672
417673
417674
417675
417676
417677
417678
417679
417680
417681
417682
417683
417684
417685
417686
417687
417688
417689
417690
417691
417692
417693
417694
417695
417696
417697
417698
417699
417700
417701
417702
417703
417704
417705
417706
417707
417708
417709
417710
417711
417712
417713
417714
417715
417716
417717
417718
417719
417720
417721
417722
417723
417724
417725
417726
417727
417728
417729
417730
417731
417732
417733
417734
417735
417736
417737
417738
417739
417740
417741
417742
417743
417744
417745
417746
417747
417748
417749
417750
417751
417752
417753
417754
417755
417756
417757
417758
417759
417760
417761
417762
417763
417764
417765
417766
417767
417768
417769
417770
417771
417772
417773
417774
417775
417776
417777
417778
417779
417780
417781
417782
417783
417784
417785
417786
417787
417788
417789
417790
417791
417792
417793
417794
417795
417796
417797
417798
417799
417800
417801
417802
417803
417804
417805
417806
417807
417808
417809
417810
417811
417812
417813
417814
417815
417816
417817
417818
417819
417820
417821
417822
417823
417824
417825
417826
417827
417828
417829
417830
417831
417832
417833
417834
417835
417836
417837
417838
417839
417840
417841
417842
417843
417844
417845
417846
417847
417848
417849
417850
417851
417852
417853
417854
417855
417856
417857
417858
417859
417860
417861
417862
417863
417864
417865
417866
417867
417868
417869
417870
417871
417872
417873
417874
417875
417876
417877
417878
417879
417880
417881
417882
417883
417884
417885
417886
417887
417888
417889
417890
417891
417892
417893
417894
417895
417896
417897
417898
417899
417900
417901
417902
417903
417904
417905
417906
417907
417908
417909
417910
417911
417912
417913
417914
417915
417916
417917
417918
417919
417920
417921
417922
417923
417924
417925
417926
417927
417928
417929
417930
417931
417932
417933
417934
417935
417936
417937
417938
417939
417940
417941
417942
417943
417944
417945
417946
417947
417948
417949
417950
417951
417952
417953
417954
417955
417956
417957
417958
417959
417960
417961
417962
417963
417964
417965
417966
417967
417968
417969
417970
417971
417972
417973
417974
417975
417976
417977
417978
417979
417980
417981
417982
417983
417984
417985
417986
417987
417988
417989
417990
417991
417992
417993
417994
417995
417996
417997
417998
417999
418000
418001
418002
418003
418004
418005
418006
418007
418008
418009
418010
418011
418012
418013
418014
418015
418016
418017
418018
418019
418020
418021
418022
418023
418024
418025
418026
418027
418028
418029
418030
418031
418032
418033
418034
418035
418036
418037
418038
418039
418040
418041
418042
418043
418044
418045
418046
418047
418048
418049
418050
418051
418052
418053
418054
418055
418056
418057
418058
418059
418060
418061
418062
418063
418064
418065
418066
418067
418068
418069
418070
418071
418072
418073
418074
418075
418076
418077
418078
418079
418080
418081
418082
418083
418084
418085
418086
418087
418088
418089
418090
418091
418092
418093
418094
418095
418096
418097
418098
418099
418100
418101
418102
418103
418104
418105
418106
418107
418108
418109
418110
418111
418112
418113
418114
418115
418116
418117
418118
418119
418120
418121
418122
418123
418124
418125
418126
418127
418128
418129
418130
418131
418132
418133
418134
418135
418136
418137
418138
418139
418140
418141
418142
418143
418144
418145
418146
418147
418148
418149
418150
418151
418152
418153
418154
418155
418156
418157
418158
418159
418160
418161
418162
418163
418164
418165
418166
418167
418168
418169
418170
418171
418172
418173
418174
418175
418176
418177
418178
418179
418180
418181
418182
418183
418184
418185
418186
418187
418188
418189
418190
418191
418192
418193
418194
418195
418196
418197
418198
418199
418200
418201
418202
418203
418204
418205
418206
418207
418208
418209
418210
418211
418212
418213
418214
418215
418216
418217
418218
418219
418220
418221
418222
418223
418224
418225
418226
418227
418228
418229
418230
418231
418232
418233
418234
418235
418236
418237
418238
418239
418240
418241
418242
418243
418244
418245
418246
418247
418248
418249
418250
418251
418252
418253
418254
418255
418256
418257
418258
418259
418260
418261
418262
418263
418264
418265
418266
418267
418268
418269
418270
418271
418272
418273
418274
418275
418276
418277
418278
418279
418280
418281
418282
418283
418284
418285
418286
418287
418288
418289
418290
418291
418292
418293
418294
418295
418296
418297
418298
418299
418300
418301
418302
418303
418304
418305
418306
418307
418308
418309
418310
418311
418312
418313
418314
418315
418316
418317
418318
418319
418320
418321
418322
418323
418324
418325
418326
418327
418328
418329
418330
418331
418332
418333
418334
418335
418336
418337
418338
418339
418340
418341
418342
418343
418344
418345
418346
418347
418348
418349
418350
418351
418352
418353
418354
418355
418356
418357
418358
418359
418360
418361
418362
418363
418364
418365
418366
418367
418368
418369
418370
418371
418372
418373
418374
418375
418376
418377
418378
418379
418380
418381
418382
418383
418384
418385
418386
418387
418388
418389
418390
418391
418392
418393
418394
418395
418396
418397
418398
418399
418400
418401
418402
418403
418404
418405
418406
418407
418408
418409
418410
418411
418412
418413
418414
418415
418416
418417
418418
418419
418420
418421
418422
418423
418424
418425
418426
418427
418428
418429
418430
418431
418432
418433
418434
418435
418436
418437
418438
418439
418440
418441
418442
418443
418444
418445
418446
418447
418448
418449
418450
418451
418452
418453
418454
418455
418456
418457
418458
418459
418460
418461
418462
418463
418464
418465
418466
418467
418468
418469
418470
418471
418472
418473
418474
418475
418476
418477
418478
418479
418480
418481
418482
418483
418484
418485
418486
418487
418488
418489
418490
418491
418492
418493
418494
418495
418496
418497
418498
418499
418500
418501
418502
418503
418504
418505
418506
418507
418508
418509
418510
418511
418512
418513
418514
418515
418516
418517
418518
418519
418520
418521
418522
418523
418524
418525
418526
418527
418528
418529
418530
418531
418532
418533
418534
418535
418536
418537
418538
418539
418540
418541
418542
418543
418544
418545
418546
418547
418548
418549
418550
418551
418552
418553
418554
418555
418556
418557
418558
418559
418560
418561
418562
418563
418564
418565
418566
418567
418568
418569
418570
418571
418572
418573
418574
418575
418576
418577
418578
418579
418580
418581
418582
418583
418584
418585
418586
418587
418588
418589
418590
418591
418592
418593
418594
418595
418596
418597
418598
418599
418600
418601
418602
418603
418604
418605
418606
418607
418608
418609
418610
418611
418612
418613
418614
418615
418616
418617
418618
418619
418620
418621
418622
418623
418624
418625
418626
418627
418628
418629
418630
418631
418632
418633
418634
418635
418636
418637
418638
418639
418640
418641
418642
418643
418644
418645
418646
418647
418648
418649
418650
418651
418652
418653
418654
418655
418656
418657
418658
418660
418661
418662
418663
418664
418665
418666
418667
418668
418669
418670
418671
418672
418673
418674
418675
418676
418677
418678
418679
418680
418681
418682
418683
418684
418685
418686
418687
418688
418689
418690
418691
418692
418693
418694
418695
418696
418697
418698
418699
418700
418701
418702
418703
418704
418705
418706
418707
418708
418709
418710
418711
418712
418713
418714
418715
418716
418717
418718
418719
418720
418721
418722
418723
418724
418725
418726
418727
418728
418729
418730
418731
418732
418733
418734
418735
418736
418737
418738
418739
418740
418741
418742
418743
418744
418745
418746
418747
418748
418749
418750
418751
418752
418753
418754
418755
418756
418757
418758
418759
418760
418761
418762
418763
418764
418765
418766
418767
418768
418769
418770
418771
418772
418773
418774
418775
418776
418777
418778
418779
418780
418781
418782
418783
418784
418785
418786
418787
418788
418789
418790
418791
418792
418793
418794
418795
418796
418797
418798
418799
418800
418801
418802
418803
418804
418805
418806
418807
418808
418809
418810
418811
418812
418813
418814
418815
418816
418817
418818
418819
418820
418821
418822
418823
418824
418825
418826
418827
418828
418829
418830
418831
418832
418833
418834
418835
418836
418837
418838
418839
418840
418841
418842
418843
418844
418845
418846
418847
418848
418849
418850
418851
418852
418853
418854
418855
418856
418857
418858
418859
418860
418861
418862
418863
418864
418865
418866
418867
418868
418869
418870
418871
418872
418873
418874
418875
418876
418877
418878
418879
418880
418881
418882
418883
418884
418885
418886
418887
418888
418889
418890
418891
418892
418893
418894
418895
418896
418897
418898
418899
418900
418901
418902
418903
418904
418905
418906
418907
418908
418909
418910
418911
418912
418913
418914
418915
418916
418917
418918
418919
418920
418921
418922
418923
418924
418925
418926
418927
418928
418929
418930
418931
418932
418933
418934
418935
418936
418937
418938
418939
418940
418941
418942
418943
418944
418945
418946
418947
418948
418949
418950
418951
418952
418953
418954
418955
418956
418957
418958
418959
418960
418961
418962
418963
418964
418965
418966
418967
418968
418969
418970
418971
418972
418973
418974
418975
418976
418977
418978
418979
418980
418981
418982
418983
418984
418985
418986
418987
418988
418989
418990
418991
418992
418993
418994
418995
418996
418997
418998
418999
419000
419001
419002
419003
419004
419005
419006
419007
419008
419009
419010
419011
419012
419013
419014
419015
419016
419017
419018
419019
419020
419021
419022
419023
419024
419025
419026
419027
419028
419029
419030
419031
419032
419033
419034
419035
419036
419037
419038
419039
419040
419041
419042
419043
419044
419045
419046
419047
419048
419049
419050
419051
419052
419053
419054
419055
419056
419057
419058
419059
419060
419061
419062
419063
419064
419065
419066
419067
419068
419069
419070
419071
419072
419073
419074
419075
419076
419077
419078
419079
419080
419081
419082
419083
419084
419085
419086
419087
419088
419089
419090
419091
419092
419093
419094
419095
419096
419097
419098
419099
419100
419101
419102
419103
419104
419105
419106
419107
419108
419109
419110
419111
419112
419113
419114
419115
419116
419117
419118
419119
419120
419121
419122
419123
419124
419125
419126
419127
419128
419129
419130
419131
419132
419133
419134
419135
419136
419137
419138
419139
419140
419141
419142
419143
419144
419145
419146
419147
419148
419149
419150
419151
419152
419153
419154
419155
419156
419157
419158
419159
419160
419161
419162
419163
419164
419165
419166
419167
419168
419169
419170
419171
419172
419173
419174
419175
419176
419177
419178
419179
419180
419181
419182
419183
419184
419185
419186
419187
419188
419189
419190
419191
419192
419193
419194
419195
419196
419197
419198
419199
419200
419201
419202
419203
419204
419205
419206
419207
419208
419209
419210
419211
419212
419213
419214
419215
419216
419217
419218
419219
419220
419221
419222
419223
419224
419225
419226
419227
419228
419229
419230
419231
419232
419233
419234
419235
419236
419237
419238
419239
419240
419241
419242
419243
419244
419245
419246
419247
419248
419249
419250
419251
419252
419253
419254
419255
419256
419257
419258
419259
419260
419261
419262
419263
419264
419265
419266
419267
419268
419269
419270
419271
419272
419273
419274
419275
419276
419277
419278
419279
419280
419281
419282
419283
419284
419285
419286
419287
419288
419289
419290
419291
419292
419293
419294
419295
419296
419297
419298
419299
419300
419301
419302
419303
419304
419305
419306
419307
419308
419309
419310
419311
419312
419313
419314
419315
419316
419317
419318
419319
419320
419321
419322
419323
419324
419325
419326
419327
419328
419329
419330
419331
419332
419333
419334
419335
419336
419337
419338
419339
419340
419341
419342
419343
419344
419345
419346
419347
419348
419349
419350
419351
419352
419353
419354
419355
419356
419357
419358
419359
419360
419361
419362
419363
419364
419365
419366
419367
419368
419369
419370
419371
419372
419373
419374
419375
419376
419377
419378
419379
419380
419381
419382
419383
419384
419385
419386
419388
419389
419390
419391
419392
419393
419394
419395
419396
419397
419398
419399
419400
419401
419402
419403
419404
419405
419406
419407
419408
419409
419410
419411
419412
419413
419414
419415
419416
419417
419418
419419
419420
419421
419422
419423
419424
419425
419426
419427
419428
419429
419430
419431
419432
419433
419434
419435
419436
419437
419438
419439
419440
419441
419442
419443
419444
419445
419446
419447
419448
419449
419450
419451
419452
419453
419454
419455
419456
419457
419458
419459
419460
419461
419462
419463
419464
419465
419466
419467
419468
419469
419470
419471
419472
419473
419474
419475
419476
419477
419478
419479
419480
419481
419482
419483
419484
419485
419486
419487
419488
419489
419490
419491
419492
419493
419494
419495
419496
419497
419498
419499
419500
419501
419502
419503
419504
419505
419506
419507
419508
419509
419510
419511
419512
419513
419514
419515
419516
419517
419518
419519
419520
419521
419522
419523
419524
419525
419526
419527
419528
419529
419530
419531
419532
419533
419534
419535
419536
419537
419538
419539
419540
419541
419542
419543
419544
419545
419546
419547
419548
419549
419550
419551
419552
419553
419554
419555
419556
419557
419558
419559
419560
419561
419562
419563
419564
419565
419566
419567
419568
419569
419570
419571
419572
419573
419574
419575
419576
419577
419578
419579
419580
419581
419582
419583
419584
419585
419586
419587
419588
419589
419590
419591
419592
419593
419594
419595
419596
419597
419598
419599
419600
419601
419602
419603
419604
419605
419606
419607
419608
419609
419610
419611
419612
419613
419614
419615
419616
419617
419618
419619
419620
419621
419622
419623
419624
419625
419626
419627
419628
419629
419630
419631
419632
419633
419634
419635
419636
419637
419638
419639
419640
419641
419642
419643
419644
419645
419646
419647
419648
419649
419650
419651
419652
419653
419654
419655
419656
419657
419658
419659
419660
419661
419662
419663
419664
419665
419666
419667
419668
419669
419670
419671
419672
419673
419674
419675
419676
419677
419678
419679
419680
419681
419682
419683
419684
419685
419686
419687
419688
419689
419690
419691
419692
419693
419694
419695
419696
419697
419698
419699
419700
419701
419702
419703
419704
419705
419706
419707
419708
419709
419710
419711
419712
419713
419714
419715
419716
419717
419718
419719
419720
419721
419722
419723
419724
419725
419726
419727
419728
419729
419730
419731
419732
419733
419734
419735
419736
419737
419738
419739
419740
419741
419742
419743
419744
419745
419746
419747
419748
419749
419750
419751
419752
419753
419754
419755
419756
419757
419758
419759
419760
419761
419762
419763
419764
419765
419766
419767
419768
419769
419770
419771
419772
419773
419774
419775
419776
419777
419778
419779
419780
419781
419782
419783
419784
419785
419786
419787
419788
419789
419790
419791
419792
419793
419794
419795
419796
419797
419798
419799
419800
419801
419802
419803
419804
419805
419806
419807
419808
419809
419810
419811
419812
419813
419814
419815
419816
419817
419818
419819
419820
419821
419822
419823
419824
419825
419826
419827
419828
419829
419830
419831
419832
419833
419834
419835
419836
419837
419838
419839
419840
419841
419842
419843
419844
419845
419847
419848
419849
419850
419851
419852
419853
419854
419855
419856
419857
419858
419859
419860
419861
419862
419863
419864
419865
419866
419867
419868
419869
419870
419871
419872
419873
419874
419875
419876
419877
419878
419879
419880
419881
419882
