740900
740901
740902
740903
740904
740905
740906
740907
740908
740909
740910
740911
740912
740913
740914
740915
740916
740917
740918
740919
740920
740921
740922
740923
740924
740925
740926
740927
740928
740929
740930
740931
740932
740933
740934
740935
740936
740937
740938
740939
740940
740941
740942
740943
740944
740945
740946
740947
740948
740949
740950
740951
740952
740953
740954
740955
740956
740957
740958
740959
740960
740961
740962
740963
740964
740965
740966
740967
740968
740969
740970
740971
740972
740973
740974
740975
740976
740977
740978
740979
740980
740981
740982
740983
740984
740985
740986
740987
740988
740989
740990
740991
740992
740993
740994
740995
740996
740997
740998
740999
741000
741001
741002
741003
741004
741005
741006
741007
741008
741009
741010
741011
741012
741013
741014
741015
741016
741017
741018
741019
741020
741021
741022
741023
741024
741025
741026
741027
741028
741029
741030
741031
741032
741033
741034
741035
741036
741037
741038
741039
741040
741041
741042
741043
741044
741045
741046
741047
741048
741049
741050
741051
741052
741053
741054
741055
741056
741057
741058
741059
741060
741061
741062
741063
741064
741065
741066
741067
741068
741069
741070
741071
741072
741073
741074
741075
741076
741077
741078
741079
741080
741081
741082
741083
741084
741085
741086
741087
741088
741089
741090
741091
741092
741093
741094
741095
741096
741097
741098
741099
741100
741101
741102
741103
741104
741105
741106
741107
741108
741109
741110
741111
741112
741113
741114
741115
741116
741117
741118
741119
741120
741121
741122
741123
741124
741125
741126
741127
741128
741129
741130
741131
741132
741133
741134
741135
741136
741137
741138
741139
741140
741141
741142
741143
741144
741145
741146
741147
741148
741149
741150
741151
741152
741153
741154
741155
741156
741157
741158
741159
741160
741161
741162
741163
741164
741165
741166
741167
741168
741169
741170
741171
741172
741173
741174
741175
741176
741177
741178
741179
741180
741181
741182
741183
741184
741185
741186
741187
741188
741189
741190
741191
741192
741193
741194
741195
741196
741197
741198
741199
741200
741201
741202
741203
741204
741205
741206
741207
741208
741209
741210
741211
741212
741213
741214
741215
741216
741217
741218
741219
741220
741221
741222
741223
741224
741225
741226
741227
741228
741229
741230
741231
741232
741233
741234
741235
741236
741237
741238
741239
741240
741241
741242
741243
741244
741245
741246
741247
741248
741249
741250
741251
741252
741253
741254
741255
741256
741257
741258
741259
741260
741261
741262
741263
741264
741265
741266
741267
741268
741269
741270
741271
741272
741273
741274
741275
741276
741277
741278
741279
741280
741281
