444866
444867
444868
444869
444870
444871
444872
444873
444874
444875
444876
444877
444878
444879
444880
444881
444882
444883
444884
444885
444886
444887
444888
444889
444890
444891
444892
444893
444894
444895
444896
444897
444898
444899
444900
444901
444902
444903
444904
444905
444906
444907
444908
444909
444910
444911
444912
444913
444914
444915
444916
444917
444918
444919
444920
444921
444922
444923
444924
444925
444926
444927
444928
444929
444930
444931
444932
444933
444934
444935
444936
444937
444938
444939
444940
444941
444942
444943
444944
444945
444946
444947
444948
444949
444950
444951
444952
444953
444954
444955
444956
444957
444958
444959
444960
444961
444962
444963
444964
444965
444966
444967
444968
444969
444970
444971
444972
444973
444974
444975
444976
444977
444978
444979
444980
444981
444982
444983
444984
444985
444986
444987
444988
444989
444990
444991
444992
444993
444994
444995
444996
444997
444998
444999
445000
445001
445002
445003
445004
445005
445006
445007
445008
445009
445010
445011
445012
445013
445014
445015
445016
445017
445018
445019
445020
445021
445022
445023
445024
445025
445026
445027
445028
445029
445030
445031
445032
445033
445034
445035
445036
445037
445038
445039
445040
445041
445042
445043
445044
445045
445046
445047
445048
445049
445050
445051
445052
445053
445054
445055
445056
445057
445058
445059
445060
445061
445062
445063
445064
445065
445066
445067
445068
445069
445070
445071
445072
445073
445074
445075
445076
445077
445078
445079
445080
445081
445082
445083
445084
445085
445086
445087
445088
445089
445090
445091
445092
445093
445094
445095
445096
445097
445098
445099
445100
445101
445102
445103
445104
445105
445106
445107
445108
445109
445110
445111
445112
445113
445114
445115
445116
445117
445118
445119
445120
445121
445122
445123
445124
445125
445126
445127
445128
445129
445130
445131
445132
445133
445134
445135
445136
445137
445138
445139
445140
445141
445142
445143
445144
445145
445146
445147
445148
445149
445150
445151
445152
445153
445154
445155
445156
445157
445158
445159
445160
445161
445162
445163
445164
445165
445166
445167
445168
445169
445170
445171
445172
445173
445174
445175
445176
445177
445178
445179
445180
445181
445182
445183
445184
445185
445186
445187
445188
445189
445190
445191
445192
445193
445194
445195
445196
445197
445198
445199
445200
445201
445202
445203
445204
445205
445206
445207
445208
445209
445210
445211
445212
445213
445214
445215
445216
445217
445218
445219
445220
445221
445222
445223
445224
445225
445226
445227
445228
445229
445230
445231
445232
445233
445234
445235
445236
445237
445238
445239
445240
445241
445242
445243
445244
445245
445246
445247
445248
445249
445250
445251
445252
445253
445254
445255
445256
445257
445258
445259
445260
445261
445262
445263
445264
445265
445266
445267
445268
445269
445270
445271
445272
445273
445274
445275
445276
445277
445278
445279
445280
445281
445282
445283
445284
445285
445286
445287
445288
445289
445290
445291
445292
445293
445294
445295
445296
445297
445298
445299
445300
445301
445302
445303
445304
445305
445306
445307
445308
445309
445310
445311
445312
445313
445314
445315
445316
445317
445318
445319
445320
445321
445322
445323
445324
445325
445326
445327
445328
445329
445330
445331
445332
445333
445334
445335
445336
445337
445338
445339
445340
445341
445342
445343
445344
445345
