515616
515617
515618
515619
515620
515621
515622
515623
515624
515625
515626
515627
515628
515629
515630
515631
515632
515633
515634
515635
515636
515637
515638
515639
515640
515641
515642
515643
515644
515645
515646
515647
515648
515649
515650
515651
515652
515653
515654
515655
515656
515657
515658
515659
515660
515661
515662
515663
515664
515665
515666
515667
515668
515669
515670
515671
515672
515673
515674
515675
515676
515677
515678
515679
515680
515681
515682
515683
515684
515685
515686
515687
515688
515689
515690
515691
515692
515693
515694
515695
515696
515697
515698
515699
515700
515701
515702
515703
515704
515705
515706
515707
515708
515709
515710
515711
515712
515713
515714
515715
515716
515717
515718
515719
515720
515721
515722
515723
515724
515725
515726
515727
515728
515729
515730
515731
515732
515733
515734
515735
515736
515737
515738
515739
515740
515741
515742
515743
515744
515745
515746
515747
515748
515749
515750
515751
515752
515753
515754
515755
515756
515757
515758
515759
515760
515761
515762
515763
515764
515765
515766
515767
515768
515769
515770
515771
515772
515773
515774
515775
515776
515777
515778
515779
515780
515781
515782
515783
515784
515785
515786
515787
515788
515789
515790
515791
515792
515793
515794
515795
515796
515797
515798
515799
515800
515801
515802
515803
515804
515805
515806
515807
515808
515809
515810
515811
515812
515813
515814
515815
515816
515817
515818
515819
515820
515821
515822
515823
515824
515825
515826
515827
515828
515829
515830
515831
515832
515833
515834
515835
515836
515837
515838
515839
515840
515841
515842
515843
515844
515845
515846
515847
515848
515849
515850
515851
515852
515853
515854
515855
515856
515857
515858
515859
515860
515861
515862
515863
515864
515865
515866
515867
515868
515869
515870
515871
515872
515873
515874
515875
515876
515877
515878
515879
515880
515881
515882
515883
515884
515885
515886
515887
515888
515889
515890
515891
515892
515893
515894
515895
515896
515897
515898
515899
515900
515901
515902
515903
515904
515905
515906
515907
515908
515909
515910
515911
515912
515913
515914
515915
515916
515917
515918
515919
515920
515921
515922
515923
515924
515925
515926
515927
515928
515929
515930
515931
515932
515933
515934
515935
515936
515937
515938
515939
515940
515941
515942
515943
515944
515945
515946
515947
515948
515949
515950
515951
515952
515953
515954
515955
515956
515957
515958
515959
515960
515961
515962
515963
515964
515965
515966
515967
515968
515969
515970
515971
515972
515973
515974
515975
515976
515977
515978
515979
515980
515981
515982
515983
515984
515985
515986
515987
515988
515989
515990
515991
515992
515993
515994
515995
515996
515997
515998
515999
516000
516001
516002
516003
516004
516005
516006
516007
516008
516009
516010
516011
516012
516013
516014
516015
516016
516017
516018
516019
516020
516021
516022
516023
516024
516025
516026
516027
516028
516029
516030
516031
516032
516033
516034
516035
516036
516037
516038
516039
516040
516041
516042
516043
516044
516045
516046
516047
516048
516049
516050
516051
516052
516053
516054
516055
516056
516057
516058
516059
516060
516061
516062
516063
516064
516065
516066
516067
516068
516069
516070
516071
516072
516073
516074
516075
516076
516077
516078
516079
516080
516081
516082
516083
516084
516085
516086
516087
516088
516089
516090
516091
516092
516093
516094
516095
516096
516097
516098
516099
516100
516101
516102
516103
516104
516105
516106
516107
516108
516109
516110
516111
516112
516113
516114
516115
516116
516117
516118
516119
516120
516121
516122
516123
516124
516125
516126
516127
516128
516129
516130
516131
516132
516133
516134
516135
516136
516137
516138
516139
516140
516141
516142
516143
516144
516145
516146
516147
516148
516149
516150
516151
516152
516153
516154
516155
516156
516157
516158
516159
516160
516161
516162
516163
516164
516165
516166
516167
516168
516169
516170
516171
516172
516173
516174
516175
516176
516177
516178
516179
516180
516181
516182
516183
516184
516185
516186
516187
516188
516189
516190
516191
516192
516193
516194
516195
516196
516197
516198
516199
516200
516201
516202
516203
516204
516205
516206
516207
516208
516209
516210
516211
516212
516213
516214
516215
516216
516217
516218
516219
516220
516221
516222
516223
516224
516225
516226
516227
516228
516229
516230
516231
516232
516233
516234
516235
516236
516237
516238
516239
516240
516241
516242
516243
516244
516245
516246
516247
516248
516249
516250
516251
516252
516253
516254
516255
516256
516257
516258
516259
516260
516261
516262
516263
516264
516265
516266
516267
516268
516269
516270
516271
516272
516273
516274
516275
516276
516277
516278
516279
516280
516281
516282
516283
516284
516285
516286
516287
516288
516289
516290
516291
516292
516293
516294
516295
516296
516297
516298
516299
516300
516301
516302
516303
516304
516305
516306
516307
516308
516309
516310
516311
516312
516313
516314
516315
516316
516317
516318
516319
516320
516321
516322
516323
516324
516325
516326
516327
516328
516329
516330
516331
516332
516333
516334
516335
516336
516337
516338
516339
516340
516341
516342
516343
516344
516345
516346
516347
516348
516349
516350
516351
516352
516353
516354
516355
516356
516357
516358
516359
516360
516361
516362
516363
516364
516365
516366
516367
516368
516369
516370
516371
516372
516373
516374
516375
516376
516377
516378
516379
516380
516381
516382
516383
516384
516385
516386
516387
516388
516389
516390
516391
516392
516393
516394
516395
516396
516397
516398
516399
516400
516401
516402
516403
516404
516405
516406
516407
516408
516409
516410
516411
516412
516413
516414
516415
516416
516417
516418
516419
516420
516421
516422
516423
516424
516425
516426
516427
516428
516429
516430
516431
516432
516433
516434
516435
516436
516437
516438
516439
516440
516441
516442
516443
516444
516445
516446
516447
516448
516449
516450
516451
516452
516453
516454
516455
516456
516457
516458
516459
516460
516461
516462
516463
516464
516465
516466
516467
516468
516469
516470
516471
516472
516473
516474
516475
516476
516477
516478
516479
516480
516481
516482
516483
516484
516485
516486
516487
516488
516489
516490
516491
516492
516493
516494
516495
516496
516497
516498
516499
516500
516501
516502
516503
516504
516505
516506
516507
516508
516509
516510
516511
516512
516513
516514
516515
516516
516517
516518
516519
516520
516521
516522
516523
516524
516525
516526
516527
516528
516529
516530
516531
516532
516533
516534
516535
516536
516537
516538
516539
516540
516541
516542
516543
516544
516545
516546
516547
516548
516549
516550
516551
516552
516553
516554
516555
516556
516557
516558
516559
516560
516561
516562
516563
516564
516565
516566
516567
516568
516569
516570
516571
516572
516573
516574
516575
516576
516577
516578
516579
516580
516581
516582
516583
516584
516585
516586
516587
516588
516589
516590
516591
516592
516593
516594
516595
516596
516597
516598
516599
516600
516601
516602
516603
516604
516605
516606
516607
516608
516609
516610
516611
516612
516613
516614
516615
516616
516617
516618
516619
516620
516621
516622
516623
516624
516625
516626
516627
516628
516629
516630
516631
516632
516633
516634
516635
516636
516637
516638
516639
516640
516641
516642
516643
516644
516645
516646
516647
516648
516649
516650
516651
516652
516653
516654
516655
516656
516657
516658
516659
516660
516661
516662
516663
516664
516665
516666
516667
516668
516669
516670
516671
516672
516673
516674
516675
516676
516677
516678
516679
516680
516681
516682
516683
516684
516685
516686
516687
516688
516689
516690
516691
516692
516693
516694
516695
516696
516697
516698
516699
516700
516701
516702
516703
516704
516705
516706
516707
516708
516709
516710
516711
516712
516713
516714
516715
516716
516717
516718
516719
516720
516721
516722
516723
516724
516725
516726
516727
516728
516729
516730
516731
516732
516733
516734
516735
516736
516737
516738
516739
516740
516741
516742
516743
516744
516745
516746
516747
516748
516749
516750
516751
516752
516753
516754
516755
516756
516757
516758
516759
516760
516761
516762
516763
516764
516765
516766
516767
516768
516769
516770
516771
516772
516773
516774
516775
516776
516777
516778
516779
516780
516781
516782
516783
516784
516785
516786
516787
516788
516789
516790
516791
516792
516793
516794
516795
516796
516797
516798
516799
516800
516801
516802
516803
516804
516805
516806
516807
516808
516809
516810
516811
516812
516813
516814
516815
516816
516817
516818
516819
516820
516821
516822
516823
516824
516825
516826
516827
516828
516829
516830
516831
516832
516833
516834
516835
516836
516837
516838
516839
516840
516841
516842
516843
516844
516845
516846
516847
516848
516849
516850
516851
516852
516853
516854
516855
516856
516857
516858
516859
516860
516861
516862
516863
516864
516865
516866
516867
516868
516869
516870
516871
516872
516873
516874
516875
516876
516877
516878
516879
516880
516881
516882
516883
516884
516885
516886
516887
516888
516889
516890
516891
516892
516893
516894
516895
516896
516897
516898
516899
516900
516901
516902
516903
516904
516905
516906
516907
516908
516909
516910
516911
516912
516913
516914
516915
516916
516917
516918
516919
516920
516921
516922
516923
516924
516925
516926
516927
516928
516929
516930
516931
516932
516933
516934
516935
516936
516937
516938
516939
516940
516941
516942
516943
516944
516945
516946
516947
516948
516949
516950
516951
516952
516953
516954
516955
516956
516957
516958
516959
516960
516961
516962
516963
516964
516965
516966
516967
516968
516969
516970
516971
516972
516973
516974
516975
516976
516977
516978
516979
516980
516981
516982
516983
516984
516985
516986
516987
516988
516989
516990
516991
516992
516993
516994
516995
516996
516997
516998
516999
517000
517001
517002
517003
517004
517005
517006
517007
517008
517009
517010
517011
517012
517013
517014
517015
517016
517017
517018
517019
517020
517021
517022
517023
517024
517025
517026
517027
517028
517029
517030
517031
517032
517033
517034
517035
517036
517037
517038
517039
517040
517041
517042
517043
517044
517045
517046
517047
517048
517049
517050
517051
517052
517053
517054
517055
517056
517057
517058
517059
517060
517061
517062
517063
517064
517065
517066
517067
517068
517069
517070
517071
517072
517073
517074
517075
517076
517077
517078
517079
517080
517081
517082
517083
517084
517085
517086
517087
517088
517089
517090
517091
517092
517093
517094
517095
517096
517097
517098
517099
517100
517101
517102
517103
517104
517105
517106
517107
517108
517109
517110
517111
517112
517113
517114
517115
517116
517117
517118
517119
517120
517121
517122
517123
517124
517125
517126
517127
517128
517129
517130
517131
517132
517133
517134
517135
517136
517137
517138
517139
517140
517141
517142
517143
517144
517145
517146
517147
517148
517149
517150
517151
517152
517153
517154
517155
517156
517157
517158
517159
517160
517161
517162
517163
517164
517165
517166
517167
517168
517169
517170
517171
517172
517173
517174
517175
517176
517177
517178
517179
517180
517181
517182
517183
517184
517185
517186
517187
517188
517189
517190
517191
517192
517193
517194
517195
517196
517197
517198
517199
517200
517201
517202
517203
517204
517205
517206
517207
517208
517209
517210
517211
517212
517213
517214
517215
517216
517217
517218
517219
517220
517221
517222
517223
517224
517225
517226
517227
517228
517229
517230
517231
517232
517233
517234
517235
517236
517237
517238
517239
517240
517241
517242
517243
517244
517245
517246
517247
517248
517249
517250
517251
517252
517253
517254
517255
517256
517257
517258
517259
517260
517261
517262
517263
517264
517265
517266
517267
517268
517269
517270
517271
517272
517273
517274
517275
517276
517277
517278
517279
517280
517281
517282
517283
517284
517285
517286
517287
517288
517289
517290
517291
517292
517293
517294
517295
517296
517297
517298
517299
517300
517301
517302
517303
517304
517305
517306
517307
517308
517309
517310
517311
517312
517313
517314
517315
517316
517317
517318
517319
517320
517321
517322
517323
517324
517325
517326
517327
517328
517329
517330
517331
517332
517333
517334
517335
517336
517337
517338
517339
517340
517341
517342
517343
517344
517345
517346
517347
517348
517349
517350
517351
517352
517353
517354
517355
517356
517357
517358
517359
517360
517361
517362
517363
517364
517365
517366
517367
517368
517369
517370
517371
517372
517373
517374
517375
517376
517377
517378
517379
517380
517381
517382
517383
517384
517385
517386
517387
517388
517389
517390
517391
517392
517393
517394
517395
517396
517397
517398
517399
517400
517401
517402
517403
517404
517405
517406
517407
517408
517409
517410
517411
517412
517413
517414
517415
517416
517417
517418
517419
517420
517421
517422
517423
517424
517425
517426
517427
517428
517429
517430
517431
517432
517433
517434
517435
517436
517437
517438
517439
517440
517441
517442
517443
517444
517445
517446
517447
517448
517449
517450
517451
517452
517453
517454
517455
517456
517457
517458
517459
517460
517461
517462
517463
517464
517465
517466
517467
517468
517469
517470
517471
517472
517473
517474
517475
517476
517477
517478
517479
517480
517481
517482
517483
517484
517485
517486
517487
517488
517489
517490
517491
517492
517493
517494
517495
517496
517497
517498
517499
517500
517501
517502
517503
517504
517505
517506
517507
517508
517509
517510
517511
517512
517513
517514
517515
517516
517517
517518
517519
517520
517521
517522
517523
517524
517525
517526
517527
517528
517529
517530
517531
517532
517533
517534
517535
517536
517537
517538
517539
517540
517541
517542
517543
517544
517545
517546
517547
517548
517549
517550
517551
517552
517553
517554
517555
517556
517557
517558
517559
517560
517561
517562
517563
517564
517565
517566
517567
517568
517569
517570
517571
517572
517573
517574
517575
517576
517577
517578
517579
517580
517581
517582
517583
517584
517585
517586
517587
517588
517589
517590
517591
517592
517593
517594
517595
517596
517597
517598
517599
517600
517601
517602
517603
517604
517605
517606
517607
517608
517609
517610
517611
517612
517613
517614
517615
517616
517617
517618
517619
517620
517621
517622
517623
517624
517625
517626
517627
517628
517629
517630
517631
517632
517633
517634
517635
517636
517637
517638
517639
517640
517641
517642
517643
517644
517645
517646
517647
517648
517649
517650
517651
517652
517653
517654
517655
517656
517657
517658
517659
517660
517661
517662
517663
517664
517665
517666
517667
517668
517669
517670
517671
517672
517673
517674
517675
517676
517677
517678
517679
517680
517681
517682
517683
517684
517685
517686
517687
517688
517689
517690
517691
517692
517693
517694
517695
517696
517697
517698
517699
517700
517701
517702
517703
517704
517705
517706
517707
517708
517709
517710
517711
517712
517713
517714
517715
517716
517717
517718
517719
517720
517721
517722
517723
517724
517725
517726
517727
517728
517729
517730
517731
517732
517733
517734
517735
517736
517737
517738
517739
517740
517741
517742
517743
517744
517745
517746
517747
517748
517749
517750
517751
517752
517753
517754
517755
517756
517757
517758
517759
517760
517761
517762
517763
517764
517765
517766
517767
517768
517769
517770
517771
517772
517773
517774
517775
517776
517777
517778
517779
517780
517781
517782
517783
517784
517785
517786
517787
517788
517789
517790
517791
517792
517793
517794
517795
517796
517797
517798
517799
517800
517801
517802
517803
517804
517805
517806
517807
517808
517809
517810
517811
517812
517813
517814
517815
517816
517817
517818
517819
517820
517821
517822
517823
517824
517825
517826
517827
517828
517829
517830
517831
517832
517833
517834
517835
517836
517837
517838
517839
517840
517841
517842
517843
517844
517845
517846
517847
517848
517849
517850
517851
517852
517853
517854
517855
517856
517857
517858
517859
517860
517861
517862
517863
517864
517865
517866
517867
517868
517869
517870
517871
517872
517873
517874
517875
517876
517877
517878
517879
517880
517881
517882
517883
517884
517885
517886
517887
517888
517889
517890
517891
517892
517893
517894
517895
517896
517897
517898
517899
517900
517901
517902
517903
517904
517905
517906
517907
517908
517909
517910
517911
517912
517913
517914
517915
517916
517917
517918
517919
517920
517921
517922
517923
517924
517925
517926
517927
517928
517929
517930
517931
517932
517933
517934
517935
517936
517937
517938
517939
517940
517941
517942
517943
517944
517945
517946
517947
517948
517949
517950
517951
517952
517953
517954
517955
517956
517957
517958
517959
517960
517961
517962
517963
517964
517965
517966
517967
517968
517969
517970
517971
517972
517973
517974
517975
517976
517977
517978
517979
517980
517981
517982
517983
517984
517985
517986
517987
517988
517989
517990
517991
517992
517993
517994
517995
517996
517997
517998
517999
518000
518001
518002
518003
518004
518005
518006
518007
518008
518009
518010
518011
518012
518013
518014
518015
518016
518017
518018
518019
518020
518021
518022
518023
518024
518025
518026
518027
518028
518029
518030
518031
518032
518033
518034
518035
518036
518037
518038
518039
518040
518041
518042
518043
518044
518045
518046
518047
518048
518049
518050
518051
518052
518053
518054
518055
518056
518057
518058
518059
518060
518061
518062
518063
518064
518065
518066
518067
518068
518069
518070
518071
518072
518073
518074
518075
518076
518077
518078
518079
518080
518081
518082
518083
518084
518085
518086
518087
518088
518089
518090
518091
518092
518093
518094
518095
518096
518097
518098
518099
518100
518101
518102
518103
518104
518105
518106
518107
518108
518109
518110
518111
518112
518113
518114
518115
518116
518117
518118
518119
518120
518121
518122
518123
518124
518125
518126
518127
518128
518129
518130
518131
518132
518133
518134
518135
518136
518137
518138
518139
518140
518141
518142
518143
518144
518145
518146
518147
518148
518149
518150
518151
518152
518153
518154
518155
518156
518157
518158
518159
518160
518161
518162
518163
518164
518165
518166
518167
518168
518169
518170
518171
518172
518173
518174
518175
518176
518177
518178
518179
518180
518181
518182
518183
518184
518185
518186
518187
518188
518189
518190
518191
518192
518193
518194
518195
518196
518197
518198
518199
518200
518201
518202
518203
518204
518205
518206
518207
518208
518209
518210
518211
518212
518213
518214
518215
518216
518217
518218
518219
518220
518221
518222
518223
518224
518225
518226
518227
518228
518229
518230
518231
518232
518233
518234
518235
518236
518237
518238
518239
518240
518241
518242
518243
518244
518245
518246
518247
518248
518249
518250
518251
518252
518253
518254
518255
518256
518257
518258
518259
518260
518261
518262
518263
518264
518265
518266
518267
518268
518269
518270
518271
518272
518273
518274
518275
518276
518277
518278
518279
518280
518281
518282
518283
518284
518285
518286
518287
518288
518289
518290
518291
518292
518293
518294
518295
518296
518297
518298
518299
518300
518301
518302
518303
518304
518305
518306
518307
518308
518309
518310
518311
518312
518313
518314
518315
518316
518317
518318
518319
518320
518321
518322
518323
518324
518325
518326
518327
518328
518329
518330
518331
518332
518333
518334
518335
518336
518337
518338
518339
518340
518341
518342
518343
518344
518345
518346
518347
518348
518349
518350
518351
518352
518353
518354
518355
518356
518357
518358
518359
518360
518361
518362
518363
518364
518365
518366
518367
518368
518369
518370
518371
518372
518373
518374
518375
518376
518377
518378
518379
518380
518381
518382
518383
518384
518385
518386
518387
518388
518389
518390
518391
518392
518393
518394
518395
518396
518397
518398
518399
518400
518401
518402
518403
518404
518405
518406
518407
518408
518409
518410
518411
518412
518413
518414
518415
518416
518417
518418
518419
518420
518421
518422
518423
518424
518425
518426
518427
518428
518429
518430
518431
518432
518433
518434
518435
518436
518437
518438
518439
518440
518441
518442
518443
518444
518445
518446
518447
518448
518449
518450
518451
518452
518453
518454
518455
518456
518457
518458
518459
518460
518461
518462
518463
518464
518465
518466
518467
518468
518469
518470
518471
518472
518473
518474
518475
518476
518477
518478
518479
518480
518481
518482
518483
518484
518485
518486
518487
518488
518489
518490
518491
518492
518493
518494
518495
518496
518497
518498
518499
518500
518501
518502
518503
518504
518505
518506
518507
518508
518509
518510
518511
518512
518513
518514
518515
518516
518517
518518
518519
518520
518521
518522
518523
518524
518525
518526
518527
518528
518529
518530
518531
518532
518533
518534
518535
518536
518537
518538
518539
518540
518541
518542
518543
518544
518545
518546
518547
518548
518549
518550
518551
518552
518553
518554
518555
518556
518557
518558
518559
518560
518561
518562
518563
518564
518565
518566
518567
518568
518569
518570
518571
518572
518573
518574
518575
518576
518577
518578
518579
518580
518581
518582
518583
518584
518585
518586
518587
518588
518589
518590
518591
518592
518593
518594
518595
518596
518597
518598
518599
518600
518601
518602
518603
518604
518605
518606
518607
518608
518609
518610
518611
518612
518613
518614
518615
518616
518617
518618
518619
518620
518621
518622
518623
518624
518625
518626
518627
518628
518629
518630
518631
518632
518633
518634
518635
518636
518637
518638
518639
518640
518641
518642
518643
518644
518645
518646
518647
518648
518649
518650
518651
518652
518653
518654
518655
518656
518657
518658
518659
518660
518661
518662
518663
518664
518665
518666
518667
518668
518669
518670
518671
518672
518673
518674
518675
518676
518677
518678
518679
518680
518681
518682
518683
518684
518685
518686
518687
518688
518689
518690
518691
518692
518693
518694
518695
518696
518697
518698
518699
518700
518701
518702
518703
518704
518705
518706
518707
518708
518709
518710
518711
518712
518713
518714
518715
518716
518717
518718
518719
518720
518721
518722
518723
518724
518725
518726
518727
518728
518729
518730
518731
518732
518733
518734
518735
518736
518737
518738
518739
518740
518741
518742
518743
518744
518745
518746
518747
518748
518749
518750
518751
518752
518753
518754
518755
518756
518757
518758
518759
518760
518761
518762
518763
518764
518765
518766
518767
518768
518769
518770
518771
518772
518773
518774
518775
518776
518777
518778
518779
518780
518781
518782
518783
518784
518785
518786
518787
518788
518789
518790
518791
518792
518793
518794
518795
518796
518797
518798
518799
518800
518801
518802
518803
518804
518805
518806
518807
518808
518809
518810
518811
518812
518813
518814
518815
518816
518817
518818
518819
518820
518821
518822
518823
518824
518825
518826
518827
518828
518829
518830
518831
518832
518833
518834
518835
518836
518837
518838
518839
518840
518841
518842
518843
518844
518845
518846
518847
518848
518849
518850
518851
518852
518853
518854
518855
518856
518857
518858
518859
518860
518861
518862
518863
518864
518865
518866
518867
518868
518869
518870
518871
518872
518873
518874
518875
518876
518877
518878
518879
518880
518881
518882
518883
518884
518885
518886
518887
518888
518889
518890
518891
518892
518893
518894
518895
518896
518897
518898
518899
518900
518901
518902
518903
518904
518905
518906
518907
518908
518909
518910
518911
518912
518913
518914
518915
518916
518917
518918
518919
518920
518921
518922
518923
518924
518925
518926
518927
518928
518929
518930
518931
518932
518933
518934
518935
518936
518937
518938
518939
518940
518941
518942
518943
518944
518945
518946
518947
518948
518949
518950
518951
518952
518953
518954
518955
518956
518957
518958
518959
518960
518961
518962
518963
518964
518965
518966
518967
518968
518969
518970
518971
518972
518973
518974
518975
518976
518977
518978
518979
518980
518981
518982
518983
518984
518985
518986
518987
518988
518989
518990
518991
518992
518993
518994
518995
518996
518997
518998
518999
519000
519001
519002
519003
519004
519005
519006
519007
519008
519009
519010
519011
519012
519013
519014
519015
519016
519017
519018
519019
519020
519021
519022
519023
519024
519025
519026
519027
519028
519029
519030
519031
519032
519033
519034
519035
519036
519037
519038
519039
519040
519041
519042
519043
519044
519045
519046
519047
519048
519049
519050
519051
519052
519053
519054
519055
519056
519057
519058
519059
519060
519061
519062
519063
519064
519065
519066
519067
519068
519069
519070
519071
519072
519073
519074
519075
519076
519077
519078
519079
519080
519081
519082
519083
519084
519085
519086
519087
519088
519089
519090
519091
519092
519093
519094
519095
519096
519097
519098
519099
519100
519101
519102
519103
519104
519105
519106
519107
519108
519109
519110
519111
519112
519113
519114
519115
519116
519117
519118
519119
519120
519121
519122
519123
519124
519125
519126
519127
519128
519129
519130
519131
519132
519133
519134
519135
519136
519137
519138
519139
519140
519141
519142
519143
519144
519145
519146
519147
519148
519149
519150
519151
519152
519153
519154
519155
519156
519157
519158
519159
519160
519161
519162
519163
519164
519165
519166
519167
519168
519169
519170
519171
519172
519173
519174
519175
519176
519177
519178
519179
519180
519181
519182
519183
519184
519185
519186
519187
519188
519189
519190
519191
519192
519193
519194
519195
519196
519197
519198
519199
519200
519201
519202
519203
519204
519205
519206
519207
519208
519209
519210
519211
519212
519213
519214
519215
519216
519217
519218
519219
519220
519221
519222
519223
519224
519225
519226
519227
519228
519229
519230
519231
519232
519233
519234
519235
519236
519237
519238
519239
519240
519241
519242
519243
519244
519245
519246
519247
519248
519249
519250
519251
519252
519253
519254
519255
519256
519257
519258
519259
519260
519261
519262
519263
519264
519265
519266
519267
519268
519269
519270
519271
519272
519273
519274
519275
519276
519277
519278
519279
519280
519281
519282
519283
519284
519285
519286
519287
519288
519289
519290
519291
519292
519293
519294
519295
519296
519297
519298
519299
519300
519301
519302
519303
519304
519305
519306
519307
519308
519309
519310
519311
519312
519313
519314
519315
519316
519317
519318
519319
519320
519321
519322
519323
519324
519325
519326
519327
519328
519329
519330
519331
519332
519333
519334
519335
519336
519337
519338
519339
519340
519341
519342
519343
519344
519345
519346
519347
519348
519349
519350
519351
519352
519353
519354
519355
519356
519357
519358
519359
519360
519361
519362
519363
519364
519365
519366
519367
519368
519369
519370
519371
519372
519373
519374
519375
519376
519377
519378
519380
519381
519382
519383
519384
519385
519386
519387
519388
519389
519390
519391
519392
519393
519394
519395
519396
519397
519398
519399
519400
519401
519402
519403
519404
519405
519406
519407
519408
519409
519410
519411
519412
519413
