734641
734642
734643
734644
734645
734646
734647
734648
734649
734650
734651
734652
734653
734654
734655
734656
734657
734658
734659
734660
734661
734662
734663
734664
734665
734666
734667
734668
734669
734670
734671
734672
734673
734674
734675
734676
734677
734678
734679
734680
734681
734682
734683
734684
734685
734686
734687
734688
734689
734690
734691
734692
734693
734694
734695
734696
734697
734698
734699
734700
734701
734702
734703
734704
734705
734706
734707
734708
734709
734710
734711
734712
734713
734714
734715
734716
734717
734718
734719
734720
734721
734722
734723
734724
734725
734726
734727
734728
734729
734730
734731
734732
734733
734734
734735
734736
734737
734738
734739
734740
734741
734742
734743
734744
734745
734746
734747
734748
734749
734750
734751
734752
734753
734754
734755
734756
734757
734758
734759
734760
734761
734762
734763
734764
734765
734766
734767
734768
734769
734770
734771
734772
734773
734774
734775
734776
734777
734778
734779
734780
734781
734782
734783
734784
734785
734786
734787
734788
734789
734790
734791
734792
734793
734794
734795
734796
734797
734798
734799
734800
734801
734802
734803
734804
734805
734806
734807
734808
734809
734810
734811
734812
734813
734814
734815
734816
734817
734818
734819
734820
734821
734822
734823
734824
734825
734826
734827
734828
734829
734830
734831
734832
734833
734834
734835
734836
734837
734838
734839
734840
734841
734842
734843
734844
734845
734846
734847
734848
734849
734850
734851
734852
734853
734854
734855
734856
734857
734858
734859
734860
734861
734862
734863
734864
734865
734866
734867
734868
734869
734870
734871
734872
734873
734874
734875
734876
734877
734878
734879
734880
734881
734882
734883
734884
734885
734886
734887
734888
734889
734890
734891
734892
734893
734894
734895
734896
734897
734898
734899
734900
734901
734902
734903
734904
734905
734906
734907
734908
734909
734910
734911
734912
734913
734914
734915
734916
734917
734918
734919
734920
734921
734922
734923
734924
734925
734926
734927
734928
734929
734930
734931
734932
734933
734934
734935
734936
734937
734938
734939
734940
734941
734942
734943
734944
734945
734946
734947
734948
734949
734950
734951
734952
734953
734954
734955
734956
734957
734958
734959
734960
734961
734962
734963
734964
734965
734966
734967
734968
734969
734970
734971
734972
734973
734974
734975
734976
734977
734978
734979
734980
734981
734982
734983
734984
734985
734986
734987
734988
734989
734990
734991
734992
734993
734994
734995
734996
734997
734998
734999
735000
735001
735002
735003
735004
735005
735006
735007
735008
735009
735010
735011
735012
735013
735014
735015
735016
735017
735018
735019
735020
735021
735022
735023
735024
735025
735026
735027
735028
735029
735030
735031
735032
735033
735034
735035
735036
735037
735038
735039
735040
735041
735042
735043
735044
735045
735046
735047
735048
735049
735050
735051
735052
735053
735054
735055
735056
735057
735058
735059
735060
735061
735062
735063
735064
735065
735066
735067
735068
735069
735070
735071
735072
735073
735074
735075
735076
735077
735078
735079
735080
735081
735082
735083
735084
735085
735086
735087
735088
735089
735090
735091
735092
735093
735094
735095
735096
735097
735098
735099
735100
735101
735102
735103
735104
735105
735106
735107
735108
735109
735110
735111
735112
735113
735114
735115
735116
735117
735118
735119
735120
735121
735122
735123
735124
735125
735126
735127
735128
735129
735130
735131
735132
735133
735134
735135
735136
735137
735138
735139
735140
735141
735142
735143
735144
735145
735146
735147
735148
735149
735150
735151
735152
735153
735154
735155
735156
735157
735158
735159
735160
735161
735162
735163
735164
735165
735166
735167
735168
735169
735170
735171
735172
735173
735174
735175
735176
735177
735178
735179
735180
735181
735182
735183
735184
735185
735186
735187
735188
735189
735190
735191
735192
735193
735194
735195
735196
735197
735198
735199
735200
735201
735202
735203
735204
735205
735206
735207
735208
735209
735210
735211
735212
735213
735214
735215
735216
735217
735218
735219
735220
735221
735222
735223
735224
735225
735226
735227
735228
735229
735230
735231
735232
735233
735234
735235
735236
735237
735238
735239
735240
735241
735242
735243
735244
735245
735246
735247
735248
735249
735250
735251
735252
735253
735254
735255
735256
735257
735258
735259
735260
735261
735262
735263
735264
735265
735266
735267
735268
735269
735270
735271
735272
735273
735274
735275
735276
735277
735278
735279
735280
735281
735282
735283
735284
735285
735286
735287
735288
735289
735290
735291
735292
735293
735294
735295
735296
735297
735298
735299
735300
735301
735302
735303
735304
735305
735306
735307
735308
735309
735310
735311
735312
735313
735314
735315
735316
735317
735318
735319
735320
735321
735322
735323
735324
735325
735326
735327
735328
735329
735330
735331
735332
735333
735334
735335
735336
735337
735338
735339
735340
735341
735342
735343
735344
735345
735346
735347
735348
735349
735350
735351
735352
735353
735354
735355
735356
735357
735358
735359
735360
735361
735362
735363
735364
735365
735366
735367
735368
735369
735370
735371
735372
735373
735374
735375
735376
735377
735378
735379
735380
735381
735382
735383
735384
735385
735386
735387
735388
735389
735390
735391
735392
735393
735394
735395
735396
735397
735398
735399
735400
735401
735402
735403
735404
735405
735406
735407
735408
735409
735410
735411
735412
735413
735414
735415
735416
735417
735418
735419
735420
735421
735422
735423
735424
735425
735426
735427
735428
735429
735430
735431
735432
735433
735434
735435
735436
735437
735438
735439
735440
735441
735442
735443
735444
735445
735446
735447
735448
735449
735450
735451
735452
735453
735454
735455
735456
735457
735458
735459
735460
735461
735462
735463
735464
735465
735466
735467
735468
735469
735470
735471
735472
735473
735474
735475
735476
735477
735478
735479
735480
735481
735482
735483
735484
735485
735486
735487
735488
735489
735490
735491
735492
735493
735494
735495
735496
735497
735498
735499
735500
735501
735502
735503
735504
735505
735506
735507
735508
735509
735510
735511
735512
735513
735514
735515
735516
735517
735518
735519
735520
735521
735522
735523
735524
735525
735526
735527
735528
735529
735530
735531
735532
735533
735534
735535
735536
735537
735538
735539
735540
735541
735542
735543
735544
735545
735546
735547
735548
735549
735550
735551
735552
735553
735554
735555
735556
735557
735558
735559
735560
735561
735562
735563
735564
735565
735566
735567
735568
735569
735570
735571
735572
735573
735574
735575
735576
735577
735578
735579
735580
735581
735582
735583
735584
735585
735586
735587
735588
735589
735590
735591
735592
735593
735594
735595
735596
735597
735598
735599
735600
735601
735602
735603
735604
735605
735606
735607
735608
735609
735610
735611
735612
735613
735614
735615
735616
735617
735618
735619
735620
735621
735622
735623
735624
735625
735626
735627
735628
735629
735630
735631
735632
735633
735634
735635
735636
735637
735638
735639
735640
735641
735642
735643
735644
735645
735646
735647
735648
735649
735650
735651
735652
735653
735654
735655
735656
735657
735658
735659
735660
735661
735662
735663
735664
735665
735666
735667
735668
735669
735670
735671
735672
735673
735674
735675
735676
735677
735678
735679
735680
735681
735682
735683
735684
735685
735686
735687
735688
735689
735690
735691
735692
735693
735694
735695
735696
735697
735698
735699
735700
735701
735702
735703
735704
735705
735706
735707
735708
735709
735710
735711
735712
735713
735714
735715
735716
735717
735718
735719
735720
735721
735722
735723
735724
735725
735726
735727
735728
735729
735730
735731
735732
735733
735734
735735
735736
735737
735738
735739
735740
735741
735742
735743
735744
735745
735746
735747
735748
735749
735750
735751
735752
735753
735754
735755
735756
735757
735758
735759
735760
735761
735762
735763
735764
735765
735766
735767
735768
735769
735770
735771
735772
735773
735774
735775
735776
735777
735778
735779
735780
735781
735782
735783
735784
735785
735786
735787
735788
735789
735790
735791
735792
735793
735794
735795
735796
735797
735798
735799
735800
735801
735802
735803
735804
735805
735806
735807
735808
735809
735810
735811
735812
735813
735814
735815
735816
735817
735818
735819
735820
735821
735822
735823
735824
735825
735826
735827
735828
735829
735830
735831
735832
735833
735834
735835
735836
735837
735838
735839
735840
735841
735842
735843
735844
735845
735846
735847
735848
735849
735850
735851
735852
735853
735854
735855
735856
735857
735858
735859
735860
735861
735862
735863
735864
735865
735866
735867
735868
735869
735870
735871
735872
735873
735874
735875
735876
735877
735878
735879
735880
735881
735882
735883
735884
735885
735886
735887
735888
735889
735890
735891
735892
735893
735894
735895
735896
735897
735898
735899
735900
735901
735902
735903
735904
735905
735906
735907
735908
735909
735910
735911
735912
735913
735914
735915
735916
735917
735918
735919
735920
735921
735922
735923
735924
735925
735926
735927
735928
735929
735930
735931
735932
735933
735934
735935
735936
735937
735938
735939
735940
735941
735942
735943
735944
735945
735946
735947
735948
735949
735950
735951
735952
735953
735954
735955
735956
735957
735958
735959
735960
735961
735962
735963
735964
735965
735966
735967
735968
735969
735970
735971
735972
735973
735974
735975
735976
735977
735978
735979
735980
735981
735982
735983
735984
735985
735986
735987
735988
735989
735990
735991
735992
735993
735994
735995
735996
735997
735998
735999
736000
736001
736002
736003
736004
736005
736006
736007
736008
736009
736010
736011
736012
736013
736014
736015
736016
736017
736018
736019
736020
736021
736022
736023
736024
736025
736026
736027
736028
736029
736030
736031
736032
736033
736034
736035
736036
736037
736038
736039
736040
736041
736042
736043
736044
736045
736046
736047
736048
736049
736050
736051
736052
736053
736054
736055
736056
736057
736058
736059
736060
736061
736062
736063
736064
736065
736066
736067
736068
736069
736070
736071
736072
736073
736074
736075
736076
736077
736078
736079
736080
736081
736082
736083
736084
736085
736086
736087
736088
736089
736090
736091
736092
736093
736094
736095
736096
736097
736098
736099
736100
736101
736102
736103
736104
736105
736106
736107
736108
736109
736110
736111
736112
736113
736114
736115
736116
736117
736118
736119
736120
736121
736122
736123
736124
736125
736126
736127
736128
736129
736130
736131
736132
736133
736134
736135
736136
736137
736138
736139
736140
736141
736142
736143
736144
736145
736146
736147
736148
736149
736150
736151
736152
736153
736154
736155
736156
736157
736158
736159
736160
736161
736162
736163
736164
736165
736166
736167
736168
736169
736170
736171
736172
736173
736174
736175
736176
736177
736178
736179
736180
736181
736182
736183
736184
736185
736186
736187
736188
736189
736190
736191
736192
736193
736194
736195
736196
736197
736198
736199
736200
736201
736202
736203
736204
736205
736206
736207
736208
736209
736210
736211
736212
736213
736214
736215
736216
736217
736218
736219
736220
736221
736222
736223
736224
736225
736226
736227
736228
736229
736230
736231
736232
736233
736234
736235
736236
736237
736238
736239
736240
736241
736242
736243
736244
736245
736246
736247
736248
736249
736250
736251
736252
736253
736254
736255
736256
736257
736258
736259
736260
736261
736262
736263
736264
736265
736266
736267
736268
736269
736270
736271
736272
736273
736274
736275
736276
736277
736278
736279
736280
736281
736282
736283
736284
736285
736286
736287
736288
736289
736290
736291
736292
736293
736294
736295
736296
736297
736298
736299
736300
736301
736302
736303
736304
736305
736306
736307
736308
736309
736310
736311
736312
736313
736314
736315
736316
736317
736318
736319
736320
736321
736322
736323
736324
736325
736326
736327
736328
736329
736330
736331
736332
736333
736334
736335
736336
736337
736338
736339
736340
736341
736342
736343
736344
736345
736346
736347
736348
736349
736350
736351
736352
736353
736354
736355
736356
736357
736358
736359
736360
736361
736362
736363
736364
736365
736366
736367
736368
736369
736370
736371
736372
736373
736374
736375
736376
736377
736378
736379
736380
736381
736382
736383
736384
736385
736386
736387
736388
736389
736390
736391
736392
736393
736394
736395
736396
736397
736398
736399
736400
736401
736402
736403
736404
736405
736406
736407
736408
736409
736410
736411
736412
736413
736414
736415
736416
736417
736418
736419
736420
736421
736422
736423
736424
736425
736426
736427
736428
736429
736430
736431
736432
736433
736434
736435
736436
736437
736438
736439
736440
736441
736442
736443
736444
736445
736446
736447
736448
736449
736450
736451
736452
736453
736454
736455
736456
736457
736458
736459
736460
736461
736462
736463
736464
736465
736466
736467
736468
736469
736470
736471
736472
736473
736474
736475
736476
736477
736478
736479
736480
736481
736482
736483
736484
736485
736486
736487
736488
736489
736490
736491
736492
736493
736494
736495
736496
736497
736498
736499
736500
736501
736502
736503
736504
736505
736506
736507
736508
736509
736510
736511
736512
736513
736514
736515
736516
736517
736518
736519
736520
736521
736522
736523
736524
736525
736526
736527
736528
736529
736530
736531
736532
736533
736534
736535
736536
736537
736538
736539
736540
736541
736542
736543
736544
736545
736546
736547
736548
736549
736550
736551
736552
736553
736554
736555
736556
736557
736558
736559
736560
736561
736562
736563
736564
736565
736566
736567
736568
736569
736570
736571
736572
736573
736574
736575
736576
736577
736578
736579
736580
736581
736582
736583
736584
736585
736586
736587
736588
736589
736590
736591
736592
736593
736594
736595
736596
736597
736598
736599
736600
736601
736602
736603
736604
736605
736606
736607
736608
736609
736610
736611
736612
736613
736614
736615
736616
736617
736618
736619
736620
736621
736622
736623
736624
736625
736626
736627
736628
736629
736630
736631
736632
736633
736634
736635
736636
736637
736638
736639
736640
736641
736642
736643
736644
736645
736646
736647
736648
736649
736650
736651
736652
736653
736654
736655
736656
736657
736658
736659
736660
736661
736662
736663
736664
736665
736666
736667
736668
736669
736670
736671
736672
736673
736674
736675
736676
736677
736678
736679
736680
736681
736682
736683
736684
736685
736686
736687
736688
736689
736690
736691
736692
736693
736694
736695
736696
736697
736698
736699
736700
736701
736702
736703
736704
736705
736706
736707
736708
736709
736710
736711
736712
736713
736714
736715
736716
736717
736718
736719
736720
736721
736722
736723
736724
736725
736726
736727
736728
736729
736730
736731
736732
736733
736734
736735
736736
736737
736738
736739
736740
736741
736742
736743
736744
736745
736746
736747
736748
736749
736750
736751
736752
736753
736754
736755
736756
736757
736758
736759
736760
736761
736762
736763
736764
736765
736766
736767
736768
736769
736770
736771
736772
736773
736774
736775
736776
736777
736778
736779
736780
736781
736782
736783
736784
736785
736786
736787
736788
736789
736790
736791
736792
736793
736794
736795
736796
736797
736798
736799
736800
736801
736802
736803
736804
736805
736806
736807
736808
736809
736810
736811
736812
736813
736814
736815
736816
736817
736818
736819
736820
736821
736822
736823
736824
736825
736826
736827
736828
736829
736830
736831
736832
736833
736834
736835
736836
736837
736838
736839
736840
736841
736842
736843
736844
736845
736846
736847
736848
736849
736850
736851
736852
736853
736854
736855
736856
736857
736858
736859
736860
736861
736862
736863
736864
736865
736866
736867
736868
736869
736870
736871
736872
736873
736874
736875
736876
736877
736878
736879
736880
736881
736882
736883
736884
736885
736886
736887
736888
736889
736890
736891
736892
736893
736894
736895
736896
736897
736898
736899
736900
736901
736902
736903
736904
736905
736906
736907
736908
736909
736910
736911
736912
736913
736914
736915
736916
736917
736918
736919
736920
736921
736922
736923
736924
736925
736926
736927
736928
736929
736930
736931
736932
736933
736934
736935
736936
736937
736938
736939
736940
736941
736942
736943
736944
736945
736946
736947
736948
736949
736950
736951
736952
736953
736954
736955
736956
736957
736958
736959
736960
736961
736962
736963
736964
736965
736966
736967
736968
736969
736970
736971
736972
736973
736974
736975
736976
736977
736978
736979
736980
736981
736982
736983
736984
736985
736986
736987
736988
736989
736990
736991
736992
736993
736994
736995
736996
736997
736998
736999
737000
737001
737002
737003
737004
737005
737006
737007
737008
737009
737010
737011
737012
737013
737014
737015
737016
737017
737018
737019
737020
737021
737022
737023
737024
737025
737026
737027
737028
737029
737030
737031
737032
737033
737034
737035
737036
737037
737038
737039
737040
737041
737042
737043
737044
737045
737046
737047
737048
737049
737050
737051
737052
737053
737054
737055
737056
737057
737058
737059
737060
737061
737062
737063
737064
737065
737066
737067
737068
737069
737070
737071
737072
737073
737074
737075
737076
737077
737078
737079
737080
737081
737082
737083
737084
737085
737086
737087
737088
737089
737090
737091
737092
737093
737094
737095
737096
737097
737098
737099
737100
737101
737102
737103
737104
737105
737106
737107
737108
737109
737110
737111
737112
737113
737114
737115
737116
737117
737118
737119
737120
737121
737122
737123
737124
737125
737126
737127
737128
737129
737130
737131
737132
737133
737134
737135
737136
737137
737138
737139
737140
737141
737142
737143
737144
737145
737146
737147
737148
737149
737150
737151
737152
737153
737154
737155
737156
737157
737158
737159
737160
737161
737162
737163
737164
737165
737166
737167
737168
737169
737170
737171
737172
737173
737174
737175
737176
737177
737178
737179
737180
737181
737182
737183
737184
737185
737186
737187
737188
737189
737190
737191
737192
737193
737194
737195
737196
737197
737198
737199
737200
737201
737202
737203
737204
737205
737206
737207
737208
737209
737210
737211
737212
737213
737214
737215
737216
737217
737218
737219
737220
737221
737222
737223
737224
737225
737226
737227
737228
737229
737230
737231
737232
737233
737234
737235
737236
737237
737238
737239
737240
737241
737242
737243
737244
737245
737246
737247
737248
737249
737250
737251
737252
737253
737254
737255
737256
737257
737258
737259
737260
737261
737262
737263
737264
737265
737266
737267
737268
737269
737270
737271
737272
737273
737274
737275
737276
737277
737278
737279
737280
737281
737282
737283
737284
737285
737286
737287
737288
737289
737290
737291
737292
737293
737294
737295
737296
737297
737298
737299
737300
737301
737302
737303
737304
737305
737306
737307
737308
737309
737310
737311
737312
737313
737314
737315
737316
737317
737318
737319
737320
737321
737322
737323
737324
737325
737326
737327
737328
737329
737330
737331
737332
737333
737334
737335
737336
737337
737338
737339
737340
737341
737342
737343
737344
737345
737346
737347
737348
737349
737350
737351
737352
737353
737354
737355
737356
737357
737358
737359
737360
737361
737362
737363
737364
737365
737366
737367
737368
737369
737370
737371
737372
737373
737374
737375
737376
737377
737378
737379
737380
737381
737382
737383
737384
737385
737386
737387
737388
737389
737390
737391
737392
737393
737394
737395
737396
737397
737398
737399
737400
737401
737402
737403
737404
737405
737406
737407
737408
737409
737410
737411
737412
737413
737414
737415
737416
737417
737418
737419
737420
737421
737422
737423
737424
737425
737426
737427
737428
737429
737430
737431
737432
737433
737434
737435
737436
737437
737438
737439
737440
737441
737442
737443
737444
737445
737446
737447
737448
737449
737450
737451
737452
737453
737454
737455
737456
737457
737458
737459
737460
737461
737462
737463
737464
737465
737466
737467
737468
737469
737470
737471
737472
737473
737474
737475
737476
737477
737478
737479
737480
737481
737482
737483
737484
737485
737486
737487
737488
737489
737490
737491
737492
737493
737494
737495
737496
737497
737498
737499
737500
737501
737502
737503
737504
737505
737506
737507
737508
737509
737510
737511
737512
737513
737514
737515
737516
737517
737518
737519
737520
737521
737522
737523
737524
737525
737526
737527
737528
737529
737530
737531
737532
737533
737534
737535
737536
737537
737538
737539
737540
737541
737542
737543
737544
737545
737546
737547
737548
737549
737550
737551
737552
737553
737554
737555
737556
737557
737558
737559
737560
737561
737562
737563
737564
737565
737566
737567
737568
737569
737570
737571
737572
737573
737574
737575
737576
737577
737578
737579
737580
737581
737582
737583
737584
737585
737586
737587
737588
737589
737590
737591
737592
737593
737594
737595
737596
737597
737598
737599
737600
737601
737602
737603
737604
737605
737606
737607
737608
737609
737610
737611
737612
737613
737614
737615
737616
737617
737618
737619
737620
737621
737622
737623
737624
737625
737626
737627
737628
737629
737630
737631
737632
737633
737634
737635
737636
737637
737638
737639
737640
737641
737642
737643
737644
737645
737646
737647
737648
737649
737650
737651
737652
737653
737654
737655
737656
737657
737658
737659
737660
737661
737662
737663
737664
737665
737666
737667
737668
737669
737670
737671
737672
737673
737674
737675
737676
737677
737678
737679
737680
737681
737682
737683
737684
737685
737686
737687
737688
737689
737690
737691
737692
737693
737694
737695
737696
737697
737698
737699
737700
737701
737702
737703
737704
737705
737706
737707
737708
737709
737710
737711
737712
737713
737714
737715
737716
737717
737718
737719
737720
737721
737722
737723
737724
737725
737726
737727
737728
737729
737730
737731
737732
737733
737734
737735
737736
737737
737738
737739
737740
737741
737742
737743
737744
737745
737746
737747
737748
737749
737750
737751
737752
737753
737754
737755
737756
737757
737758
737759
737760
737761
737762
737763
737764
737765
737766
737767
737768
737769
737770
737771
737772
737773
737774
737775
737776
737777
737778
737779
737780
737781
737782
737783
737784
737785
737786
737787
737788
737789
737790
737791
737792
737793
737794
737795
737796
737797
737798
737799
737800
737801
737802
737803
737804
737805
737806
737807
737808
737809
737810
737811
737812
737813
737814
737815
737816
737817
737818
737819
737820
737821
737822
737823
737824
737825
737826
737827
737828
737829
737830
737831
737832
737833
737834
737835
737836
737837
737838
737839
737840
737841
737842
737843
737844
737845
737846
737847
737848
737849
737850
737851
737852
737853
737854
737855
737856
737857
737858
737859
737860
737861
737862
737863
737864
737865
737866
737867
737868
737869
737870
737871
737872
737873
737874
737875
737876
737877
737878
737879
737880
737881
737882
737883
737884
737885
737886
737887
737888
737889
737890
737891
737892
737893
737894
737895
737896
737897
737898
737899
737900
737901
737902
737903
737904
737905
737906
737907
737908
737909
737910
737911
737912
737913
737914
737915
737916
737917
737918
737919
737920
737921
737922
737923
737924
737925
737926
737927
737928
737929
737930
737931
737932
737933
737934
737935
737936
737937
737938
737939
737940
737941
737942
737943
737944
737945
737946
737947
737948
737949
737950
737951
737952
737953
737954
737955
737956
737957
737958
737959
737960
737961
737962
737963
737964
737965
737966
737967
737968
737969
737970
737971
737972
737973
737974
737975
737976
737977
737978
737979
737980
737981
737982
737983
737984
737985
737986
737987
737988
737989
737990
737991
737992
737993
737994
737995
737996
737997
737998
737999
738000
738001
738002
738003
738004
738005
738006
738007
738008
738009
738010
738011
738012
738013
738014
738015
738016
738017
738018
738019
738020
738021
738022
738023
738024
738025
738026
738027
738028
738029
738030
738031
738032
738033
738034
738035
738036
738037
738038
738039
738040
738041
738042
738043
738044
738045
738046
738047
738048
738049
738050
738051
738052
738053
738054
738055
738056
738057
738058
738059
738060
738061
738062
738063
738064
738065
738066
738067
738068
