368468
368469
368470
368471
368472
368473
368474
368475
368476
368477
368478
368479
368480
368481
368482
377564
377565
377566
377567
377568
377569
377570
377571
377572
377573
377574
377575
377576
377577
377578
377579
377580
377581
377582
377583
377584
377585
377586
377587
377588
377589
377590
377591
393138
393139
393140
393141
393142
393143
393144
393145
393146
393147
393148
393149
393150
393151
393152
393153
393154
393155
393156
393157
393158
393159
393160
393161
393162
393163
393164
393165
393166
393167
393168
393169
393170
393171
406184
406185
406186
406187
406188
406189
406190
406191
406192
406193
406194
406195
406196
406197
406198
406199
406200
406201
406202
406203
406204
406205
406206
406207
406208
406209
406210
438380
438381
438382
438383
438384
438385
438386
438387
438388
438389
438390
438391
438392
438393
438394
438395
438396
438397
438398
438399
438400
438401
438402
438403
438404
438405
438406
438407
438408
438409
438410
438411
438412
438413
438414
438415
438416
438417
438418
438419
438420
438421
438422
438423
438424
438425
438426
438427
438428
438429
438430
438431
438432
438433
438434
438435
438436
438437
438438
438439
438440
438441
438442
438443
438444
438445
438446
438447
438448
438449
438450
438451
438452
438453
438454
438455
438456
438457
438458
438459
438460
438461
438462
438463
438464
438465
438466
438467
438468
438469
438470
438471
438472
438473
438474
438475
438476
438477
438478
438479
438480
438481
438482
438483
438484
438485
438486
438487
438488
438489
438490
438491
438492
438493
438494
438495
438496
438497
438498
438499
438500
438501
438502
438503
438504
438505
438506
438507
438508
438509
438510
438511
438512
438513
438514
438515
438516
438517
438518
438519
438520
438521
438522
438523
438524
438525
438526
438527
438528
438529
438530
438531
438532
438533
438534
438535
438536
438537
438538
438539
438540
438541
438542
438543
438544
438545
438546
438547
438548
438549
438550
438551
438552
438553
438554
438555
438556
438557
438558
438559
438560
438561
438562
438563
438564
438565
438566
438567
438568
438569
438570
438571
438572
438573
438574
438575
438576
438577
438578
438579
438580
438581
438582
438583
438584
438585
438586
438587
438588
438589
438590
438591
438592
438593
438594
438595
438596
438597
438598
438599
438600
438601
438602
438603
438604
438605
438606
438607
438608
438609
438610
438611
438612
438613
438614
438615
438616
438617
438618
438619
438620
438621
438622
438623
438624
438625
438626
438627
438628
438629
438630
438631
438632
438633
438634
438635
438636
438637
438638
438639
438640
438641
438642
438643
438644
438645
438646
438647
438648
438649
438650
438651
438652
438653
438654
438655
438656
438657
438658
438659
438660
438661
438662
438663
438664
438665
438666
438667
438668
438669
438670
438671
438672
438673
438674
438675
438676
438677
438678
438679
438680
438681
438682
438683
438684
438685
438686
438687
438688
438689
438690
438691
438692
438693
438694
438695
438696
438697
438698
438699
438700
438701
438702
438703
438704
438705
438706
438707
438708
438709
438710
438711
438712
438713
438714
438715
438716
438717
438718
438719
438720
438721
438722
438723
438724
438725
438726
438727
438728
438729
438730
438731
438732
438733
438734
438735
438736
438737
438738
438739
438740
438741
438742
438743
438744
438745
438746
438747
438748
438749
438750
438751
438752
438753
438754
438755
438756
438757
438758
438759
438760
438761
438762
438763
438764
438765
438766
438767
438768
438769
438770
438771
438772
438773
438774
438775
438776
438777
438778
438779
438780
438781
438782
438783
438784
438785
438786
438787
438788
438789
438790
438791
438792
438793
438794
438795
438796
438797
438798
438799
438800
438801
438802
438803
438804
438805
438806
438807
438808
438809
438810
438811
438812
438813
438814
438815
438816
438817
438818
438819
438820
438821
438822
438823
438824
438825
438826
438827
438828
438829
438830
438831
438832
438833
438834
438835
438836
438837
438838
438839
438840
438841
438842
438843
438844
438845
438846
438847
438848
438849
438850
438851
438852
438853
438854
438855
438856
438857
438858
438859
438860
438861
438862
438863
438864
438865
438866
438867
438868
438869
438870
438871
438872
438873
438874
438875
438876
438877
438878
438879
438880
438881
438882
438883
438884
438885
438886
438887
438888
438889
438890
438891
438892
438893
438894
438895
438896
438897
438898
438899
438900
438901
438902
438903
438904
438905
438906
438907
438908
438909
438910
438911
438912
438913
438914
438915
438916
438917
438918
438919
438920
438921
438922
438923
438924
438925
438926
438927
438928
438929
438930
438931
438932
438933
438934
438935
438936
438937
438938
438939
438940
438941
438942
438943
438944
438945
438946
438947
438948
438949
438950
438951
438952
438953
438954
438955
438956
438957
438958
438959
438960
438961
438962
438963
438964
438965
438966
438967
438968
438969
438970
438971
438972
438973
438974
438975
438976
438977
438978
438979
438980
438981
438982
438983
438984
438985
438986
438987
438988
438989
438990
438991
438992
438993
438994
438995
438996
438997
438998
438999
439000
439001
439002
439003
439004
439005
439006
439007
439008
439009
439010
439011
439012
439013
439014
439015
439016
439017
439018
439019
439020
439021
439022
439023
439024
439025
439026
439027
439028
439029
439030
439031
439032
439033
439034
439035
439036
439037
439038
439039
439040
439041
439042
439043
439044
439045
439046
439047
439048
439049
439050
439051
439052
439053
439054
439055
439056
439057
439058
439059
439060
439061
439062
439063
439064
439065
439066
439067
439068
439069
439070
439071
439072
439073
439074
439075
439076
439077
439078
439079
439080
439081
439082
439083
439084
439085
439086
439087
439088
439089
439090
439091
439092
439093
439094
439095
439096
439097
439098
439099
439100
439101
439102
439103
439104
439105
439106
439107
439108
439109
439110
439111
439112
439113
439114
439115
439116
439117
439118
439119
439120
439121
439122
439123
439124
439125
439126
439127
439128
439129
439130
439131
439132
439133
439134
439135
439136
439137
439138
439139
439140
439141
439142
439143
439144
439145
439146
439147
439148
439149
439150
439151
439152
439153
439154
439155
439156
439157
439158
439159
439160
439161
439162
439163
439164
439165
439166
439167
439168
439169
439170
439171
439172
439173
439174
439175
439176
439177
439178
439179
439180
439181
439182
439183
439184
439185
439186
439187
439188
439189
439190
439191
439192
439193
439194
439195
439196
439197
439198
439199
439200
439201
439202
439203
439204
439205
439206
439207
439208
439209
439210
439211
439212
439213
439214
439215
439216
439217
439218
439219
439220
439221
439222
439223
439224
439225
439226
439227
439228
439229
439230
439231
439232
439233
439234
439235
439236
439237
439238
439239
439240
439241
439242
439243
439244
439245
439246
439247
439248
439249
439250
439251
439252
439253
439254
439255
439256
439257
439258
439259
439260
439261
439262
439263
439264
439265
439266
439267
439268
439269
439270
439271
439272
439273
439274
439275
439276
439277
439278
439279
439280
439281
439282
439283
439284
439285
439286
439287
439288
439289
439290
439291
439292
439293
439294
439295
439296
439297
439298
439299
439300
439301
439302
439303
439304
439305
439306
439307
439308
439309
439310
439311
439312
439313
439314
439315
439316
439317
439318
439319
439320
439321
439322
439323
439324
439325
439326
439327
439328
439329
439330
439331
439332
439333
439334
439335
439336
439337
439338
439339
439340
439341
439342
439343
439344
439345
439346
439347
439348
439349
439350
439351
439352
439353
439354
439355
439356
439357
439358
439359
439360
439361
439362
439363
439364
439365
439366
439367
439368
439369
439370
439371
439372
439373
439374
439375
439376
439377
439378
439379
439380
439381
439382
439383
439384
439385
439386
439387
439388
439389
439390
439391
439392
439393
439394
439395
439396
439397
439398
439399
439400
439401
439402
439403
439404
439405
439406
439407
439408
439409
439410
439411
439412
439413
439414
439415
439416
439417
439418
439419
439420
439421
439422
439423
439424
439425
439426
439427
439428
439429
439430
439431
439432
439433
439434
439435
439436
439437
439438
439439
439440
439441
439442
439443
439444
439445
439446
439447
439448
439449
439450
439451
439452
439453
439454
439455
439456
439457
439458
439459
439460
439461
439462
439463
439464
439465
439466
439467
439468
439469
439470
439471
439472
439473
439474
439475
439476
439477
439478
439479
439480
439481
439482
439483
439484
439485
439486
439487
439488
439489
439490
439491
439492
439493
439494
439495
439496
439497
439498
439499
439500
439501
439502
439503
439504
439505
439506
439507
439508
439509
439510
439511
439512
439513
439514
439515
439516
439517
439518
439519
439520
439521
439522
439523
439524
439525
439526
439527
439528
439529
439530
439531
439532
439533
439534
439535
439536
439537
439538
439539
439540
439541
439542
439543
439544
439545
439546
439547
439548
439549
439550
439551
439552
439553
439554
439555
439556
439557
439558
439559
439560
439561
439562
439563
439564
439565
439566
439567
439568
439569
439570
439571
439572
439573
439574
439575
439576
439577
439578
439579
439580
439581
439582
439583
439584
439585
439586
439587
439588
439589
439590
439591
439592
439593
439594
439595
439596
439597
439598
439599
439600
439601
439602
439603
439604
439605
439606
439607
439608
439609
439610
439611
439612
439613
439614
439615
439616
439617
439618
439619
439620
439621
439622
439623
439624
439625
439626
439627
439628
439629
439630
439631
439632
439633
439634
439635
439636
439637
439638
439639
439640
439641
439642
439643
439644
439645
439646
439647
439648
439649
439650
439651
439652
439653
439654
439655
439656
439657
439658
439659
439660
439661
439662
439663
439664
439665
439666
439667
439668
439669
439670
439671
439672
439673
439674
439675
439676
439677
439678
439679
439680
439681
439682
439683
439684
439685
439686
439687
439688
439689
439690
439691
439692
439693
439694
439695
439696
439697
439698
439699
439700
439701
439702
439703
439704
439705
439706
439707
439708
439709
439710
439711
439712
439713
439714
439715
439716
439717
439718
439719
439720
439721
439722
439723
439724
439725
439726
439727
439728
439729
439730
439731
439732
439733
439734
439735
439736
439737
439738
439739
439740
439741
439742
439743
439744
439745
439746
439747
439748
439749
439750
439751
439752
439753
439754
439755
439756
439757
439758
439759
439760
439761
439762
439763
439764
439765
439766
439767
439768
439769
439770
439771
439772
439773
439774
439775
439776
439777
439778
439779
439780
439781
439782
439783
439784
439785
439786
439787
439788
439789
439790
439791
439792
439793
439794
439795
439796
439797
439798
439799
439800
439801
439802
439803
439804
439805
439806
439807
439808
439809
439810
439811
439812
439813
439814
439815
439816
439817
439818
439819
439820
439821
439822
439823
439824
439825
439826
439827
439828
439829
439830
439831
439832
439833
439834
439835
439836
439837
439838
439839
439840
439841
439842
439843
439844
439845
439846
439847
439848
439849
439850
439851
439852
439853
439854
439855
439856
439857
439858
439859
439860
439861
439862
439863
439864
439865
439866
439867
439868
439869
439870
439871
439872
439873
439874
439875
439876
439877
439878
439879
439880
439881
439882
439883
439884
439885
439886
439887
439888
439889
439890
439891
439892
439893
439894
439895
439896
439897
439898
439899
439900
439901
439902
439903
439904
439905
439906
439907
439908
439909
439910
439911
439912
439913
439914
439915
439916
439917
439918
439919
439920
439921
439922
439923
439924
439925
439926
439927
439928
439929
439930
439931
439932
439933
439934
439935
439936
439937
439938
439939
439940
439941
439942
439943
439944
439945
439946
439947
439948
439949
439950
439951
439952
439953
439954
439955
439956
439957
439958
439959
439960
439961
439962
439963
439991
439992
439993
439994
439995
439996
439997
439998
439999
440000
440001
440002
440003
440004
440005
440040
440041
440042
440043
440044
440045
440046
440047
440048
440049
440078
440079
440080
440081
440082
440083
440084
440085
440086
440087
440088
440104
440105
440106
440107
440108
440109
440110
440111
440112
440113
440114
440115
440116
440117
440118
440119
440120
440121
440122
440123
440124
440125
440126
440127
440128
440129
440130
440131
440132
440133
440134
440135
440136
440137
440138
440139
440140
440141
440142
440143
440144
440145
440146
440147
440148
440149
440150
440151
440152
440153
440154
440155
440156
440157
440158
440159
440160
440161
440162
440163
440164
440165
440166
440167
440168
440169
440170
440171
440172
440173
440174
440175
440176
440177
440178
440179
440180
440181
440182
440183
440184
440185
440186
440187
440188
440189
440190
440191
440192
440193
440194
440195
440196
440197
440198
440199
440200
440201
440203
440204
440205
440206
440207
440208
440209
440210
440211
440212
440213
440214
440215
440216
440217
440218
440219
440220
440221
440222
440223
440224
440225
440226
440227
440228
440229
440230
440231
440232
440233
440234
440235
440236
440237
440238
440239
440240
440241
440242
440243
440244
440245
440246
440247
440248
440249
440250
440251
440252
440253
440254
440255
440256
440257
440258
440259
440260
440261
440262
440263
440264
440265
440266
440267
440268
440269
440270
440271
440272
440273
440274
440275
440276
440277
440278
440279
440280
440281
440282
440283
440284
440285
440286
440287
440288
440289
440290
440291
440292
440293
440294
440295
440296
440297
440298
440299
440300
440301
440302
440303
440304
440305
440306
440307
440308
440309
440310
440311
440312
440313
440314
440315
440316
440317
440318
440319
440320
440321
440322
440323
440324
440325
440326
440327
440328
440329
440330
440331
440332
440333
440334
440335
440336
440337
440338
440339
440340
440341
440342
440343
440344
440345
440346
440347
440348
440349
440350
440351
440352
440353
440354
440355
440356
440357
440358
440359
440360
440361
440362
440363
440364
440365
440366
440367
440368
440369
440370
440371
440372
440373
440374
440375
440376
440377
440378
440379
440380
440381
440382
440383
440384
440385
440386
440387
440388
440389
440390
440391
440392
440393
440394
440395
440396
440397
440398
440399
440400
440401
440402
440403
440404
440405
440406
440407
440408
440409
440410
440411
440412
440413
440414
440415
440416
440417
440418
440419
440420
440421
440422
440423
440424
440425
440426
440427
440428
440429
440430
440431
440432
440433
440434
440435
440436
440437
440438
440439
440440
440441
440442
440443
440444
440445
440446
440447
440448
440449
440450
440451
440452
440453
440454
440455
440456
440457
440458
440459
440460
440461
440462
440463
440464
440465
440466
440467
440468
440469
440470
440471
440472
440473
440474
440475
440476
440477
440478
440479
440480
440481
440482
440483
440484
440485
440486
440487
440488
440489
440490
440491
440492
440493
440494
440495
440496
440497
440498
440499
440500
440501
440502
440503
440504
440505
440506
440507
440508
440509
440510
440511
440512
440513
440514
440515
440516
440517
440518
440519
440520
440521
440522
440523
440524
440525
440526
440527
440528
440529
440530
440531
440532
440533
440534
440535
440536
440537
440538
440539
440540
440541
440542
440543
440544
440545
440546
440547
440548
440549
440550
440551
440552
440553
440554
440555
440556
440557
440558
440559
440560
440561
440562
440563
440564
440565
440566
440567
440568
440569
440570
440571
440572
440573
440574
440575
440576
440577
440578
440579
440580
440581
440582
440583
440584
440585
440586
440587
440588
440589
440590
440591
440592
440593
440594
440595
440596
440597
440598
440599
440600
440601
440602
440603
440604
440605
440606
440607
440608
440609
440610
440611
440612
440613
440614
440615
440616
440617
440618
440619
440620
440621
440622
440623
440624
440625
440626
440627
440628
440629
440630
440631
440632
440633
440634
440635
440636
440637
440638
440639
440640
440641
440642
440643
440644
440645
440646
440647
440648
440649
440650
440651
440652
440653
440654
440655
440656
440657
440658
440659
440660
440661
440662
440663
440664
440665
440666
440667
440668
440669
440670
440671
440672
440673
440674
440675
440676
440677
440678
440679
440680
440681
440682
440683
440684
440685
440686
440687
440688
440689
440690
440691
440692
440693
440694
440695
440696
440697
440698
440699
440700
440701
440702
440703
440704
440705
440706
440707
440708
440709
440710
440711
440712
440713
440714
440715
440716
440717
440718
440719
440720
440721
440722
440723
440724
440725
440726
440727
440728
440729
440730
440731
440732
440733
440734
440735
440736
440737
440738
440739
440740
440741
440742
440743
440744
440745
440746
440747
440748
440749
440750
440751
440752
440753
440754
440755
440756
440757
440758
440759
440760
440761
440762
440763
440764
440765
440766
440767
440768
440769
440770
440771
440772
440773
440774
440775
440776
440777
440778
440779
440780
440781
440782
440783
440784
440785
440786
440787
440788
440789
440790
440791
440792
440793
440794
440795
440796
440797
440798
440799
440800
440801
440802
440803
440804
440805
440806
440807
440808
440809
440810
440811
440812
440813
440814
440815
440816
440817
440818
440819
440820
440821
440822
440823
440824
440825
440826
440827
440828
440829
440830
440831
440832
440833
440834
440835
440836
440837
440838
440839
440840
440841
440842
440843
440844
440845
440846
440847
440848
440849
440850
440851
440852
440853
440854
440855
440856
440857
440858
440859
440860
440861
440862
440863
440864
440865
440866
440867
440868
440869
440870
440871
440872
440873
440874
440875
440876
440877
440878
440879
440880
440881
440882
440883
440884
440885
440886
440887
440888
440889
440890
440891
440892
440893
440894
440895
440896
440897
440898
440899
440900
440901
440902
440903
440904
440905
440906
440907
440908
440909
440910
440911
440912
440913
440914
440915
440916
440917
440918
440919
440920
440921
440922
440923
440924
440925
440926
440927
440928
440929
440930
440931
440932
440933
440934
440935
440936
440937
440938
440939
440940
440941
440942
440943
440944
440945
440946
440947
440948
440949
440950
440951
440952
440953
440954
440955
440956
440957
440958
440959
440960
440961
440962
440963
440964
440965
440966
440967
440968
440969
440970
440971
440972
440973
440974
440975
440976
440977
440978
440979
440980
440981
440982
440983
440984
440985
440986
440987
440988
440989
440990
440991
440992
440993
440994
440995
440996
440997
440998
440999
441000
441001
441002
441003
441004
441005
441006
441007
441008
441009
441010
441011
441012
441013
441014
441015
441016
441017
441018
441019
441020
441021
441022
441023
441024
441025
441026
441027
441028
441029
441030
441031
441032
441033
441034
441035
441036
441037
441038
441039
441040
441041
441042
441043
441044
441045
441046
441047
441048
441049
441050
441051
441052
441053
441054
441055
441056
441057
441058
441059
441060
441061
441062
441063
441064
441065
441066
441067
441068
441069
441070
441071
441072
441073
441074
441075
441076
441077
441078
441079
441080
441081
441082
441083
441084
441085
441086
441087
441088
441089
441090
441091
441092
441093
441094
441095
441096
441097
441098
441099
441100
441101
441102
441103
441104
441105
441106
441107
441108
441109
441110
441111
441112
441113
441114
441115
441116
441117
441118
441119
441120
441121
441122
441123
441124
441125
441127
441128
441129
441130
441131
441132
441133
441134
441135
441136
441137
441139
441140
441141
441142
441143
441144
441145
441146
441147
441148
441149
441150
441151
441152
441153
441154
441155
441156
441157
441158
441159
441160
441161
441162
441163
441164
441165
441166
441167
441168
441169
441170
441171
441172
441173
441174
441175
441176
441177
441178
441179
441180
441181
441182
441183
441184
441185
441186
441187
441188
441189
441190
441191
441192
441193
441194
441195
441196
441197
441198
441199
441200
441201
441202
441203
441204
441205
441206
441207
441208
441209
441210
441211
441212
441213
441214
441215
441216
441217
441218
441219
441220
441221
441222
441223
441224
441225
441226
441227
441228
441229
441230
441231
441232
441233
441234
441235
441236
441237
441238
441239
441240
441241
441242
441243
441244
441245
441246
441247
441248
441249
441250
441251
441252
441253
441254
441255
441256
441257
441258
441259
441260
441261
441262
441263
441264
441265
441266
441267
441268
441269
441270
441271
441272
441273
441274
441275
441276
441277
441278
441279
441280
441281
441282
441283
441284
441285
441286
441287
441288
441289
441290
441291
441292
441293
441294
441295
441296
441297
441298
441299
441300
441301
441302
441303
441304
441305
441306
441307
441308
441309
441310
441311
441312
441313
441314
441315
441316
441317
441318
441319
441320
441321
441322
441323
441324
441325
441326
441327
441328
441329
441330
441331
441332
441333
441334
441335
441336
441337
441338
441339
441340
441341
441342
441343
441344
441345
441346
441347
441348
441349
441350
441351
441352
441353
441354
441355
441356
441357
441358
441359
441360
441361
441362
441363
441364
441365
441366
441367
441368
441369
441370
441371
441372
441373
441374
441375
441376
441377
441378
441379
441380
441381
441382
441383
441384
441385
441386
441387
441388
441389
441390
441391
441392
441393
441394
441395
441396
441397
441398
441399
441400
441401
441402
441403
441404
441405
441406
441407
441408
441409
441410
441411
441412
441413
441414
441415
441416
441417
441418
441419
441420
441421
441422
441423
441424
441425
441426
441427
441428
441429
441430
441431
441432
441433
441434
441435
441436
441437
441438
441439
441440
441441
441442
441443
441444
441445
441446
441447
441448
441449
441450
441451
441452
441453
441454
441455
441456
441457
441458
441459
441460
441461
441462
441463
441464
441465
441466
441467
441468
441469
441470
441471
441472
441473
441474
441475
441476
441477
441478
441479
441480
441481
441482
441483
441484
441485
441486
441487
441488
441489
441490
441491
441492
441493
441494
441495
441496
441497
441498
441499
441500
441501
441502
441503
441504
441505
441506
441507
441508
441509
441510
441511
441512
441513
441514
441515
441516
441517
441518
441519
441520
441521
441522
441523
441524
441525
441526
441527
441528
441529
441530
441531
441532
441533
441534
441535
441536
441537
441538
441539
441540
441541
441542
441543
441544
441545
441546
441547
441548
441549
441550
441551
441552
441553
441554
441555
441556
441557
441558
441559
441560
441561
441562
441563
441564
441565
441566
441567
441568
441569
441570
441571
441572
441573
441574
441575
441576
441577
441578
441579
441580
441581
441582
441583
441584
441585
441586
441587
441588
441589
441590
441591
441592
441593
441594
441595
441596
441597
441598
441599
441600
441601
441602
441603
441604
441605
441606
441607
441608
441609
441610
441611
441612
441613
441614
441615
441616
441617
441618
441619
441620
441621
441622
441623
441624
441625
441626
441627
441628
441629
441630
441631
441632
441633
441634
441635
441636
441637
441638
441639
441640
441641
441642
441643
441644
441645
441646
441647
441648
441649
441650
441651
441652
441653
441654
441655
441656
441657
441658
441659
441660
441661
441662
441663
441664
441665
441666
441667
441668
441669
441670
441671
441672
441673
441674
441675
441676
441677
441678
441679
441680
441681
441682
441683
441684
441685
441686
441687
441688
441689
441690
441691
441692
441693
441694
441695
441696
441697
441698
441699
441700
441701
441702
441703
441704
441705
441706
441707
441708
441709
441710
441711
441712
441713
441714
441715
441716
441717
441718
441719
441720
441721
441722
441723
441724
441725
441726
441727
441728
441729
441730
441731
441732
441733
441734
441735
441736
441737
441738
441739
441740
441741
441742
441743
441744
441745
441746
441747
441748
441749
441750
441751
441752
441753
441754
441755
441756
441757
441758
441759
441760
441761
441762
441763
441764
441765
441766
441767
441768
441769
441770
441771
441772
441773
441774
441775
441776
441777
441778
441779
441780
441781
441782
441783
441784
441785
441786
441787
441788
441789
441790
441791
441792
441793
441794
441795
441796
441797
441798
441799
441800
441801
441802
441803
441804
441805
441806
441807
441808
441809
441810
441811
441812
441813
441814
441815
441816
441817
441818
441819
441820
