593139
593140
593141
593142
593143
593144
593145
593146
593147
593148
593149
593150
593151
593152
593153
593154
593155
593156
593157
593158
593159
593160
593161
593162
593163
593164
593165
593166
593167
593168
593169
593170
593171
593172
593173
593174
593175
593176
593177
593178
593179
593180
593181
593182
593183
593184
593185
593186
593187
593188
593189
593190
593191
593192
593193
593194
593195
593196
593197
593198
593199
593200
593201
593202
593203
593204
593205
593206
593207
593208
593209
593210
593211
593212
593213
593214
593215
593216
593217
593218
593219
593220
593221
593222
593223
593224
593225
593226
593227
593228
593229
593230
593231
593232
593233
593234
593235
593236
593237
593238
593239
593240
593241
593242
593243
593244
593245
593246
593247
593248
593249
593250
593251
593252
593253
593254
593255
593256
593257
593258
593259
593260
593261
593262
593263
593264
593265
593266
593267
593268
593269
593270
593271
593272
593273
593274
593275
593276
593277
593278
593279
593280
593281
593282
593283
593284
593285
593286
593287
593288
593289
593290
593291
593292
593293
593294
593295
593296
593297
593298
593299
593300
593301
593302
593303
593304
593305
593306
593307
593308
593309
593310
593311
593312
593313
593314
593315
593316
593317
593318
593319
593320
593321
593322
593323
593324
593325
593326
593327
593328
593329
593330
593331
593332
593333
593334
593335
593336
593337
593338
593339
593340
593341
593342
593343
593344
593345
593346
593347
593348
593349
593350
593351
593352
593353
593354
593355
593356
593357
593358
593359
593360
593361
593362
593363
593364
593365
593366
593367
593368
593369
593370
593371
593372
593373
593374
593375
593376
593377
593378
593379
593380
593381
593382
593383
593384
593385
593386
593387
593388
593389
593390
593391
593392
593393
593394
593395
593396
593397
593398
593399
593400
593401
593402
593403
593404
593405
593406
593407
593408
593409
593410
593411
593412
593413
593414
593415
593416
593417
593418
593419
593420
593421
593422
593423
593424
593425
593426
593427
593428
593429
593430
593431
593432
593433
593434
593435
593436
593437
593438
593439
593440
593441
593442
593443
593444
593445
593446
593447
593448
593449
593450
593451
593452
593453
593454
593455
593456
593457
593458
593459
593460
593461
593462
593463
593464
593465
593466
593467
593468
593469
593470
593471
593472
593473
593474
593475
593476
593477
593478
593479
593480
593481
593482
593483
593484
593485
593486
593487
593488
593489
593490
593491
593492
593493
593494
593495
593496
593497
593498
593499
593500
593501
593502
593503
593504
593505
593506
593507
593508
593509
593510
593511
593512
593513
593514
593515
593516
593517
593518
593519
593520
593521
593522
593523
593524
593525
593526
593527
593528
593529
593530
593531
593532
593533
593534
593535
593536
593537
593538
593539
593540
593541
593542
593543
593544
593545
593546
593547
593548
593549
593550
593551
593552
593553
593554
593555
593556
593557
593558
593559
593560
593561
593562
593563
593564
593565
593566
593567
593568
593569
593570
593571
593572
593573
593574
593575
593576
593577
593578
593579
593580
593581
593582
593583
593584
593585
593586
593587
593588
593589
593590
593591
593592
593593
593594
593595
593596
593597
593598
593599
593600
593601
593602
593603
593604
593605
593606
593607
593608
593609
593610
593611
593612
593613
593614
593615
593616
593617
593618
593619
593620
593621
593622
593623
593624
593625
593626
593627
593628
593629
593630
593631
593632
593633
593634
593635
593636
593637
593638
593639
593640
593641
593642
593643
593644
593645
593646
593647
593648
593649
593650
593651
593652
593653
593654
593655
593656
593657
593658
593659
593660
593661
593662
593663
593664
593665
593666
593667
593668
593669
593670
593671
593672
593673
593674
593675
593676
593677
593678
593679
593680
593681
593682
593683
593684
593685
