483683
483684
483685
483686
483687
483688
483689
483690
483691
483692
483693
483694
483695
483696
483697
483698
483699
483700
483701
483702
483703
483704
483705
483706
483707
483708
483709
483710
483711
483712
483713
483714
483715
483716
483717
483718
483719
483720
483721
483722
483723
483724
483725
483726
483727
483728
483729
483730
483731
483732
483733
483734
483735
483736
483737
483738
483739
483740
483741
483742
483743
483744
483745
483746
483747
483748
483749
483750
483751
483752
483753
483754
483755
483756
483757
483758
483759
483760
483761
483762
483763
483764
483765
483766
483767
483768
483769
483770
483771
483772
483773
483774
483775
483776
483777
483778
483779
483780
483781
483782
483783
483784
483785
483786
483787
483788
483789
483790
483791
483792
483793
483794
483795
483796
483797
483798
483799
483800
483801
483802
483803
483804
483805
483806
483807
483808
483809
483810
483811
483812
483813
483814
483815
483816
483817
483818
483819
483820
483821
483822
483823
483824
483825
483826
483827
483828
483829
483830
483831
483832
483833
483834
483835
483836
483837
483838
483839
483840
483841
483842
483843
483844
483845
483846
483847
483848
483849
483850
483851
483852
483853
483854
483855
483856
483857
483858
483859
483860
483861
483862
483863
483864
483865
483866
483867
483868
483869
483870
483871
483872
483873
483874
483875
483876
483877
483878
483879
483880
483881
483882
483883
483884
483885
483886
483887
483888
483889
483890
483891
483892
483893
483894
483895
483896
483897
483898
483899
483900
483901
483902
483903
483904
483905
483906
483907
483908
483909
483910
483911
483912
483913
483914
483915
483916
483917
483918
483919
483920
483921
483922
483923
483924
483925
483926
483927
483928
483929
483930
483931
483932
483933
483934
483935
483936
483937
483938
483939
483940
483941
483942
483943
483944
483945
483946
483947
483948
483949
483950
483951
483952
483953
483954
483955
483956
483957
483958
483959
483960
483961
483962
483963
483964
483965
483966
483967
483968
483969
483970
483971
483972
483973
483974
483975
483976
483977
483978
483979
483980
483981
483982
483983
483984
483985
483986
483987
483988
483989
483990
483991
483992
483993
483994
483995
483996
483997
483998
483999
484000
484001
484002
484003
484004
484005
484006
484007
484008
484009
484010
484011
484012
484013
484014
484015
484016
484017
484018
484019
484020
484021
484022
484023
484024
484025
484026
484027
484028
484029
484030
484031
484032
484033
484034
484035
484036
484037
484038
484039
484040
484041
484042
484043
484044
484045
484046
484047
484048
484049
484050
484051
484052
484053
484054
484055
484056
484057
484058
484059
484060
484061
484062
484063
484064
484065
484066
484067
484068
484069
484070
484071
484072
484073
484074
484075
484076
484077
484078
484079
484080
484081
484082
484083
484084
484085
484086
484087
484088
484089
484090
484091
484092
484093
484094
484095
484096
484097
484098
484099
484100
484101
484102
484103
484104
484105
484106
484107
484108
484109
484110
484111
484112
484113
484114
484115
484116
484117
484118
484119
484120
484121
484122
484123
484124
484125
484126
484127
484128
484129
484130
484131
484132
484133
484134
484135
484136
484137
484138
484139
484140
484141
484142
484143
484144
484145
484146
484147
484148
484149
484150
484151
484152
484153
484154
484155
484156
484157
484158
484159
484160
484161
484162
484163
484164
484165
484166
484167
484168
484169
484170
484171
484172
484173
484174
484175
484176
484177
484178
484179
484180
484181
484182
484183
484184
484185
484186
484187
484188
484189
484190
484191
484192
484193
484194
484195
484196
484197
484198
484199
484200
484201
484202
484203
484204
484205
484206
484207
484208
484209
484210
484211
484212
484213
484214
484215
484216
484217
484218
484219
484220
484221
484222
484223
484224
484225
484226
484227
484228
484229
484230
484231
484232
484233
484234
484235
484236
484237
484238
484239
484240
484241
484242
484243
484244
484245
484246
484247
484248
484249
484250
484251
484252
484253
484254
484255
484256
484257
484258
484259
484260
484261
484262
484263
484264
484265
484266
484267
484268
484269
484270
484271
484272
484273
484274
484275
484276
484277
484278
484279
484280
484281
484282
484283
484284
484285
484286
484287
484288
484289
484290
484291
484292
484293
484294
484295
484296
484297
484298
484299
484300
484301
484302
484303
484304
484305
484306
484307
484308
484309
484310
484311
484312
484313
484314
484315
484316
484317
484318
484319
484320
484321
484322
484323
484324
484325
484326
484327
484328
484329
484330
484331
484332
484333
484334
484335
484336
484337
484338
484339
484340
484341
484342
484343
484344
484345
484346
484347
484348
484349
484350
484351
484352
484353
484354
484355
484356
484357
484358
484359
484360
484361
484362
484363
484364
484365
484366
484367
484368
484369
484370
484371
484372
484373
484374
484375
484376
484377
484378
484379
484380
484381
484382
484383
484384
484385
484386
484387
484388
484389
484390
484391
484392
484393
484394
484395
484396
484397
484398
484399
484400
484401
484402
484403
484404
484405
484406
484407
484408
484409
484410
484411
484412
484413
484414
484415
484416
484417
484418
484419
484420
484421
484422
484423
484424
484425
484426
484427
484428
484429
484430
484431
484432
484433
484434
484435
484436
484437
484438
484439
484440
484441
484442
484443
484444
484445
484446
484447
484448
484449
484450
484451
484452
484453
484454
484455
484456
484457
484458
484459
484460
484461
484462
484463
484464
484465
484466
484467
484468
484469
484470
484471
484472
484473
484474
484475
484476
484477
484478
484479
484480
484481
484482
484483
484484
484485
484486
484487
484488
484489
484490
484491
484492
484493
484494
484495
484496
484497
484498
484499
484500
484501
484502
484503
484504
484505
484506
484507
484508
484509
484510
484511
484512
484513
484514
484515
484516
484517
484518
484519
484520
484521
484522
484523
484524
484525
484526
484527
484528
484529
484530
484531
484532
484533
484534
484535
484536
484537
484538
484539
484540
484541
484542
484543
484544
484545
484546
484547
484548
484549
484550
484551
484552
484553
484554
484555
484556
484557
484558
484559
484560
484561
484562
484563
484564
484565
484566
484567
484568
484569
484570
484571
484572
484573
484574
484575
484576
484577
484578
484579
484580
484581
484582
484583
484584
484585
484586
484587
484588
484589
484590
484591
484592
484593
484594
484595
484596
484597
484598
484599
484600
484601
484602
484603
484604
484605
484606
484607
484608
484609
484610
484611
484612
484613
484614
484615
484616
484617
484618
484619
484620
484621
484622
484623
484624
484625
484626
484627
484628
484629
484630
484631
484632
484633
484634
484635
484636
484637
484638
484639
484640
484641
484642
484643
484644
484645
484646
484647
484648
484649
484650
484651
484652
484653
484654
484655
484656
484657
484658
484659
484660
484661
484662
484663
484664
484665
484666
484667
484668
484669
484670
484671
484672
484673
484674
484675
484676
484677
484678
484679
484680
484681
484682
484683
484684
484685
484686
484687
484688
484689
484690
484691
484692
484693
484694
484695
484696
484697
484698
484699
484700
484701
484702
484703
484704
484705
484706
484707
484708
484709
484710
484711
484712
484713
484714
484715
484716
484717
484718
484719
484720
484721
484722
484723
484724
484725
484726
484727
484728
484729
484730
484731
484732
484733
484734
484735
484736
484737
484738
484739
484740
484741
484742
484743
484744
484745
484746
484747
484748
484749
484750
484751
484752
484753
484754
484755
484756
484757
484758
484759
484760
484761
484762
484763
484764
484765
484766
484767
484768
484769
484770
484771
484772
484773
484774
484775
484776
484777
484778
484779
484780
484781
484782
484783
484784
484785
484786
484787
484788
484789
484790
484791
484792
484793
484794
484795
484796
484797
484798
484799
484800
484801
484802
484803
484804
484805
484806
484807
484808
484809
484810
484811
484812
484813
484814
484815
484816
484817
484818
484819
484820
484821
484822
484823
484824
484825
484826
484827
484828
484829
484830
484831
484832
484833
484834
484835
484836
484837
484838
484839
484840
484841
484842
484843
484844
484845
484846
484847
484848
484849
484850
484851
484852
484853
484854
484855
484856
484857
484858
484859
484860
484861
484862
484863
484864
484865
484866
484867
484868
484869
484870
484871
484872
484873
484874
484875
484876
484877
484878
484879
484880
484881
484882
484883
484884
484885
484886
484887
484888
484889
484890
484891
484892
484893
484894
484895
484896
484897
484898
484899
484900
484901
484902
484903
484904
484905
484906
484907
484908
484909
484910
484911
484912
484913
484914
484915
484916
484917
484918
484919
484920
484921
484922
484923
484924
484925
484926
484927
484928
484929
484930
484931
484932
484933
484934
484935
484936
484937
484938
484939
484940
484941
484942
484943
484944
484945
484946
484947
484948
484949
484950
484951
484952
484953
484954
484955
484956
484957
484958
484959
484960
484961
484962
484963
484964
484965
484966
484967
484968
484969
484970
484971
484972
484973
484974
484975
484976
484977
484978
484979
484980
484981
484982
484983
484984
484985
484986
484987
484988
484989
484990
484991
484992
484993
484994
484995
484996
484997
484998
484999
485000
485001
485002
485003
485004
485005
485006
485007
485008
485009
485010
485011
485012
485013
485014
485015
485016
485017
485018
485019
485020
485021
485022
485023
485024
485025
485026
485027
485028
485029
485030
485031
485032
485033
485034
485035
485036
485037
485038
485039
485040
485041
485042
485043
485044
485045
485046
485047
485048
485049
485050
485051
485052
485053
485054
485055
485056
485057
485058
485059
485060
485061
485062
485063
485064
485065
485066
485067
485068
485069
485070
485071
485072
485073
485074
485075
485076
485077
485078
485079
485080
485081
485082
485083
485084
485085
485086
485087
485088
485089
485090
485091
485092
485093
485094
485095
485096
485097
485098
485099
485100
485101
485102
485103
485104
485105
485106
485107
485108
485109
485110
485111
485112
485113
485114
485115
485116
485117
485118
485119
485120
485121
485122
485123
485124
485125
485126
485127
485128
485129
485130
485131
485132
485133
485134
485135
485136
485137
485138
485139
485140
485141
485142
485143
485144
485145
485146
485147
485148
485149
485150
485151
485152
485153
485154
485155
485156
485157
485158
485159
485160
485161
485162
485163
485164
485165
485166
485167
485168
485169
485170
485171
485172
485173
485174
485175
485176
485177
485178
485179
485180
485181
485182
485183
485184
485185
485186
485187
485188
485189
485190
485191
485192
485193
485194
485195
485196
485197
485198
485199
485200
485201
485202
485203
485204
485205
485206
485207
485208
485209
485210
485211
485212
485213
485214
485215
485216
485217
485218
485219
485220
485221
485222
485223
485224
485225
485226
485227
485228
485229
485230
485231
485232
485233
485234
485235
485236
485237
485238
485239
485240
485241
485242
485243
485244
485245
485246
485247
485248
485249
485250
485251
485252
485253
485254
485255
485256
485257
485258
485259
485260
485261
485262
485263
485264
485265
485266
485267
485268
485269
485270
485271
485272
485273
485274
485275
485276
485277
485278
485279
485280
485281
485282
485283
485284
485285
485286
485287
485288
485289
485290
485291
485292
485293
485294
485295
485296
485297
485298
485299
485300
485301
485302
485303
485304
485305
485306
485307
485308
485309
485310
485311
485312
485313
485314
485315
485316
485317
485318
485319
485320
485321
485322
485323
485324
485325
485326
485327
485328
485329
485330
485331
485332
485333
485334
485335
485336
485337
485338
485339
485340
485341
485342
485343
485344
485345
485346
485347
485348
485349
485350
485351
485352
485353
485354
485355
485356
485357
485358
485360
485361
485362
485363
485364
485365
485366
485367
485368
485369
485370
485371
485372
485373
485374
485375
485376
485377
485378
485379
485380
485381
485382
485383
485384
485385
485386
485387
485388
485389
485390
485391
485392
485393
485394
485395
485396
485397
485398
485399
485400
485401
485402
485403
485404
485405
485406
485407
485408
485409
485410
485411
485412
485413
485414
485415
485416
485417
485418
485419
485420
485421
485422
485423
485424
485425
485426
485427
485428
485429
485430
485431
485432
485433
485434
485435
485436
485437
485438
485439
485440
485441
485442
485443
485444
485445
485446
485447
485448
485449
485450
485451
485452
485453
485454
485455
485456
485457
485458
485459
485460
485461
485462
485463
485464
485465
485466
485467
485468
485469
485470
485471
485472
485473
485474
485475
485476
485477
485478
485479
485480
485481
485482
485483
485484
485485
485486
485487
485488
485489
485490
485491
485492
485493
485494
485495
485496
485497
485498
485499
485500
485501
485502
485503
485504
485505
485506
485507
485508
485509
485510
485511
485512
485513
485514
485515
485516
485517
485518
485519
485520
485521
485522
485523
485524
485525
485526
485527
485528
485529
485530
485531
485532
485533
485534
485535
485536
485537
485538
485539
485540
485541
485542
485543
485544
485545
485546
485547
485548
485549
485550
485551
485552
485553
485554
485555
485556
485557
485558
485559
485560
485561
485562
485563
485564
485565
485566
485567
485568
485569
485570
485571
485572
485573
485574
485575
485576
485577
485578
485579
485580
485581
485582
485583
485584
485585
485586
485587
485588
485589
485590
485591
485592
485593
485594
485595
485596
485597
485598
485599
485600
485601
485602
485603
485604
485605
485606
485607
485608
485609
485610
485611
485612
485613
485614
485615
485616
485617
485618
485619
485620
485621
485622
485623
485624
485625
485626
485627
485628
485629
485630
485631
485632
485633
485634
485635
485636
485637
485638
485639
485640
485641
485642
485643
485644
485645
485646
485647
485648
485649
485650
485651
485652
485653
485654
485655
485656
485657
485658
485659
485660
485661
485662
485663
485664
485665
485666
485667
485668
485669
485670
485671
485672
485673
485674
485675
485676
485677
485678
485679
485680
485681
485682
485683
485684
485685
485686
485687
485688
485689
485690
485691
485692
485693
485694
485695
485696
485697
485698
485699
485700
485701
485702
485703
485704
485705
485706
485707
485708
485709
485710
485711
485712
485713
485714
485715
485716
485717
485718
485719
485720
485721
485722
485723
485724
485725
485726
485727
485728
485729
485730
485731
485732
485733
485734
485735
485736
485737
485738
485739
485740
485741
485742
485743
485744
485745
485746
485747
485748
485749
485750
485751
485752
485753
485754
485755
485756
485757
485758
485759
485760
485761
485762
485763
485764
485765
485766
485767
485768
485769
485770
485771
485772
485773
485774
485775
485776
485777
485778
485779
485780
485781
485782
485783
485784
485785
485786
485787
485788
485789
485790
485791
485792
485793
485794
485795
485796
485797
485798
485799
485800
485801
485802
485803
485804
485805
485806
485807
485808
485809
485810
485811
485812
485813
485814
485815
485816
485817
485818
485819
485820
485821
485822
485823
485824
485825
485826
485827
485828
485829
485830
485831
485832
485833
485834
485835
485836
485837
485838
485839
485840
485841
485842
485843
485844
485845
485846
485847
485848
485849
485850
485851
485852
485853
485854
485855
485856
485857
485858
485859
485860
485861
485862
485863
485864
485865
485866
485867
485868
485869
485870
485871
485872
485873
485874
485875
485876
485877
485878
485879
485880
485881
485882
485883
485884
485885
485886
485887
485888
485889
485890
485891
485892
485893
485894
485895
485896
485897
485898
485899
485900
485901
485902
485903
485904
485905
485906
485907
485908
485909
485910
485911
485912
485913
485914
485915
485916
485917
485918
485919
485920
485921
485922
485923
485924
485925
485926
485927
485928
485929
485930
485931
485932
485933
485934
485935
485936
485937
485938
485939
485940
485941
485942
485943
485944
485945
485946
485947
485948
485949
485950
485951
485952
485953
485954
485955
485956
485957
485958
485959
485960
485961
485962
485963
485964
485965
485966
485967
485968
485969
485970
485971
485972
485973
485974
485975
485976
485977
485978
485979
485980
485981
485982
485983
485984
485985
485986
485987
485988
485989
485990
485991
485992
485993
485994
485995
485996
485997
485998
485999
486000
486001
486002
486003
486004
486005
486006
486008
486009
486010
486011
486012
486013
486014
486015
486016
486017
486018
486019
486020
486021
486022
486023
486024
486025
486026
486027
486028
486029
486030
486031
486032
486033
486034
486035
486036
486037
486038
486039
486040
486041
486042
486043
486044
486045
486046
486047
486048
486049
486050
486051
486052
486053
486054
486055
486056
486057
486058
486059
486060
486061
486062
486063
486064
486065
486066
486067
486068
486069
486070
486071
486072
486073
486074
486075
486076
486077
486078
486079
486080
486081
486082
486083
486084
486085
486086
486087
486088
486089
486090
486091
486092
486093
486094
486095
486096
486097
486098
486099
486100
486101
486102
486103
486104
486105
486106
486107
486108
486109
486110
486111
486112
486113
486114
486115
486116
486117
486118
486119
486120
486121
486122
486123
486124
486125
486126
486127
486128
486129
486130
486131
486132
486133
486134
486135
486136
486137
486138
486139
486140
486141
486142
486143
486144
486145
486146
486147
486148
486149
486150
486151
486152
486153
486154
486155
486156
486157
486158
486159
486160
486161
486162
486163
486164
486165
486166
486167
486168
486169
486170
486171
486172
486173
486174
486175
486176
486177
486178
486179
486180
486181
486182
486183
486184
486185
486186
486187
486188
486189
486190
486191
486192
486193
486194
486195
486196
486197
486198
486199
486200
486201
486202
486203
486204
486205
486206
486207
486208
486209
486210
486211
486212
486213
486214
486215
486216
486217
486218
486219
486220
486221
486222
486223
486224
486225
486226
486227
486228
486229
486230
486231
486232
486233
486234
486235
486236
486237
486238
486239
486240
486241
486242
486243
486244
486245
486246
486247
486248
486249
486250
486251
486252
486253
486254
486255
486256
486257
486258
486259
486260
486261
486262
486263
486264
486265
486266
486267
486268
486269
486270
486271
486272
486273
486274
486275
486276
486277
486278
486279
486280
486281
486282
486283
486284
486285
486286
486287
486288
486289
486290
486291
486292
486293
486294
486295
486296
486297
486298
486299
486300
486301
486302
486303
486304
486305
486306
486307
486308
486309
486310
486311
486312
486313
486314
486315
486316
486317
486318
486319
486320
486321
486322
486323
486324
486325
486326
486327
486328
486329
486330
486331
486332
486333
486334
486335
486336
486337
486338
486339
486340
486341
486342
486343
486344
486345
486346
486347
486348
486349
486350
486351
486352
486353
486354
486355
486356
486357
486358
486359
486360
486361
486362
486363
486364
486365
486366
486367
486368
486369
486370
486371
486372
486373
486374
486375
486376
486377
486378
486379
486380
486381
486382
486383
486384
486385
486386
486387
486388
486389
486390
486391
486392
486393
486394
486395
486396
486397
486398
486399
486400
486401
486402
486403
486404
486405
486406
486407
486408
486409
486410
486411
486412
486413
486414
486415
486416
486417
486418
486419
486420
486421
486422
486423
486424
486425
486426
486427
486428
486429
486430
486431
486432
486433
486434
486435
486436
486437
486438
486439
486440
486441
486442
486443
486444
486445
486446
486447
486448
486449
486450
486451
486452
486453
486454
486455
486456
486457
486458
486459
486460
486461
486462
486463
486464
486465
486466
486467
486468
486469
486470
486471
486472
486473
486474
486475
486476
486477
486478
486479
486480
486481
486482
486483
486484
486485
486486
486487
486488
486489
486490
486491
486492
486493
486494
486495
486496
486497
486498
486499
486500
486501
486502
486503
486504
486505
486506
486507
486508
486509
486510
486511
486512
486513
486514
486515
486516
486517
486518
486519
486520
486521
486522
486523
486524
486525
486526
486527
486528
486529
486530
486531
486532
486533
486534
486535
486536
486537
486538
486539
486540
486541
486542
486543
486544
486545
486546
486547
486548
486549
486550
486551
486552
486553
486554
486555
486556
486557
486558
486559
486560
486561
486562
486563
486564
486565
486566
486567
486568
