695174
695175
695176
695177
695178
695179
695180
695181
695182
695183
695184
695185
695186
695187
695188
695189
695190
695191
695192
695193
695194
695195
695196
695197
695198
695199
695200
695201
695202
695203
695204
695205
695206
695207
695208
695209
695210
695211
695212
695213
695214
695215
695216
695217
695218
695219
695220
695221
695222
695223
695224
695225
695226
695227
695228
695229
695230
695231
695232
695233
695234
695235
695236
695237
695238
695239
695240
695241
695242
695243
695244
695245
695246
695247
695248
695249
695250
695251
695252
695253
695254
695255
695256
695257
695258
695259
695260
695261
695262
695263
695264
695265
695266
695267
695268
695269
695270
695271
695272
695273
695274
695275
695276
695277
695278
695279
695280
695281
695282
695283
695284
695285
695286
695287
695288
695289
695290
695291
695292
695293
695294
695295
695296
695297
695298
695299
695300
695301
695302
695303
695304
695305
695306
695307
695308
695309
695310
695311
695312
695313
695314
695315
695316
695317
695318
695319
695320
695321
695322
695323
695324
695325
695326
695327
695328
695329
695330
695331
695332
695333
695334
695335
695336
695337
695338
695339
695340
695341
695342
695343
695344
695345
695346
695347
695348
695349
695350
695351
695352
695353
695354
695355
695356
695357
695358
695359
695360
695361
695362
695363
695364
695365
695366
695367
695368
695369
695370
695371
695372
695373
695374
695375
695376
695377
695378
695379
695380
695381
695382
695383
695384
695385
695386
695387
695388
695389
695390
695391
695392
695393
695394
695395
695396
695397
695398
695399
695400
695401
695402
695403
695404
695405
695406
695407
695408
695409
695410
695411
695412
695413
695414
695415
695416
695417
695418
695419
695420
695421
695422
695423
695424
695425
695426
695427
695428
695429
695430
695431
695432
695433
695434
695435
695436
695437
695438
695439
695440
695441
695442
695443
695444
695445
695446
695447
695448
695449
695450
695451
695452
695453
695454
695455
695456
695457
695458
695459
695460
695461
695462
695463
695464
695465
695466
695467
695468
695469
695470
695471
695472
695473
695474
695475
695476
695477
695478
695479
695480
695481
695482
695483
695484
695485
695486
695487
695488
695489
695490
695491
695492
695493
695494
695495
695496
695497
695498
695499
695500
695501
695502
695503
695504
695505
695506
695507
695508
695509
695510
695511
695512
695513
695514
695515
695516
695517
695518
695519
695520
695521
695522
695523
695524
695525
695526
695527
695528
695529
695530
695531
695532
695533
695534
695535
695536
695537
695538
695539
695540
695541
695542
695543
695544
695545
695546
695547
695548
695549
695550
695551
695552
695553
695554
695555
695556
695557
695558
695559
695560
695561
695562
695563
695564
695565
695566
695567
695568
695569
695570
695571
695572
695573
695574
695575
695576
695577
695578
695579
695580
695581
695582
695583
695584
695585
695586
695587
695588
695589
695590
695591
695592
695593
695594
695595
695596
695597
695598
695599
695600
695601
695602
695603
695604
695605
695606
695607
695608
695609
695610
695611
695612
695613
695614
695615
695616
695617
695618
695619
695620
695621
695622
695623
695624
695625
695626
695627
695628
695629
695630
695631
695632
695633
695634
695635
695636
695637
695638
695639
695640
695641
695642
695643
695644
695645
695646
695647
695648
695649
695650
695651
695652
695653
695654
695655
695656
695657
695658
695659
695660
695661
695662
695663
695664
695665
695666
695667
695668
695669
695670
695671
695672
695673
695674
695675
695676
695677
695678
695679
695680
695681
695682
695683
695684
695685
695686
695687
695688
695689
695690
695691
695692
695693
695694
695695
695696
695697
695698
695699
695700
695701
695702
695703
695704
695705
695706
695707
695708
695709
695710
695711
695712
695713
695714
695715
695716
695717
695718
695719
695720
695721
695722
695723
695724
695725
695726
695727
695728
695729
695730
695731
695732
695733
695734
695735
695736
695737
695738
695739
695740
695741
695742
695743
695744
695745
695746
695747
695748
695749
695750
695751
695752
695753
695754
695755
695756
695757
695758
695759
695760
695761
695762
695763
695764
695765
695766
695767
695768
695769
695770
695771
695772
695773
695774
695775
695776
695777
695778
695779
695780
695781
695782
695783
695784
695785
695786
695787
695788
695789
695790
695791
695792
695793
695794
695795
695796
695797
695798
695799
695800
695801
695802
695803
695804
695805
695806
695807
695808
695809
695810
695811
695812
695813
695814
695815
695816
695817
695818
695819
695820
695821
695822
695823
695824
695825
695826
695827
695828
695829
695830
695831
695832
695833
695834
695835
695836
695837
695838
695839
695840
695841
695842
695843
695844
695845
695846
695847
695848
695849
695850
695851
695852
695853
695854
695855
695856
695857
695858
695859
695860
695861
695862
695863
695864
695865
695866
695867
695868
695869
695870
695871
695872
695873
695874
695875
695876
695877
695878
695879
695880
695881
695882
695883
695884
695885
695886
695887
695888
695889
695890
695891
695892
695893
695894
695895
695896
695897
695898
695899
695900
695901
695902
695903
695904
695905
695906
695907
695908
695909
695910
695911
695912
695913
695914
695915
695916
695917
695918
695919
695920
695921
695922
695923
695924
695925
695926
695927
695928
695929
695930
695931
695932
695933
695934
695935
695936
695937
695938
695939
695940
695941
695942
695943
695944
695945
695946
695947
695948
695949
695950
695951
695952
695953
695954
695955
695956
695957
695958
695959
695960
695961
695962
695963
695964
695965
695966
695967
695968
695969
695970
695971
695972
695973
695974
695975
695976
695977
695978
695979
695980
695981
695982
695983
695984
695985
695986
695987
695988
695989
695990
695991
695992
695993
695994
695995
695996
695997
695998
695999
696000
696001
696002
696003
696004
696005
696006
696007
696008
696009
696010
696011
696012
696013
696014
696015
696016
696017
696018
696019
696020
696021
696022
696023
696024
696025
696026
696027
696028
696029
696030
696031
696032
696033
696034
696035
696036
696037
696038
696039
696040
696041
696042
696043
696044
696045
696046
696047
696048
696049
696050
696051
696052
696053
696054
696055
696056
696057
696058
696059
696060
696061
696062
696063
696064
696065
696066
696067
696068
696069
696070
696071
696072
696073
696074
696075
696076
696077
696078
696079
696080
696081
696082
696083
696084
696085
696086
696087
696088
696089
696090
696091
696092
696093
696094
696095
696096
696097
696098
696099
696100
696101
696102
696103
696104
696105
696106
696107
696108
696109
696110
696111
696112
696113
696114
696115
696116
696117
696118
696119
696120
696121
696122
696123
696124
696125
696126
696127
696128
696129
696130
696131
696132
696133
696134
696135
696136
696137
696138
696139
696140
696141
696142
696143
696144
696145
696146
696147
696148
696149
696150
696151
696152
696153
696154
696155
696156
696157
696158
696159
696160
696161
696162
696163
696164
696165
696166
696167
696168
696169
696170
696171
696172
696173
696174
696175
696176
696177
696178
696179
696180
696181
696182
696183
696184
696185
696186
696187
696188
696189
696190
696191
696192
696193
696194
696195
696196
696197
696198
696199
696200
696201
696202
696203
696204
696205
696206
696207
696208
696209
696210
696211
696212
696213
696214
696215
696216
696217
696218
696219
696220
696221
696222
696223
696224
696225
696226
696227
696228
696229
696230
696231
696232
696233
696234
696235
696236
696237
696238
696239
696240
696241
696242
696243
696244
696245
696246
696247
696248
696249
696250
696251
696252
696253
696254
696255
696256
696257
696258
696259
696260
696261
696262
696263
696264
696265
696266
696267
696268
696269
696270
696271
696272
696273
696274
696275
696276
696277
696278
696279
696280
696281
696282
696283
696284
696285
696286
696287
696288
696289
696290
696291
696292
696293
696294
696295
696296
696297
696298
696299
696300
696301
696302
696303
696304
696305
696306
696307
696308
696309
696310
696311
696312
696313
696314
696315
696316
696317
696318
696319
696320
696321
696322
696323
696324
696325
696326
696327
696328
696329
696330
696331
696332
696333
696334
696335
696336
696337
696338
696339
696340
696341
696342
696343
696344
696345
696346
696347
696348
696349
696350
696351
696352
696353
696354
696355
696356
696357
696358
696359
696360
696361
696362
696363
696364
696365
696366
696367
696368
696369
696370
696371
696372
696373
696374
696375
696376
696377
696378
696379
696380
696381
696382
696383
696384
696385
696386
696387
696388
696389
696390
696391
696392
696393
696394
696395
696396
696397
696398
696399
696400
696401
696402
696403
696404
696405
696406
696407
696408
696409
696410
696411
696412
696413
696414
696415
696416
696417
696418
696419
696420
696421
696422
696423
696424
696425
696426
696427
696428
696429
696430
696431
696432
696433
696434
696435
696436
696437
696438
696439
696440
696441
696442
696443
696444
696445
696446
696447
696448
696449
696450
696451
696452
696453
696454
696455
696456
696457
696458
696459
696460
696461
696462
696463
696464
696465
696466
696467
696468
696469
696470
696471
696472
696473
696474
696475
696476
696477
696478
696479
696480
696481
696482
696483
696484
696485
696486
696487
696488
696489
696490
696491
696492
696493
696494
696495
696496
696497
696498
696499
696500
696501
696502
696503
696504
696505
696506
696507
696508
696509
696510
696511
696512
696513
696514
696515
696516
696517
696518
696519
696520
696521
696522
696523
696524
696525
696526
696527
696528
696529
696530
696531
696532
696533
696534
696535
696536
696537
696538
696539
696540
696541
696542
696543
696544
696545
696546
696547
696548
696549
696550
696551
696552
696553
696554
696555
696556
696557
696558
696559
696560
696561
696562
696563
696564
696565
696566
696567
696568
696569
696570
696571
696572
696573
696574
696575
696576
696577
696578
696579
696580
696581
696582
696583
696584
696585
696586
696587
696588
696589
696590
696591
696592
696593
696594
696595
696596
696597
696598
696599
696600
696601
696602
696603
696604
696605
696606
696607
696608
696609
696610
696611
696612
696613
696614
696615
696616
696617
696618
696619
696620
696621
696622
696623
696624
696625
696626
696627
696628
696629
696630
696631
696632
696633
696634
696635
696636
696637
696638
696639
696640
696641
696642
696643
696644
696645
696646
696647
696648
696649
696650
696651
696652
696653
696654
696655
696656
696657
696658
696659
696660
696661
696662
696663
696664
696665
696666
696667
696668
696669
696670
696671
696672
696673
696674
696675
696676
696677
696678
696679
696680
696681
696682
696683
696684
696685
696686
696687
696688
696689
696690
696691
696692
696693
696694
696695
696696
696697
696698
696699
696700
696701
696702
696703
696704
696705
696706
696707
696708
696709
696710
696711
696712
696713
696714
696715
696716
696717
696718
696719
696720
696721
696722
696723
696724
696725
696726
696727
696728
696729
696730
696731
696732
696733
696734
696735
696736
696737
696738
696739
696740
696741
696742
696743
696744
696745
696746
696747
696748
696749
696750
696751
696752
696753
696754
696755
696756
696757
696758
696759
696760
696761
696762
696763
696764
696765
696766
696767
696768
696769
696770
696771
696772
696773
696774
696775
696776
696777
696778
696779
696780
696781
696782
696783
696784
696785
696786
696787
696788
696789
696790
696791
696792
696793
696794
696795
696796
696797
696798
696799
696800
696801
696802
696803
696804
696805
696806
696807
696808
696809
696810
696811
696812
696813
696814
696815
696816
696817
696818
696819
696820
696821
696822
696823
696824
696825
696826
696827
696828
696829
696830
696831
696832
696833
696834
696835
696836
696837
696838
696839
696840
696841
696842
696843
696844
696845
696846
696847
696848
696849
696850
696851
696852
696853
696854
696855
696856
696857
696858
696859
696860
696861
696862
696863
696864
696865
696866
696867
696868
696869
696870
696871
696872
696873
696874
696875
696876
696877
696878
696879
696880
696881
696882
696883
696884
696885
696886
696887
696888
696889
696890
696891
696892
696893
696894
696895
696896
696897
696898
696899
696900
696901
696902
696903
696904
696905
696906
696907
696908
696909
696910
696911
696912
696913
696914
696915
696916
696917
696918
696919
696920
696921
696922
696923
696924
696925
696926
696927
696928
696929
696930
696931
696932
696933
696934
696935
696936
696937
696938
696939
696940
696941
696942
696943
696944
696945
696946
696947
696948
696949
696950
696951
696952
696953
696954
696955
696956
696957
696958
696959
696960
696961
696962
696963
696964
696965
696966
696967
696968
696969
696970
696971
696972
696973
696974
696975
696976
696977
696978
696979
696980
696981
696982
696983
696984
696985
696986
696987
696988
696989
696990
696991
696992
696993
696994
696995
696996
696997
696998
696999
697000
697001
697002
697003
697004
697005
697006
697007
697008
697009
697010
697011
697012
697013
697014
697015
697016
697017
697018
697019
697020
697021
697022
697023
697024
697025
697026
697027
697028
697029
697030
697031
697032
697033
697034
697035
697036
697037
697038
697039
697040
697041
697042
697043
697044
697045
697046
697047
697048
697049
697050
697051
697052
697053
697054
697055
697056
697057
697058
697059
697060
697061
697062
697063
697064
697065
697066
697067
697068
697069
697070
697071
697072
697073
697074
697075
697076
697077
697078
697079
697080
697081
697082
697083
697084
697085
697086
697087
697088
697089
697090
697091
697092
697093
697094
697095
697096
697097
697098
697099
697100
697101
697102
697103
697104
697105
697106
697107
697108
697109
697110
697111
697112
697113
697114
697115
697116
697117
697118
697119
697120
697121
697122
697123
697124
697125
697126
697127
697128
697129
697130
697131
697132
697133
697134
697135
697136
697137
697138
697139
697140
697141
697142
697143
697144
697145
697146
697147
697148
697149
697150
697151
697152
697153
697154
697155
697156
697157
697158
697159
697160
697161
697162
697163
697164
697165
697166
697167
697168
697169
697170
697171
697172
697173
697174
697175
697176
697177
697178
697179
697180
697181
697182
697183
697184
697185
697186
697187
697188
697189
697190
697191
697192
697193
697194
697195
697196
697197
697198
697199
697200
697201
697202
697203
697204
697205
697206
697207
697208
697209
697210
697211
697212
697213
697214
697215
697216
697217
697218
697219
697220
697221
697222
697223
697224
697225
697226
697227
697228
697229
697230
697231
697232
697233
697234
697235
697236
697237
697238
697239
697240
697241
697242
697243
697244
697245
697246
697247
697248
697249
697250
697251
697252
697253
697254
697255
697256
697257
697258
697259
697260
697261
697262
697263
697264
697265
697266
697267
697268
697269
697270
697271
697272
697273
697274
697275
697276
697277
697278
697279
697280
697281
697282
697283
697284
697285
697286
697287
697288
697289
697290
697291
697292
697293
697294
697295
697296
697297
697298
697299
697300
697301
697302
697303
697304
697305
697306
697307
697308
697309
697310
697311
697312
697313
697314
697315
697316
697317
697318
697319
697320
697321
697322
697323
697324
697325
697326
697327
697328
697329
697330
697331
697332
697333
697334
697335
697336
697337
697338
697339
697340
697341
697342
697343
697344
697345
697346
697347
697348
697349
697350
697351
697352
697353
697354
697355
697356
697357
697358
697359
697360
697361
697362
697363
697364
697365
697366
697367
697368
697369
697370
697371
697372
697373
697374
697375
697376
697377
697378
697379
697380
697381
697382
697383
697384
697385
697386
697387
697388
697389
697390
697391
697392
697393
697394
697395
697396
697397
697398
697399
697400
697401
697402
697403
697404
697405
697406
697407
697408
697409
697410
697411
697412
697413
697414
697415
697416
697417
697418
697419
697420
697421
697422
697423
697424
697425
697426
697427
697428
697429
697430
697431
697432
697433
697434
697435
697436
697437
697438
697439
697440
697441
697442
697443
697444
697445
697446
697447
697448
697449
697450
697451
697452
697453
697454
697455
697456
697457
697458
697459
697460
697461
697462
697463
697464
697465
697466
697467
697468
697469
697470
697471
697472
697473
697474
697475
697476
697477
697478
697479
697480
697481
697482
697483
697484
697485
697486
697487
697488
697489
697490
697491
697492
697493
697494
697495
697496
697497
697498
697499
697500
697501
697502
697503
697504
697505
697506
697507
697508
697509
697510
697511
697512
697513
697514
697515
697516
697517
697518
697519
697520
697521
697522
697523
697524
697525
697526
697527
697528
697529
697530
697531
697532
697533
697534
697535
697536
697537
697538
697539
697540
697541
697542
697543
697544
697545
697546
697547
697548
697549
697550
697551
697552
697553
697554
697555
697556
697557
697558
697559
697560
697561
697562
697563
697564
697565
697566
697567
697568
697569
697570
697571
697572
697573
697574
697575
697576
697577
697578
697579
697580
697581
697582
697583
697584
697585
697586
697587
697588
697589
697590
697591
697592
697593
697594
697595
697596
697597
697598
697599
697600
697601
697602
697603
697604
697605
697606
697607
697608
697609
697610
697611
697612
697613
697614
697615
697616
697617
697618
697619
697620
697621
697622
697623
697624
697625
697626
697627
697628
697629
697630
697631
697632
697633
697634
697635
697636
697637
697638
697639
697640
697641
697642
697643
697644
697645
697646
697647
697648
697649
697650
697651
697652
697653
697654
697655
697656
697657
697658
697659
697660
697661
697662
697663
697664
697665
697666
697667
697668
697669
697670
697671
697672
697673
697674
697675
697676
697677
697678
697679
697680
697681
697682
697683
697684
697685
697686
697687
697688
697689
697690
697691
697692
697693
697694
697695
697696
697697
697698
697699
697700
697701
697702
697703
697704
697705
697706
697707
697708
697709
697710
697711
697712
697713
697714
697715
697716
697717
697718
697719
697720
697721
697722
697723
697724
697725
697726
697727
697728
697729
697730
697731
697732
697733
697734
697735
697736
697737
697738
697739
697740
697741
697742
697743
697744
697745
697746
697747
697748
697749
697750
697751
697752
697753
697754
697755
697756
697757
697758
697759
697760
697761
697762
697763
697764
697765
697766
697767
697768
697769
697770
697771
697772
697773
697774
697775
697776
697777
697778
697779
697780
697781
697782
697783
697784
697785
697786
697787
697788
697789
697790
697791
697792
697793
697794
697795
697796
697797
697798
697799
697800
697801
697802
697803
697804
697805
697806
697807
697808
697809
697810
697811
697812
697813
697814
697815
697816
697817
697818
697819
697820
697821
697822
697823
697824
697825
697826
697827
697828
697829
697830
697831
697832
697833
697834
697835
697836
697837
697838
697839
697840
697841
697842
697843
697844
697845
697846
697847
697848
697849
697850
697851
697852
697853
697854
697855
697856
697857
697858
697859
697860
697861
697862
697863
697864
697865
697866
697867
697868
697869
697870
697871
697872
697873
697874
697875
697876
697877
697878
697879
697880
697881
697882
697883
697884
697885
697886
697887
697888
697889
697890
697891
697892
697893
697894
697895
697896
697897
697898
697899
697900
697901
697902
697903
697904
697905
697906
697907
697908
697909
697910
697911
697912
697913
697914
697915
697916
697917
697918
697919
697920
697921
697922
697923
697924
697925
697926
697927
697928
697929
697930
697931
697932
697933
697934
697935
697936
697937
697938
697939
697940
697941
697942
697943
697944
697945
697946
697947
697948
697949
697950
697951
697952
697953
697954
697955
697956
697957
697958
697959
697960
697961
697962
697963
697964
697965
697966
697967
697968
697969
697970
697971
697972
697973
697974
697975
697976
697977
697978
697979
697980
