353027
353028
353029
353030
353031
353032
353033
353034
353035
353036
353037
353038
353039
353040
353041
353042
353043
353044
353045
353046
353047
353048
353049
353050
353051
353052
353053
353054
353055
353056
353057
353058
353059
353060
353061
353062
353063
353064
353065
353066
353067
353068
353069
353070
353071
353072
353073
353074
353075
353076
353077
353078
353079
353080
353081
353082
353083
353084
353085
353086
353087
353088
353089
353090
353091
353092
353093
353094
353095
353096
353097
353098
353099
353100
353101
353102
353103
353104
353105
353106
353107
353108
353109
353110
353111
353112
353113
353114
353115
353116
353117
353118
353119
353120
353121
353122
353123
353124
353125
353126
353127
353128
353129
353130
353131
353132
353133
353134
353135
353136
353137
353138
353139
353140
353141
353142
353143
353144
353145
353146
353147
353148
353149
353150
353151
353152
353153
353154
353155
353156
353157
353158
353159
353160
353161
353162
353163
353164
353165
353166
353167
353168
353169
353170
353171
353172
353173
353174
353175
353176
353177
353178
353179
353180
353181
353182
353183
353184
353185
353186
353187
353188
353189
353190
353191
353192
353193
353194
353195
353196
353197
353198
353199
353200
353201
353202
353203
353204
353205
353206
353207
353208
353209
353210
353211
353212
353213
353214
353215
353216
353217
353218
353219
353220
353221
353222
353223
353224
353225
353226
353227
353228
353229
353230
353231
353232
353233
353234
353235
353236
353237
353238
353239
353240
353241
353242
353243
353244
353245
353246
353247
353248
353249
353250
353251
353252
353253
353254
353255
353256
353257
353258
353259
353260
353261
353262
353263
353264
353265
353266
353267
353268
353269
353270
353271
353272
353273
353274
353275
353276
353277
353278
353279
353280
353281
353282
353283
353284
353285
353286
353287
353288
353289
353290
353291
353292
353293
353294
353295
353296
353297
353298
353299
353300
353301
353302
353303
353304
353305
353306
353307
353308
353309
353310
353311
353312
353313
353314
353315
353316
353317
353318
353319
353320
353321
353322
353323
353324
353325
353326
353327
353328
353329
353330
353331
353332
353333
353334
353335
353336
353337
353338
353339
353340
353341
353342
353343
353344
353345
353346
353347
353348
353349
353350
353351
353352
353353
353354
353355
353356
353357
353358
353359
353360
353361
353362
353363
353364
353365
353366
353367
353368
353369
353370
353371
353372
353373
353374
353375
353376
353377
353378
353379
353380
353381
353382
353383
353384
353385
353386
353387
353388
353389
353390
353391
353392
353393
353394
353395
353396
353397
353398
353399
353400
353401
353402
353403
353404
353405
353406
353407
353408
353409
353410
353411
353412
353413
353414
353415
353416
353417
353418
353419
353420
353421
353422
353423
353424
353425
353426
353427
353428
353429
353430
353431
353432
353433
353434
353435
353436
353437
353438
353439
353440
353441
353442
353443
353444
353445
353446
353447
353448
353449
353450
353451
353452
353453
353454
353455
353456
353457
353458
353459
353460
353461
353462
353463
353464
353465
353466
353467
353468
353469
353470
353471
353472
353473
353474
353475
353476
353477
353478
353479
353480
353481
353482
353483
353484
353485
353486
353487
353488
353489
353490
353491
353492
353493
353494
353495
353496
353497
353498
353499
353500
353501
353502
353503
353504
353505
353506
353507
353508
353509
353510
353511
353512
353513
353514
353515
353516
353517
353518
353519
353520
353521
353522
353523
353524
353525
353526
353527
353528
353529
353530
353531
353532
353533
353534
353535
353536
353537
353538
353539
353540
353541
353542
353543
353544
353545
353546
353547
353548
353549
353550
353551
353552
353553
353554
353555
353556
353557
353558
353559
353560
353561
353562
353563
353564
353565
353566
353567
353568
353569
353570
353571
353572
353573
353574
353575
353576
353577
353578
353579
353580
353581
353582
353583
353584
353585
353586
353587
353588
353589
353590
353591
353592
353593
353594
353595
353596
353597
353598
353599
353600
353601
353602
353603
353604
353605
353606
353607
353608
353609
353610
353611
353612
353613
353614
353615
353616
353617
353618
353619
353620
353621
353622
353623
353624
353625
353626
353627
353628
353629
353630
353631
353632
353633
353634
353635
353636
353637
353638
353639
353640
353641
353642
353643
353644
353645
353646
353647
353648
353649
353650
353651
353652
353653
353654
353655
353656
353657
353658
353659
353660
353661
353662
353663
353664
353665
353666
353667
353668
353669
353670
353671
353672
353673
353674
353675
353676
353677
353678
353679
353680
353681
353682
353683
353684
353685
353686
353687
353688
353689
353690
353691
353692
353693
353694
353695
353696
353697
353698
353699
353700
353701
353702
353703
353704
353705
353706
353707
353708
353709
353710
353711
353712
353713
353714
353715
353716
353717
353718
353719
353720
353721
353722
353723
353724
353725
353726
353727
353728
353729
353730
353731
353732
353733
353734
353735
353736
353737
353738
353739
353740
353741
353742
353743
353744
353745
353746
353747
353748
353749
353750
353751
353752
353753
353754
353755
353756
353757
353758
353759
353760
353761
353762
353763
353764
353765
353766
353767
353768
353769
353770
353771
353772
353773
353774
353775
353776
353777
353778
353779
353780
353781
353782
353783
353784
353785
353786
353787
353788
353789
353790
353791
353792
353793
353794
353795
353796
353797
353798
353799
353800
353801
353802
353803
353804
353805
353806
353807
353808
353809
353810
353811
353812
353813
353814
353815
353816
353817
353818
353819
353820
353821
353822
353823
353824
353825
353826
353827
353828
353829
353830
353831
353832
353833
353834
353835
353836
353837
353838
353839
353840
353841
353842
353843
353844
353845
353846
353847
353848
353849
353850
353851
353852
353853
353854
353855
353856
353857
353858
353859
353860
353861
353862
353863
353864
353865
353866
353867
353868
353869
353870
353871
353872
353873
353874
353875
353876
353877
353878
353879
353880
353881
353882
353883
353884
353885
353886
353887
353888
353889
353890
353891
353892
353893
353894
353895
353896
353897
353898
353899
353900
353901
353902
353903
353904
353905
353906
353907
353908
353909
353910
353911
353912
353913
353914
353915
353916
353917
353918
353919
353920
353921
353922
353923
353924
353925
353926
353927
353928
353929
353930
353931
353932
353933
353934
353935
353936
353937
353938
353939
353940
353941
353942
353943
353944
353945
353946
353947
353948
353949
353950
353951
353952
353953
353954
353955
353956
353957
353958
353959
353960
353961
353962
353963
353964
353965
353966
353967
353968
353969
353970
353971
353972
353973
353974
353975
353976
353977
353978
353979
353980
353981
353982
353983
353984
353985
353986
353987
353988
353989
353990
353991
353992
353993
353994
353995
353996
353997
353998
353999
354000
354001
354002
354003
354004
354005
354006
354007
354008
354009
354010
354011
354012
354013
354014
354015
354016
354017
354018
354019
354020
354021
354022
354023
354024
354025
354026
354027
354028
354029
354030
354031
354032
354033
354034
354035
354036
354037
354038
354039
354040
354041
354042
354043
354044
354045
354046
354047
354048
354049
354050
354051
354052
354053
354054
354055
354056
354057
354058
354059
354060
354061
354062
354063
354064
354065
354066
354067
354068
354069
354070
354071
354072
354073
354074
354075
354076
354077
354078
354079
354080
354081
354082
354083
354084
354085
354086
354087
354088
354089
354090
354091
354092
354093
354094
354095
354096
354097
354098
354099
354100
354101
354102
354103
354104
354105
354106
354107
354108
354109
354110
354111
354112
354113
354114
354115
354116
354117
354118
354119
354120
354121
354122
354123
354124
354125
354126
354127
354128
354129
354130
354131
354132
354133
354134
354135
354136
354137
354138
354139
354140
354141
354142
354143
354144
354145
354146
354147
354148
354149
354150
354151
354152
354153
354154
354155
354156
354157
354158
354159
354160
354161
354162
354163
354164
354165
354166
354167
354168
354169
354170
354171
354172
354173
354174
354175
354176
354177
354178
354179
354180
354181
354182
354183
354184
354185
354186
354187
354188
354189
354190
354191
354192
354193
354194
354195
354196
354197
354198
354199
354200
354201
354202
354203
354204
354205
354206
354207
354208
354209
354210
354211
354212
354213
354214
354215
354216
354217
354218
354219
354220
354221
354222
354223
354224
354225
354226
354227
354228
354229
354230
354231
354232
354233
354234
354235
354236
354237
354238
354239
354240
354241
354242
354243
354244
354245
354246
354247
354248
354249
354250
354251
354252
354253
354254
354255
354256
354257
354258
354259
354260
354261
354262
354263
354264
354265
354266
354267
354268
354269
354270
354271
354272
354273
354274
354275
354276
354277
354278
354279
354280
354281
354282
354283
354284
354285
354286
354287
354288
354289
354290
354291
354292
354293
354294
354295
354296
354297
354298
354299
354300
354301
354302
354303
354304
354305
354306
354307
354308
354309
354310
354311
354312
354313
354314
354315
354316
354317
354318
354319
354320
354321
354322
354323
354324
354325
354326
354327
354328
354329
354330
354331
354332
354333
354334
354335
354336
354337
354338
354339
354340
354341
354342
354343
354344
354345
354346
354347
354348
354349
354350
354351
354352
354353
354354
354355
354356
354357
354358
354359
354360
354361
354362
354363
354364
354365
354366
354367
354368
354369
354370
354371
354372
354373
354374
354375
354376
354377
354378
354379
354380
354381
354382
354383
354384
354385
354386
354387
354388
354389
354390
354391
354392
354393
354394
354395
354396
354397
354398
354399
354400
354401
354402
354403
354404
354405
354406
354407
354408
354409
354410
354411
354412
354413
354414
354415
354416
354417
354418
354419
354420
354421
354422
354423
354424
354425
354426
354427
354428
354429
354430
354431
354432
354433
354434
354435
354436
354437
354438
354439
354440
354441
354442
354443
354444
354445
354446
354447
354448
354449
354450
354451
354452
354453
354454
354455
354456
354457
354458
354459
354460
354461
354462
354463
354464
354465
354466
354467
354468
354469
354470
354471
354472
354473
354474
354475
354476
354477
354478
354479
354480
354481
354482
354483
354484
354485
354486
354487
354488
354489
354490
354491
354492
354493
354494
354495
354496
354497
354498
354499
354500
354501
354502
354503
354504
354505
354506
354507
354508
354509
354510
354511
354512
354513
354514
354515
354516
354517
354518
354519
354520
354521
354522
354523
354524
354525
354526
354527
354528
354529
354530
354531
354532
354533
354534
354535
354536
354537
354538
354539
354540
354541
354542
354543
354544
354545
354546
354547
354548
354549
354550
354551
354552
354553
354554
354555
354556
354557
354558
354559
354560
354561
354562
354563
354564
354565
354566
354567
354568
354569
354570
354571
354572
354573
354574
354575
354576
354577
354578
354579
354580
354581
354582
354583
354584
354585
354586
354587
354588
354589
354590
354591
354592
354593
354594
354595
354596
354597
354598
354599
354600
354601
354602
354603
354604
354605
354606
354607
354608
354609
354610
354611
354612
354613
354614
354615
354616
354617
354618
354619
354620
354621
354622
354623
354624
354625
354626
354627
354628
354629
354630
354631
354632
354633
354634
354635
354636
354637
354638
354639
354640
354641
354642
354643
354644
354645
354646
354647
354648
354649
354650
354651
354652
354653
354654
354655
354656
354657
354658
354659
354660
354661
354662
354663
354664
354665
354666
354667
354668
354669
354670
354671
354672
354673
354674
354675
354676
354677
354678
354679
354680
354681
354682
354683
354684
354685
354686
354687
354688
354689
354690
354691
354692
354693
354694
354695
354696
354697
354698
354699
354700
354701
354702
354703
354704
354705
354706
354707
354708
354709
354710
354711
354712
354713
354714
354715
354716
354717
354718
354719
354720
354721
354722
354723
354724
354725
354726
354727
354728
354729
354730
354731
354732
354733
354734
354735
354736
354737
354738
354739
354740
354741
354742
354743
354744
354745
354746
354747
354748
354749
354750
354751
354752
354753
354754
354755
354756
354757
354758
354759
354760
354761
354762
354763
354764
354765
354766
354767
354768
354769
354770
354771
354772
354773
354774
354775
354776
354777
354778
354779
354780
354781
354782
354783
354784
354785
354786
354787
354788
354789
354790
354791
354792
354793
354794
354795
354796
354797
354798
354799
354800
354801
354802
354803
354804
354805
354806
354807
354808
354809
354810
354811
354812
354813
354814
354815
354816
354817
354818
354819
354820
354821
354822
354823
354824
354825
354826
354827
354828
354829
354830
354831
354832
354833
354834
354835
354836
354837
354838
354839
354840
354841
354842
354843
354844
354845
354846
354847
354848
354849
354850
354851
354852
354853
354854
354855
354856
354857
354858
354859
354860
354861
354862
354863
354864
354865
354866
354867
354868
354869
354870
354871
354872
354873
354874
354875
354876
354877
354878
354879
354880
354881
354882
354883
354884
354885
354886
354887
354888
354889
354890
354891
354892
354893
354894
354895
354896
354897
354898
354899
354900
354901
354902
354903
354904
354905
354906
354907
354908
354909
354910
354911
354912
354913
354914
354915
354916
354917
354918
354919
354920
354921
354922
354923
354924
354925
354926
354927
354928
354929
354930
354931
354932
354933
354934
354935
354936
354937
354938
354939
354940
354941
354942
354943
354944
354945
354946
354947
354948
354949
354950
354951
354952
354953
354954
354955
354956
354957
354958
354959
354960
354961
354962
354963
354964
354965
354966
354967
354968
354970
354971
354972
354973
354974
354975
354976
354977
354978
354979
354980
354981
354982
354983
354984
354985
354986
354987
354988
354989
354990
354991
354992
354993
354994
354995
354996
354997
354998
354999
355000
355001
355002
355003
355004
355005
355006
355007
355008
355009
355010
355011
355012
355013
355014
355015
355016
355017
355018
355019
355020
355021
355022
355023
355024
355025
355026
355027
355028
355029
355030
355031
355032
355033
355034
355035
355036
355037
355038
355039
355040
355041
355042
355043
355044
355045
355046
355047
355048
355049
355050
355051
355052
355053
355054
355055
355056
355057
355058
355059
355060
355061
355062
355063
355064
355065
355066
355067
355068
355069
355070
355071
355072
355073
355074
355075
355076
355077
355078
355079
355080
355081
355082
355083
355084
355085
355086
355087
355088
355089
355090
355091
355092
355093
355094
355095
355096
355097
355098
355099
355100
355101
355102
355103
355104
355105
355106
355107
355108
355109
355110
355111
355112
355113
355114
355115
355116
355117
355118
355119
355120
355121
355122
355123
355124
355125
355126
355127
355128
355129
355130
355131
355132
355133
355134
355135
355136
355137
355138
355139
355140
355141
355142
355143
355144
355145
355146
355147
355148
355149
355150
355151
355152
355153
355154
355155
355156
355157
355158
355159
355160
355161
355162
355163
355164
355165
355166
355167
355168
355169
355170
355171
355172
355173
355174
355175
355176
355177
355178
355179
355180
355181
355182
355183
355184
355185
355186
355187
355188
355189
355190
355191
355192
355193
355194
355195
355196
355197
355198
355199
355200
355201
355202
355203
355204
355205
355206
355207
355208
355209
355210
355211
355212
355213
355214
355215
355216
355217
355218
355219
355220
355221
355222
355223
355224
355225
355226
355227
355228
355229
355230
355231
355232
355233
355234
355235
355236
355237
355238
355239
355240
355241
355242
355243
355244
355245
355246
355247
355248
355249
355250
355251
355252
355253
355254
355255
355256
355257
355258
355259
355260
355261
355262
355263
355264
355265
355266
355267
355268
355269
355270
355271
355272
355273
355274
355275
355276
355277
355278
355279
355280
355281
355282
355283
355284
355285
355286
355287
355288
355289
355290
355291
355292
355293
355294
355295
355296
355297
355298
355299
355300
355301
355302
355303
355304
355305
355306
355307
355308
355309
355310
355311
355312
355313
355314
355315
355316
355317
355318
355319
355320
355321
355322
355323
355324
355325
355326
355327
355328
355329
355330
355331
355332
355333
355334
355335
355336
355337
355338
355339
355340
355341
355342
355343
355344
355345
355346
355347
355348
355349
355350
355351
355352
355353
355354
355355
355356
355357
355358
355359
355360
355361
355362
355363
355364
355365
355366
355367
355368
355369
355370
355371
355372
355373
355374
355375
355376
355377
355378
355379
355380
355381
355382
355383
355384
355385
355386
355387
355388
355389
355390
355391
355392
355393
355394
355395
355396
355397
355398
355399
355400
355401
355402
355403
355404
355405
355406
355407
355408
355409
355410
355411
355412
355413
355414
355415
355416
355417
355418
355419
355420
355421
355422
355423
355424
355425
355426
355427
355428
355429
355430
355431
355432
355433
355434
355435
355436
355437
355438
355439
355440
355441
355442
355443
355444
355445
355446
355447
355448
355449
355450
355451
355452
355453
355454
355455
355456
355457
355458
355459
355460
355461
355462
355463
355464
355465
355466
355467
355468
355469
355470
355471
355472
355473
355474
355475
355476
355477
355478
355479
355480
355481
355482
355483
355484
355485
355486
355487
355488
355489
355490
355491
355492
355493
355494
355495
355496
355497
355498
355499
355500
355501
355502
355503
355504
355505
355506
355507
355508
355509
355510
355511
355512
355513
355514
355515
355516
355517
355518
355519
355520
355521
355522
355523
355524
355525
355526
355527
355528
355529
355530
355531
355532
355533
355534
355535
355536
355537
355538
355539
355540
355541
355542
355543
355544
355545
355546
355547
355548
355549
355550
355551
355552
355553
355554
355555
355556
355557
355558
355559
355560
355561
355562
355563
355564
355565
355566
355567
355568
355569
355570
355571
355572
355573
355574
355575
355576
355577
355578
355579
355580
355581
355582
355583
355584
355585
355586
355587
355588
355589
355590
355591
355592
355593
355594
355595
355596
355597
355598
355599
355600
355601
355602
355603
355604
355605
355606
355607
355608
355609
355610
355611
355612
355613
355614
355615
355616
355617
355618
355619
355620
355621
355622
355623
355624
355625
355626
355627
355628
355629
355630
355631
355632
355633
355634
355635
355636
355637
355638
355639
355640
355641
355642
355643
355644
355645
355646
355647
355648
355649
355650
355651
355652
355653
355654
355655
355656
355657
355658
355659
355660
355661
355662
355663
355664
355665
355666
355667
355668
355669
355670
355671
355672
355673
355674
355675
355676
355677
355678
355679
355680
355681
355682
355683
355684
355685
355686
355687
355688
355689
355690
355691
355692
355693
355694
355695
355696
355697
355698
355699
355700
355701
355702
355703
355704
355705
355706
355707
355708
355709
355710
355711
355712
355713
355714
355715
355716
355717
355718
355719
355720
355721
355722
355723
355724
355725
355726
355727
355728
355729
355730
355731
355732
355733
355734
355735
355736
355737
355738
355739
355740
355741
355742
355743
355744
355745
355746
355747
355748
355749
355750
355751
355752
355753
355754
355755
355756
355757
355758
355759
355760
355761
355762
355763
355764
355765
355766
355767
355768
355769
355770
355771
355772
355773
355774
355775
355776
355777
355778
355779
355780
355781
355782
355783
355784
355785
355786
355787
355788
355789
355790
355791
355792
355793
355794
355795
355796
355797
355798
355799
355800
355801
355802
355803
355804
355805
355806
355807
355808
355809
355810
355811
355812
355813
355814
355815
355816
355817
355818
355819
355820
355821
355822
355823
355824
355825
355826
355827
355828
355829
355830
355831
355832
355833
355834
355835
355836
355837
355838
355839
355840
355841
355842
355843
355844
355845
355846
355847
355848
355849
355850
355851
355852
355853
355854
355855
355856
355857
355858
355859
355860
355861
355862
355863
355864
355865
355866
355867
355868
355869
355870
355871
355872
355873
355874
355875
355876
355877
355878
355879
355880
355881
355882
355883
355884
355885
355886
355887
355888
355889
355890
355891
355892
355893
355894
355895
355896
355897
355898
355899
355900
355901
355902
355903
355904
355905
355906
355907
355908
355909
355910
355911
355912
355913
355914
355915
355916
355917
355918
355919
355920
355921
355922
355923
355924
355925
355926
355927
355928
355929
355930
355931
355932
355933
355934
355935
355936
355937
355938
355939
355940
355941
355942
355943
355944
355945
355946
355947
355948
355949
355950
355951
355952
355953
355954
355955
355956
355957
355958
355959
355960
355961
355962
355963
355964
355965
355966
355967
355968
355969
355970
355971
355972
355973
355974
355975
355976
355977
355978
355979
355980
355981
355982
355983
355984
355985
355986
355987
355988
355989
355990
355991
355992
355993
355994
355995
355996
355997
355998
355999
356000
356001
356002
356003
356004
356005
356006
356007
356008
356009
356010
356011
356012
356013
356014
356015
356016
356017
356018
356019
356020
356021
356022
356023
356024
356025
356026
356027
356028
356029
356030
356031
356032
356033
356034
356035
356036
356037
356038
356039
356040
356041
356042
356043
356044
356045
356046
356047
356048
356049
356050
356051
356052
356053
356054
356055
356056
356057
356058
356059
