300920
300921
300922
300923
300924
300925
300926
300927
300928
300929
300930
300931
300932
300933
300934
300935
300936
300937
300938
300939
300940
300941
300942
300943
300944
300945
300946
300947
300948
300949
300950
300951
300952
300953
300954
300955
300956
300957
300958
300959
300960
300961
300962
300963
300964
300965
300966
300967
300968
300969
300970
300971
300972
300973
300974
300975
300976
300977
300978
300979
300980
300981
300982
300983
300984
300985
300986
300987
300988
300989
300990
300991
300992
300993
300994
300995
300996
300997
300998
300999
301000
301001
301002
301003
301004
301005
301006
301007
301008
301009
301010
301011
301012
301013
301014
301015
301016
301017
301018
301019
301020
301021
301022
301023
301024
301025
301026
301027
301028
301029
301030
301031
301032
301033
301034
301035
301036
301037
301038
301039
301040
301041
301042
301043
301044
301045
301046
301047
301048
301049
301050
301051
301052
301053
301054
301055
301056
301057
301058
301059
301060
301061
301062
301063
301064
301065
301066
301067
301068
301069
301070
301071
301072
301073
301074
301075
301076
301077
301078
301079
301080
301081
301082
301083
301084
301085
301086
301087
301088
301089
301090
301091
301092
301093
301094
301095
301096
301097
301098
301099
301100
301101
301102
301103
301104
301105
301106
301107
301108
301109
301110
301111
301112
301113
301114
301115
301116
301117
301118
301119
301120
301121
301122
301123
301124
301125
301126
301127
301128
301129
301130
301131
301132
301133
301134
301135
301136
301137
301138
301139
301140
301141
301142
301143
301144
301145
301146
301147
301148
301149
301150
301151
301152
301153
301154
301155
301156
301157
301158
301159
301160
301161
301162
301163
301164
301165
301166
301167
301168
301169
301170
301171
301172
301173
301174
301175
301176
301177
301178
301179
301180
301181
301182
301183
301184
301185
301186
301187
301188
301189
301190
301191
301192
301193
301194
301195
301196
301197
301198
301199
301200
301201
301202
301203
301204
301205
301206
301207
301208
301209
301210
301211
301212
301213
301214
301215
301216
301217
301218
301219
301220
301221
301222
301223
301224
301225
301226
301227
301228
301229
301230
301231
301232
301233
301234
301235
301236
301237
301238
301239
301240
301241
301242
301243
301244
301245
301246
301247
301248
301249
301250
301251
301252
301253
301254
301255
301256
301257
301258
301259
301260
301261
301262
301263
301264
301265
301266
301267
301268
301269
301270
301271
301272
301273
301274
301275
301276
301277
301278
301279
301280
301281
301282
301283
301284
301285
301286
301287
301288
301289
301290
301291
301292
301293
301294
301295
301296
301297
301298
301299
301300
301301
301302
301303
301304
301305
301306
301307
301308
301309
301310
301311
301312
301313
301314
301315
301316
301317
301318
301319
301320
301321
301322
301323
301324
301325
301326
301327
301328
301329
301330
301331
301332
301333
301334
301335
301336
301337
301338
301339
301340
301341
301342
301343
301344
301345
301346
301347
301348
301349
301350
301351
301352
