508496
508497
508498
508499
508500
508501
508502
508503
508504
508505
508506
508507
508508
508509
508510
508511
508512
508513
508514
508515
508516
508517
508518
508519
508520
508521
508522
508523
508524
508525
508526
508527
508528
508529
508530
508531
508532
508533
508534
508535
508536
508537
508538
508539
508540
508541
508542
508543
508544
508545
508546
508547
508548
508549
508550
508551
508552
508553
508554
508555
508556
508557
508558
508559
508560
508561
508562
508563
508564
508565
508566
508567
508568
508569
508570
508571
508572
508573
508574
508575
508576
508577
508578
508579
508580
508581
508582
508583
508584
508585
508586
508587
508588
508589
508590
508591
508592
508593
508594
508595
508596
508597
508598
508599
508600
508601
508602
508603
508604
508605
508606
508607
508608
508609
508610
508611
508612
508613
508614
508615
508616
508617
508618
508619
508620
508621
508622
508623
508624
508625
508626
508627
508628
508629
508630
508631
508632
508633
508634
508635
508636
508637
508638
508639
508640
508641
508642
508643
508644
508645
508646
508647
508648
508649
508650
508651
508652
508653
508654
508655
508656
508657
508658
508659
508660
508661
508662
508663
508664
508665
508666
508667
508668
508669
508670
508671
508672
508673
508674
508675
508676
508677
508678
508679
508680
508681
508682
508683
508684
508685
508686
508687
508688
508689
508690
508691
508692
508693
508694
508695
508696
508697
508698
508699
508700
508701
508702
508703
508704
508705
508706
508707
508708
508709
508710
508711
508712
508713
508714
508715
508716
508717
508718
508719
508720
508721
508722
508723
508724
508725
508726
508727
508728
508729
508730
508731
508732
508733
508734
508735
508736
508737
508738
508739
508740
508741
508742
508743
508744
508745
508746
508747
508748
508749
508750
508751
508752
508753
508754
508755
508756
508757
508758
508759
508760
508761
508762
508763
508764
508765
508766
508767
508768
508769
508770
508771
508772
508773
508774
508775
508776
508777
508778
508779
508780
508781
508782
508783
508784
508785
508786
508787
508788
508789
508790
508791
508792
508793
508794
508795
508796
508797
508798
508799
508800
508801
508802
508803
508804
508805
508806
508807
508808
508809
508810
508811
508812
508813
508814
508815
508816
508817
508818
508819
508820
508821
508822
508823
508824
508825
508826
508827
508828
508829
508830
508831
508832
508833
508834
508835
508836
508837
508838
508839
508840
508841
508842
508843
508844
508845
508846
508847
508848
508849
508850
508851
508852
508853
508854
508855
508856
508857
508858
508859
508860
508861
508862
508863
508864
508865
508866
508867
508868
508869
508870
508871
508872
508873
508874
508875
508876
508877
508878
508879
508880
508881
508882
508883
508884
508885
508886
508887
508888
508889
508890
508891
508892
508893
508894
508895
508896
508897
508898
508899
508900
508901
508902
508903
508904
508905
508906
508907
508908
508909
508910
508911
508912
508913
508914
508915
508916
508917
508918
508919
508920
508921
508922
508923
508924
508925
508926
508927
508928
508929
508930
508931
508932
508933
508934
508935
508936
508937
508938
508939
508940
508941
508942
508943
508944
508945
508946
508947
508948
508949
508950
508951
508952
508953
508954
508955
508956
508957
508958
508959
508960
508961
508962
508963
508964
508965
508966
508967
508968
508969
508970
508971
508972
508973
508974
508975
508976
508977
508978
508979
508980
508981
508982
508983
508984
508985
508986
508987
508988
508989
508990
508991
508992
508993
508994
508995
508996
508997
508998
508999
509000
509001
509002
509003
509004
509005
509006
509007
509008
509009
509010
509011
509012
509013
509014
509015
509016
509017
509018
509019
509020
509021
509022
509023
509024
509025
509026
509027
509028
509029
509030
509031
509032
509033
509034
509035
509036
509037
509038
509039
509040
509041
509042
509043
509044
509045
509046
509047
509048
509049
509050
509051
509052
509053
509054
509055
509056
509057
509058
509059
509060
509061
509062
509063
509064
509065
509066
509067
509068
509069
509070
509071
509072
509073
509074
509075
509076
509077
509078
509079
509080
509081
509082
509083
509084
509085
509086
509087
509088
509089
509090
509091
509092
509093
509094
509095
509096
509097
509098
509099
509100
509101
509102
509103
509104
509105
509106
509107
509108
509109
509110
509111
509112
509113
509114
509115
509116
509117
509118
509119
509120
509121
509122
509123
509124
509125
509126
509127
509128
509129
509130
509131
509132
509133
509134
509135
509136
509137
509138
509139
509140
509141
509142
509143
509144
509145
509146
509147
509148
509149
509150
509151
509152
509153
509154
509155
509156
509157
509158
509159
509160
509161
509162
509163
509164
509165
509166
509167
509168
509169
509170
509171
509172
509173
509174
509175
509176
509177
509178
509179
509180
509181
509182
509183
509184
509185
509186
509187
509188
509189
509190
509191
509192
509193
509194
509195
509196
509197
509198
509199
509200
509201
509202
509203
509204
509205
509206
509207
509208
509209
509210
509211
509212
509213
509214
509215
509216
509217
509218
509219
509220
509221
509222
509223
509224
509225
509226
509227
509228
509229
509230
509231
509232
509233
509234
509235
509236
509237
509238
509239
509240
509241
509242
509243
509244
509245
509246
509247
509248
509249
509250
509251
509252
509253
509254
509255
509256
509257
509258
509259
509260
509261
509262
509263
509264
509265
509266
509267
509268
509269
509270
509271
509272
509273
509274
509275
509276
509277
509278
509279
509280
509281
509282
509283
509284
509285
509286
509287
509288
509289
509290
509291
509292
509293
509294
509295
509296
509297
509298
509299
509300
509301
509302
509303
509304
509305
509306
509307
509308
509309
509310
509311
509312
509313
509314
509315
509316
509317
509318
509319
509320
509321
509322
509323
509324
509325
509326
509327
509328
509329
509330
509331
509332
509333
509334
509335
509336
509337
509338
509339
509340
509341
509342
509343
509344
509345
509346
509347
509348
509349
509350
509351
509352
509353
509354
509355
509356
509357
509358
509359
509360
509361
509362
509363
509364
509365
509366
509367
509368
509369
509370
509371
509372
509373
509374
509375
509376
509377
509378
509379
509380
509381
509382
509383
509384
509385
509386
509387
509388
509389
509390
509391
509392
509393
509394
509395
509396
509397
509398
509399
509400
509401
509402
509403
509404
509405
509406
509407
509408
509409
509410
509411
509412
509413
509414
509415
509416
509417
509418
509419
509420
509421
509422
509423
509424
509425
509426
509427
509428
509429
509430
509431
509432
509433
509434
509435
509436
509437
509438
509439
509440
509441
509442
509443
509444
509445
509446
509447
509448
509449
509450
509451
509452
509453
509454
509455
509456
509457
509458
509459
509460
509461
509462
509463
509464
509465
509466
509467
509468
509469
509470
509471
509472
509473
509474
509475
509476
509477
509478
509479
509480
509481
509482
509483
509484
509485
509486
509487
509488
509489
509490
509491
509492
509493
509494
509495
509496
509497
509498
509499
509500
509501
509502
509503
509504
509505
509506
509507
509508
509509
509510
509511
509512
509513
509514
509515
509516
509517
509518
509519
509520
509521
509522
509523
509524
509525
509526
509527
509528
509529
509530
509531
509532
509533
509534
509535
509536
509537
509538
509539
509540
509541
509542
509543
509544
509545
509546
509547
509548
509549
509550
509551
509552
509553
509554
509555
509556
509557
509558
509559
509560
509561
509562
509563
509564
509565
509566
509567
509568
509569
509570
509571
509572
509573
509574
509575
509576
509577
509578
509579
509580
509581
509582
509583
509584
509585
509586
509587
509588
509589
509590
509591
509592
509593
509594
509595
509596
509597
509598
509599
509600
509601
509602
509603
509604
509605
509606
509607
509608
509609
509610
509611
509612
509613
509614
509615
509616
509617
509618
509619
509620
509621
509622
509623
509624
509625
509626
509627
509628
509629
509630
509631
509632
509633
509634
509635
509636
509637
509638
509639
509640
509641
509642
509643
509644
509645
509646
509647
509648
509649
509650
509651
509652
509653
509654
509655
509656
509657
509658
509659
509660
509661
509662
509663
509664
509665
509666
509667
509668
509669
509670
509671
509672
509673
509674
509675
509676
509677
509678
509679
509680
509681
509682
509683
509684
509685
509686
509687
509688
509689
509690
509691
509692
509693
509694
509695
509696
509697
509698
509699
509700
509701
509702
509703
509704
509705
509706
509707
509708
509709
509710
509711
509712
509713
509714
509715
509716
509717
509718
509719
509720
509721
509722
509723
509724
509725
509726
509727
509728
509729
509730
509731
509732
509733
509734
509735
509736
509737
509738
509739
509740
509741
509742
509743
509744
509745
509746
509747
509748
509749
509750
509751
509752
509753
509754
509755
509756
509757
509758
509759
509760
509761
509762
509763
509764
509765
509766
509767
509768
509769
509770
509771
509772
509773
509774
509775
509776
509777
509778
509779
509780
509781
509782
509783
509784
509785
509786
509787
509788
509789
509790
509791
509792
509793
509794
509795
509796
509797
509798
509799
509800
509801
509802
509803
509804
509805
509806
509807
509808
509809
509810
509811
509812
509813
509814
509815
509816
509817
509818
509819
509820
509821
509822
509823
509824
509825
509826
509827
509828
509829
509830
509831
509832
509833
509834
509835
509836
509837
509838
509839
509840
509841
509842
509843
509844
509845
509846
509847
509848
509849
509850
509851
509852
509853
509854
509855
509856
509857
509858
509859
509860
509861
509862
509863
509864
509865
509866
509867
509868
509869
509870
509871
509872
509873
509874
509875
509876
509877
509878
509879
509880
509881
509882
509883
509884
509885
509886
509887
509888
509889
509890
509891
509892
509893
509894
509895
509896
509897
509898
509899
509900
509901
509902
509903
509904
509905
509906
509907
509908
509909
509910
509911
509912
509913
509914
509915
509916
509917
509918
509919
509920
509921
509922
509923
509924
509925
509926
509927
509928
509929
509930
509931
509932
509933
509934
509935
509936
509937
509938
509939
509940
509941
509942
509943
509944
509945
509946
509947
509948
509949
509950
509951
509952
509953
509954
509955
509956
509957
509958
509959
509960
509961
509962
509963
509964
509965
509966
509967
509968
509969
509970
509971
509972
509973
509974
509975
509976
509977
509978
509979
509980
509981
509982
509983
509984
509985
509986
509987
509988
509989
509990
509991
509992
509993
509994
509995
509996
509997
509998
509999
510000
510001
510002
510003
510004
510005
510006
510007
510008
510009
510010
510011
510012
510013
510014
510015
510016
510017
510018
510019
510020
510021
510022
510023
510024
510025
510026
510027
510028
510029
510030
510031
510032
510033
510034
510035
510036
510037
510038
510039
510040
510041
510042
510043
510044
510045
510046
510047
510048
510049
510050
510051
510052
510053
510054
510055
510056
510057
510058
510059
510060
510061
510062
510063
510064
510065
510066
510067
510068
510069
510070
510071
510072
510073
510074
510075
510076
510077
510078
510079
510080
510081
510082
510083
510084
510085
510086
510087
510088
510089
510090
510091
510092
510093
510094
510095
510096
510097
510098
510099
510100
510101
510102
510103
510104
510105
510106
510107
510108
510109
510110
510111
510112
510113
510114
510115
510116
510117
510118
510119
510120
510121
510122
510123
510124
510125
510126
510127
510128
510129
510130
510131
510132
510133
510134
510135
510136
510137
510138
510139
510140
510141
510142
510143
510144
510145
510146
510147
510148
510149
510150
510151
510152
510153
510154
510155
510156
510157
510158
510159
510160
510161
510162
510163
510164
510165
510166
510167
510168
510169
510170
510171
510172
510173
510174
510175
510176
510177
510178
510179
510180
510181
510182
510183
510184
510185
510186
510187
510188
510189
510190
510191
510192
510193
510194
510195
510196
510197
510198
510199
510200
510201
510202
510203
510204
510205
510206
510207
510208
510209
510210
510211
510212
510213
510214
510215
510216
510217
510218
510219
510220
510221
510222
510223
510224
510225
510226
510227
510228
510229
510230
510231
510232
510233
510234
510235
510236
510237
510238
510239
510240
510241
510242
510243
510244
510245
510246
510247
510248
510249
510250
510251
510252
510253
510254
510255
510256
510257
510258
510259
510260
510261
510262
510263
510264
510265
510266
510267
510268
510269
510270
510271
510272
510273
510274
510275
510276
510277
510278
510279
510280
510281
510282
510283
510284
510285
510286
510287
510288
510289
510290
510291
510292
510293
510294
510295
510296
510297
510298
510299
510300
510301
510302
510303
510304
510305
510306
510307
510308
510309
510310
510311
510312
510313
510314
510315
510316
510317
510318
510319
510320
510321
510322
510323
510324
510325
510326
510327
510328
510329
510330
510331
510332
510333
510334
510335
510336
510337
510338
510339
510340
510341
510342
510343
510344
510345
510346
510347
510348
510349
510350
510351
510352
510353
510354
510355
510356
510357
510358
510359
510360
510361
510362
510363
510364
510365
510366
510367
510368
510369
510370
510371
510372
510373
510374
510375
510376
510377
510378
510379
510380
510381
510382
510383
510384
510385
510386
510387
510388
510389
510390
510391
510392
510393
510394
510395
510396
510397
510398
510399
510400
510401
510402
510403
510404
510405
510406
510407
510408
510409
510410
510411
510412
510413
510414
510415
510416
510417
510418
510419
510420
510421
510422
510423
510424
510425
510426
510427
510428
510429
510430
510431
510432
510433
510434
510435
510436
510437
510438
510439
510440
510441
510442
510443
510444
510445
510446
510447
510448
510449
510450
510451
510452
510453
510454
510455
510456
510457
510458
510459
510460
510461
510462
510463
510464
510465
510466
510467
510468
510469
510470
510471
510472
510473
510474
510475
510476
510477
510478
510479
510480
510481
510482
510483
510484
510485
510486
510487
510488
510489
510490
510491
510492
510493
510494
510495
510496
510497
510498
510499
510500
510501
510502
510503
510504
510505
510506
510507
510508
510509
510510
510511
510512
510513
510514
510515
510516
510517
510518
510519
510520
510521
510522
510523
510524
510525
510526
510527
510528
510529
510530
510531
510532
510533
510534
510535
510536
510537
510538
510539
510540
510541
510542
510543
510544
510545
510546
510547
510548
510549
510550
510551
510552
510553
510554
510555
510556
510557
510558
510559
510560
510561
510562
510563
510564
510565
510566
510567
510568
510569
510570
510571
510572
510573
510574
510575
510576
510577
510578
510579
510580
510581
510582
510583
510584
510585
510586
510587
510588
510589
510590
510591
510592
510593
510594
510595
510596
510597
510598
510599
510600
510601
510602
510603
510604
510605
510606
510607
510608
510609
510610
510611
510612
510613
510614
510615
510616
510617
510618
510619
510620
510621
510622
510623
510624
510625
510626
510627
510628
510629
510630
510631
510632
510633
510634
510635
510636
510637
510638
510639
510640
510641
510642
510643
510644
510645
510646
510647
510648
510649
510650
510651
510652
510653
510654
510655
510656
510657
510658
510659
510660
510661
510662
510663
510664
510665
510666
510667
510668
510669
510670
510671
510672
510673
510674
510675
510676
510677
510678
510679
510680
510681
510682
510683
510684
510685
510686
510687
510688
510689
510690
510691
510692
510693
510694
510695
510696
510697
510698
510699
510700
510701
510702
510703
510704
510705
510706
510707
510708
510709
510710
510711
510712
510713
510714
510715
510716
510717
510718
510719
510720
510721
510722
510723
510724
510725
510726
510727
510728
510729
510730
510731
510732
510733
510734
510735
510736
510737
510738
510739
510740
510741
510742
510743
510744
510745
510746
510747
510748
510749
510750
510751
510752
510753
510754
510755
510756
510757
510758
510759
510760
510761
510762
510763
510764
510765
510766
510767
510768
510769
510770
510771
510772
510773
510774
510775
510776
510777
510778
510779
510780
510781
510782
510783
510784
510785
510786
510787
510788
510789
510790
510791
510792
510793
510794
510795
510796
510797
510798
510799
510800
510801
510802
510803
510804
510805
510806
510807
510808
510809
510810
510811
510812
510813
510814
510815
510816
510817
510818
510819
510820
510821
510822
510823
510824
510825
510826
510827
510828
510829
510830
510831
510832
510833
510834
510835
510836
510837
510838
510839
510840
510841
510842
510843
510844
510845
510846
510847
510848
510849
510850
510851
510852
510853
510854
510855
510856
510857
510858
510859
510860
510861
510862
510863
510864
510865
510866
510867
510868
510869
510870
510871
510872
510873
510874
510875
510876
510877
510878
510879
510880
510881
510882
510883
510884
510885
510886
510887
510888
510889
510890
510891
510892
510893
510894
510895
510896
510897
510898
510899
510900
510901
510902
510903
510904
510905
510906
510907
510908
510909
510910
510911
510912
510913
510914
510915
510916
510917
510918
510919
510920
510921
510922
510923
510924
510925
510926
510927
510928
510929
510930
510931
510932
510933
510934
510935
510936
510937
510938
510939
510940
510941
510942
510943
510944
510945
510946
510947
510948
510949
510950
510951
510952
510953
510954
510955
510956
510957
510958
510959
510960
510961
510962
510963
510964
510965
510966
510967
510968
510969
510970
510971
510972
510973
510974
510975
510976
510977
510978
510979
510980
510981
510982
510983
510984
510985
510986
510987
510988
510989
510990
510991
510992
510993
510994
510995
510996
510997
510998
510999
511000
511001
511002
511003
511004
511005
511006
511007
511008
511009
511010
511011
511012
511013
511014
511015
511016
511017
511018
511019
511020
511021
511022
511023
511024
511025
511026
511027
511028
511029
511030
511031
511032
511033
511034
511035
511036
511037
511038
511039
511040
511041
511042
511043
511044
511045
511046
511047
511048
511049
511050
511051
511052
511053
511054
511055
511056
511057
511058
511059
511060
511061
511062
511063
511064
511065
511066
511067
511068
511069
511070
511071
511072
511073
511074
511075
511076
511077
511078
511079
511080
511081
511082
511083
511084
511085
511086
511087
511088
511089
511090
511091
511092
511093
511094
511095
511096
511097
511098
511099
511100
511101
511102
511103
511104
511105
511106
511107
511108
511109
511110
511111
511112
511113
511114
511115
511116
511117
511118
511119
511120
511121
511122
511123
511124
511125
511126
511127
511128
511129
511130
511131
511132
511133
511134
511135
511136
511137
511138
511139
511140
511141
511142
511143
511144
511145
511146
511147
511148
511149
511150
511151
511152
511153
511154
511155
511156
511157
511158
511159
511160
511161
511162
511163
511164
511165
511166
511167
511168
511169
511170
511171
511172
511173
511174
511175
511176
511177
511178
511179
511180
511181
511182
511183
511184
511185
511186
511187
511188
511189
511190
511191
511192
511193
511194
511195
511196
511197
511198
511199
511200
511201
511202
511203
511204
511205
511206
511207
511208
511209
511210
511211
511212
511213
511214
511215
511216
511217
511218
511219
511220
511221
511222
511223
511224
511225
511226
511227
511228
511229
511230
511231
511232
511233
511234
511235
511236
511237
511238
511239
511240
511241
511242
511243
511244
511245
511246
511247
511248
511249
511250
511251
511252
511253
511254
511255
511256
511257
511258
511259
511260
511261
511262
511263
511264
511265
511266
511267
511268
511269
511270
511271
511272
511273
511274
511275
511276
511277
511278
511279
511280
511281
511282
511283
511284
511285
511286
511287
511288
511289
511290
511291
511292
511293
511294
511295
511296
511297
511298
511299
511300
511301
511302
511303
511304
511305
511306
511307
511308
511309
511310
511311
511312
511313
511314
511315
511316
511317
511318
511319
511320
511321
511322
511323
511324
511325
511326
511327
511328
511329
511330
511331
511332
511333
511334
511335
511336
511337
511338
511339
511340
511341
511342
511343
511344
511345
511346
511347
511348
511349
511350
511351
511352
511353
511354
511355
511356
511357
511358
511359
511360
511361
511362
511363
511364
511365
511366
511367
511368
511369
511370
511371
511372
511373
511374
511375
511376
511377
511378
511379
511380
511381
511382
511383
511384
511386
511387
511388
511389
511390
511391
511392
511393
511394
511395
511396
511397
511398
511400
511401
511402
511403
511404
511405
511406
511407
511408
511409
511410
511411
511412
511413
511414
511415
511416
511417
511418
511419
511420
511421
511422
511423
511424
511425
511426
511427
511428
511429
511430
511431
511432
511433
511434
511435
511436
511437
511438
511439
511440
511441
511442
511443
511444
511445
511446
511447
511448
511449
511450
511451
511452
511453
511454
511455
511456
511457
511458
511459
511460
511461
511462
511463
511464
511465
511466
511467
511468
511469
511470
511471
511472
511473
511474
511475
511476
511477
511478
511479
511480
511481
511482
511483
511484
511485
511486
511487
511488
511489
511490
511491
511492
511493
511494
511495
511496
511497
511498
511499
511500
511501
511502
511503
511504
511505
511506
511507
511508
511509
511510
511511
511512
511513
511514
511515
511516
511517
511518
511519
511520
511521
511522
511523
511524
511525
511526
511527
511528
511529
511530
511531
511532
511533
511534
511535
511536
511537
511538
511539
511540
511541
511542
511543
511544
511545
511546
511547
511548
511549
511550
511551
511552
511553
511554
511555
511556
511557
511558
511559
511560
511561
511562
511563
511564
511565
511566
511567
511568
511569
511570
511571
511572
511573
511574
511575
511576
511577
511578
511579
511580
511581
511582
511583
511584
511585
511586
511587
511588
511589
511590
511591
511592
511593
511594
511595
511596
511597
511598
511599
511600
511601
511602
511603
511604
511605
511606
511607
511608
511609
511610
511611
511612
511613
511614
511615
511616
511617
511618
511619
511620
511621
511622
511623
511624
511625
511626
511627
511628
511629
511630
511631
511632
511633
511634
511635
511636
511637
511638
511639
511640
511641
511642
511643
511644
511645
511646
511647
511648
511649
511650
511651
511652
511653
511654
511655
511656
511657
511658
511659
511660
511661
511662
511663
511664
511665
511666
511667
511668
511669
511670
511671
511672
511673
511674
511675
511676
511677
511678
511679
511680
511681
511682
511683
511684
511685
511686
511687
511688
511689
511690
511691
511692
511693
511694
511695
511696
511697
511698
511699
511700
511701
511702
511703
511704
511705
511706
511707
511708
511709
511710
511711
511712
511713
511714
511715
511716
511717
511718
511719
511720
511721
511722
511723
511724
511725
511726
511727
511728
511729
511730
511731
511732
511733
511734
511735
511736
511737
511738
511739
511740
511741
511742
511743
511744
511745
511746
511747
511748
511749
511750
511751
511752
511753
511754
511755
511756
511757
511758
511759
511760
511761
511762
511763
511764
511765
511766
511767
511768
511769
511770
511771
511772
511773
511774
511775
511776
511777
511778
511779
511780
511781
511782
511783
511784
511785
511786
511787
511788
511789
511790
511791
511792
511793
511794
511795
511796
511797
511798
511799
511800
511801
511802
511803
511804
511805
511806
511807
511808
511809
511810
511811
511812
511813
511814
511815
511816
511817
511818
511819
511820
511821
511822
511823
511824
511825
511826
511827
511828
511829
511830
511831
511832
511833
511834
511835
511836
511837
511838
511839
511840
511841
511842
511843
511844
511845
511846
511847
511848
511849
511850
511851
511852
511853
511854
511855
511856
511857
511858
511859
511860
511861
511862
511863
511864
511865
511866
511867
511868
511869
511870
511871
511872
511873
511874
511875
511876
511877
511878
511879
511880
511881
511882
511883
511884
511885
511886
511887
511888
511889
511890
511891
511892
511893
511894
511895
511896
511897
511898
511899
511900
511901
511902
511903
511904
511905
511906
511907
511908
511909
511910
511911
511912
511913
511914
511915
511916
511917
511918
511919
511920
511921
511922
511923
511924
511925
511926
511927
511928
511929
511930
511931
511932
511933
511934
511935
511936
511937
511938
511939
511940
511941
511942
511943
511944
511945
511946
511947
511948
511949
511950
511951
511952
511953
511954
511955
511956
511957
511958
511959
511960
511961
511962
511963
511964
511965
511966
511967
511968
511969
511970
511971
511972
511973
511974
511975
511976
511977
511978
511979
511980
511981
511982
511983
511984
511985
511986
511987
511988
511989
511990
511991
511992
511993
511994
511995
511996
511997
511998
511999
512000
512001
512002
512003
512004
512005
512006
512007
512008
512009
512010
512011
512012
512013
512014
512015
512016
512017
512018
512019
512020
512021
512022
512023
512024
512025
512026
512027
512028
512029
512030
512031
512032
512033
512034
512035
512036
512037
