519414
519415
519416
519417
519418
519419
519420
519421
519422
519423
519424
519425
519426
519427
519428
519429
519430
519431
519432
519433
519434
519435
519436
519437
519438
519439
519440
519441
519442
519443
519444
519445
519446
519447
519448
519449
519450
519451
519452
519453
519454
519455
519456
519457
519458
519459
519460
519461
519462
519463
519464
519465
519466
519467
519468
519469
519470
519471
519472
519473
519474
519475
519476
519477
519478
519479
519480
519481
519482
519483
519484
519485
519486
519487
519488
519489
519490
519491
519492
519493
519494
519495
519496
519497
519498
519499
519500
519501
519502
519503
519504
519505
519506
519507
519508
519509
519510
519511
519512
519513
519514
519515
519516
519517
519518
519519
519520
519521
519522
519523
519524
519525
519526
519527
519528
519529
519530
519531
519532
519533
519534
519535
519536
519537
519538
519539
519540
519541
519542
519543
519544
519545
519546
519547
519548
519549
519550
519551
519552
519553
519554
519555
519556
519557
519558
519559
519560
519561
519562
519563
519564
519565
519566
519567
519568
519569
519570
519571
519572
519573
519574
519575
519576
519577
519578
519579
519580
519581
519582
519583
519584
519585
519586
519587
519588
519589
519590
519591
519592
519593
519594
519595
519596
519597
519598
519599
519600
519601
519602
519603
519604
519605
519606
519607
519608
519609
519610
519611
519612
519613
519614
519615
519616
519617
519618
519619
519620
519621
519622
519623
519624
519625
519626
519627
519628
519629
519630
519631
519632
519633
519634
519635
519636
519637
519638
519639
519640
519641
519642
519643
519644
519645
519646
519647
519648
519649
519650
519651
519652
519653
519654
519655
519656
519657
519658
519659
519660
519661
519662
519663
519664
519665
519666
519667
519668
519669
519670
519671
519672
519673
519674
519675
519676
519677
519678
519679
519680
519681
519682
519683
519684
519685
519686
519687
519688
519689
519690
519691
519692
519693
519694
519695
519696
519697
519698
519699
519700
519701
519702
519703
519704
519705
519706
519707
519708
519709
519710
519711
519712
519713
519714
519715
519716
519717
519718
519719
519720
519721
519722
519723
519724
519725
519726
519727
519728
519729
519730
519731
519732
519733
519734
519735
519736
519737
519738
519739
519740
519741
519742
519743
519744
519745
519746
519747
519748
519749
519750
519751
519752
519753
519754
519755
519756
519757
519758
519759
519760
519761
519762
519763
519764
519765
519766
519767
519768
519769
519770
519771
519772
519773
519774
519775
519776
519777
519778
519779
519780
519781
519782
519783
519784
519785
519786
519787
519788
519789
519790
519791
519792
519793
519794
519795
519796
519797
519798
519799
519800
519801
519802
519803
519804
519805
519806
519807
519808
519809
519810
519811
519812
519813
519814
519815
519816
519817
519818
519819
519820
519821
519822
519823
519824
519825
519826
519827
519828
519829
519830
519831
519832
519833
519834
519835
519836
519837
519838
519839
519840
519841
519842
519843
519844
519845
519846
519847
519848
519849
519850
519851
519852
519853
519854
519855
519856
519857
519858
519859
519860
519861
519862
519863
519864
519865
519866
519867
519868
519869
519870
519871
519872
519873
519874
519875
519876
519877
519878
519879
519880
519881
519882
519883
519884
519885
519886
519887
519888
519889
519890
519891
519892
519893
519894
519895
519896
519897
519898
519899
519900
519901
519902
519903
519904
519905
519906
519907
519908
519909
519910
519911
519912
519913
519914
519915
519916
519917
519918
519919
519920
519921
519922
519923
519924
519925
519926
519927
519928
519929
519930
519931
519932
519933
519934
519935
519936
519937
519938
519939
519940
519941
519942
519943
519944
519945
519946
519947
519948
519949
519950
519951
519952
519953
519954
519955
519956
519957
519958
519959
519960
519961
519962
519963
519964
519965
519966
519967
519968
519969
519970
519971
519972
519973
519974
519975
519976
519977
519978
519979
519980
519981
519982
519983
519984
519985
519986
519987
519988
519989
519990
519991
519992
519993
519994
519995
519996
519997
519998
519999
520000
520001
520002
520003
520004
520005
520006
520007
520008
520009
520010
520011
520012
520013
520014
520015
520016
520017
520018
520019
520020
520021
520022
520023
520024
520025
520026
520027
520028
520029
520030
520031
520032
520033
520034
520035
520036
520037
520038
520039
520040
520041
520042
520043
520044
520045
520046
520047
520048
520049
520050
520051
520052
520053
520054
520055
520056
520057
520058
520059
520060
520061
520062
520063
520064
520065
520066
520067
520068
520069
520070
520071
520072
520073
520074
520075
520076
520077
520078
520079
520080
520081
520082
520083
520084
520085
520086
520087
520088
520089
520090
520091
520092
520093
520094
520095
520096
520097
520098
520099
520100
520101
520102
520103
520104
520105
520106
520107
520108
520109
520110
520111
520112
520113
520114
520115
520116
520117
520118
520119
520120
520121
520122
520123
520124
520125
520126
520127
520128
520129
520130
520131
520132
520133
520134
520135
520136
520137
520138
520139
520140
520141
520142
520143
520144
520145
520146
520147
520148
520149
520150
520151
520152
520153
520154
520155
520156
520157
520158
520159
520160
520161
520162
520163
520164
520165
520166
520167
520168
520169
520170
520171
520172
520173
520174
520175
520176
520177
520178
520179
520180
520181
520182
520183
520184
520185
520186
520187
520188
520189
520190
520191
520192
520193
520194
520195
520196
520197
520198
520199
520200
520201
520202
520203
520204
520205
520206
520207
520208
520209
520210
520211
520212
520213
520214
520215
520216
520217
520218
520219
520220
520221
520222
520223
520224
520225
520226
520227
520228
520229
520230
520231
520232
520233
520234
520235
520236
520237
520238
520239
520240
520241
520242
520243
520244
520245
520246
520247
520248
520249
520250
520251
520252
520253
520254
520255
520256
520257
520258
520259
520260
520261
520262
520263
520264
520265
520266
520267
520268
520269
520270
520271
520272
520273
520274
520275
520276
520277
520278
520279
520280
520281
520282
520283
520284
520285
520286
520287
520288
520289
520290
520291
520292
520293
520294
520295
520296
520297
520298
520299
520300
520301
520302
520303
520304
520305
520306
520307
520308
520309
520310
520311
520312
520313
520314
520315
520316
520317
520318
520319
520320
520321
520322
520323
520324
520325
520326
520327
520328
520329
520330
520331
520332
520333
520334
520335
520336
520337
520338
520339
520340
520341
520342
520343
520344
520345
520346
520347
520348
520349
520350
520351
520352
520353
520354
520355
520356
520357
520358
520359
520360
520361
520362
520363
520364
520365
520366
520367
520368
520369
520370
520371
520372
520373
520374
520375
520376
520377
520378
520379
520380
520381
520382
520383
520384
520385
520386
520387
520388
520389
520390
520391
520392
520393
520394
520395
520396
520397
520398
520399
520400
520401
520402
520403
520404
520405
520406
520407
520408
520409
520410
520411
520412
520413
520414
520415
520416
520417
520418
520419
520420
520421
520422
520423
520424
520425
520426
520427
520428
520429
520430
520431
520432
520433
520434
520435
520436
520437
520438
520439
520440
520441
520442
520443
520444
520445
520446
520447
520448
520449
520450
520451
520452
520453
520454
520455
520456
520457
520458
520459
520460
520461
520462
520463
520464
520465
520466
520467
520468
520469
520470
520471
520472
520473
520474
520475
520476
520477
520478
520479
520480
520481
520482
520483
520484
520485
520486
520487
520488
520489
520490
520491
520492
520493
520494
520495
520496
520497
520498
520499
520500
520501
520502
520503
520504
520505
520506
520507
520508
520509
520510
520511
520512
520513
520514
520515
520516
520517
520518
520519
520520
520521
520522
520523
520524
520525
520526
520527
520528
520529
520530
520531
520532
520533
520534
520535
520536
520537
520538
520539
520540
520541
520542
520543
520544
520545
520546
520547
520548
520549
520550
520551
520552
520553
520554
520555
520556
520557
520558
520559
520560
520561
520562
520563
520564
520565
520566
520567
520568
520569
520570
520571
520572
520573
520574
520575
520576
520577
520578
520579
520580
520581
520582
520583
520584
520585
520586
520587
520588
520589
520590
520591
520592
520593
520594
520595
520596
520597
520598
520599
520600
520601
520602
520603
520604
520605
520606
520607
520608
520609
520610
520611
520612
520613
520614
520615
520616
520617
520618
520619
520620
520621
520622
520623
520624
520625
520626
520627
520628
520629
520630
520631
520632
520633
520634
520635
520636
520637
520638
520639
520640
520641
520642
520643
520644
520645
520646
520647
520648
520649
520650
520651
520652
520653
520654
520655
520656
520657
520658
520659
520660
520661
520662
520663
520664
520665
520666
520667
520668
520669
520670
520671
520672
520673
520674
520675
520676
520677
520678
520679
520680
520681
520682
520683
520684
520685
520686
520687
520688
520689
520690
520691
520692
520693
520694
520695
520696
520697
520698
520699
520700
520701
520702
520703
520704
520705
520706
520707
520708
520709
520710
520711
520712
520713
520714
520715
520716
520717
520718
520719
520720
520721
520722
520723
520724
520725
520726
520727
520728
520729
520730
520731
520732
520733
520734
520735
520736
520737
520738
520739
520740
520741
520742
520743
520744
520745
520746
520747
520748
520749
520750
520751
520752
520753
520754
520755
520756
520757
520758
520759
520760
520761
520762
520763
520764
520765
520766
520767
520768
520769
520770
520771
520772
520773
520774
520775
520776
520777
520778
520779
520780
520781
520782
520783
520784
520785
520786
520787
520788
520789
520790
520791
520792
520793
520794
520795
520796
520797
520798
520799
520800
520801
520802
520803
520804
520805
520806
520807
520808
520809
520810
520811
520812
520813
520814
520815
520816
520817
520818
520819
520820
520821
520822
520823
520824
520825
520826
520827
520828
520829
520830
520831
520832
520833
520834
520835
520836
520837
520838
520839
520840
520841
520842
520843
520844
520845
520846
520847
520848
520849
520850
520851
520852
520853
520854
520855
520856
520857
520858
520859
520860
520861
520862
520863
520864
520865
520866
520867
520868
520869
520870
520871
520872
520873
520874
520875
520876
520877
520878
520879
520880
520881
520882
520883
520884
520885
520886
520887
520888
520889
520890
520891
520892
520893
520894
520895
520896
520897
520898
520899
520900
520901
520902
520903
520904
520905
520906
520907
520908
520909
520910
520911
520912
520913
520914
520915
520916
520917
520918
520919
520920
520921
520922
520923
520924
520925
520926
520927
520928
520929
520930
520931
520932
520933
520934
520935
520936
520937
520938
520939
520940
520941
520942
520943
520944
520945
520946
520947
520948
520949
520950
520951
520952
520953
520954
520955
520956
520957
520958
520959
520960
520961
520962
520963
520964
520965
520966
520967
520968
520969
520970
520971
520972
520973
520974
520975
520976
520977
520978
520979
520980
520981
520982
520983
520984
520985
520986
520987
520988
520989
520990
520991
520992
520993
520994
520995
520996
520997
520998
520999
521000
521001
521002
521003
521004
521005
521006
521007
521008
521009
521010
521011
521012
521013
521014
521015
521016
521017
521018
521019
521020
521021
521022
521023
521024
521025
521026
521027
521028
521029
521030
521031
521032
521033
521034
521035
521036
521037
521038
521039
521040
521041
521042
521043
521044
521045
521046
521047
521048
521049
521050
521051
521052
521053
521054
521055
521056
521057
521058
521059
521060
521061
521062
521063
521064
521065
521066
521067
521068
521069
521070
521071
521072
521073
521074
521075
521076
521077
521078
521079
521080
521081
521082
521083
521084
521085
521086
521087
521088
521089
521090
521091
521092
521093
521094
521095
521096
521097
521098
521099
521100
521101
521102
521103
521104
521105
521106
521107
521108
521109
521110
521111
521112
521113
521114
521115
521116
521117
521118
521119
521120
521121
521122
521123
521124
521125
521126
521127
521128
521129
521130
521131
521132
521133
521134
521135
521136
521137
521138
521139
521140
521141
521142
521143
521144
521145
521146
521147
521148
521149
521150
521151
521152
521153
521154
521155
521156
521157
521158
521159
521160
521161
521162
521163
521164
521165
521166
521167
521168
521169
521170
521171
521172
521173
521174
521175
521176
521177
521178
521179
521180
521181
521182
521183
521184
521185
521186
521187
521188
521189
521190
521191
521192
521193
521194
521195
521196
521197
521198
521199
521200
521201
521202
521203
521204
521205
521206
521207
521208
521209
521210
521211
521212
521213
521214
521215
521216
521217
521218
521219
521220
521221
521222
521223
521224
521225
521226
521227
521228
521229
521230
521231
521232
521233
521234
521235
521236
521237
521238
521239
521240
521241
521242
521243
521244
521245
521246
521247
521248
521249
521250
521251
521252
521253
521254
521255
521256
521257
521258
521259
521260
521261
521262
521263
521264
521265
521266
521267
521268
521269
521270
521271
521272
521273
521274
521275
521276
521277
521278
521279
521280
521281
521282
521283
521284
521285
521286
521287
521288
521289
521290
521291
521292
521293
521294
521295
521296
521297
521298
521299
521300
521301
521302
521303
521304
521305
521306
521307
521308
521309
521310
521311
521312
521313
521314
521315
521316
521317
521318
521319
521320
521321
521322
521323
521324
521325
521326
521327
521328
521329
521330
521331
521332
521333
521334
521335
521336
521337
521338
521339
521340
521341
521342
521343
521344
521345
521346
521347
521348
521349
521350
521351
521352
521353
521354
521355
521356
521357
521358
521359
521360
521361
521362
521363
521364
521365
521366
521367
521368
521369
521370
521371
521372
521373
521374
521375
521376
521377
521378
521379
521380
521381
521382
521383
521384
521385
521386
521387
521388
521389
521390
521391
521392
521393
521394
521395
521396
521397
521398
521399
521400
521401
521402
521403
521404
521405
521406
521407
521408
521409
521410
521411
521412
521413
521414
521415
521416
521417
521418
521419
521420
521421
521422
521423
521424
521425
521426
521427
521428
521429
521430
521431
521432
521433
521434
521435
521436
521437
521438
521439
521440
521441
521442
521443
521444
521445
521446
521447
521448
521449
521450
521451
521452
521453
521454
521455
521456
521457
521458
521459
521460
521461
521462
521463
521464
521465
521466
521467
521468
521469
521470
521471
521472
521473
521474
521475
521476
521477
521478
521479
521480
521481
521482
521483
521484
521485
521486
521487
521488
521489
521490
521491
521492
521493
521494
521495
521496
521497
521498
521499
521500
521501
521502
521503
521504
521505
521506
521507
521508
521509
521510
521511
521512
521513
521514
521515
521516
521517
521518
521519
521520
521521
521522
521523
521524
521525
521526
521527
521528
521529
521530
521531
521532
521533
521534
521535
521536
521537
521538
521539
521540
521541
521542
521543
521544
521545
521546
521547
521548
521549
521550
521551
521552
521553
521554
521555
521556
521557
521558
521559
521560
521561
521562
521563
521564
521565
521566
521567
521568
521569
521570
521571
521572
521573
521574
521575
521576
521577
521578
521579
521580
521581
521582
521583
521584
521585
521586
521587
521588
521589
521590
521591
521592
521593
521594
521595
521596
521597
521598
521599
521600
521601
521602
521603
521604
521605
521606
521607
521608
521609
521610
521611
521612
521613
521614
521615
521616
521617
521618
521619
521620
521621
521622
521623
521624
521625
521626
521627
521628
521629
521630
521631
521632
521633
521634
521635
521636
521637
521638
521639
521640
521641
521642
521643
521644
521645
521646
521647
521648
521649
521650
521651
521652
521653
521654
521655
521656
521657
521658
521659
521660
521661
521662
521663
521664
521665
521666
521667
521668
521669
521670
521671
521672
521673
521674
521675
521676
521677
521678
521679
521680
521681
521682
521683
521684
521685
521686
521687
521688
521689
521690
521691
521692
521693
521694
521695
521696
521697
521698
521699
521700
521701
521702
521703
521704
521705
521706
521707
521708
521709
521710
521711
521712
521713
521714
521715
521716
521717
521718
521719
521720
521721
521722
521723
521724
521725
521726
521727
521728
521729
521730
521731
521732
521733
521734
521735
521736
521737
521738
521739
521740
521741
521742
521743
521744
521745
521746
521747
521748
521749
521750
521751
521752
521753
521754
521755
521756
521757
521758
521759
521760
521761
521762
521763
521764
521765
521766
521767
521768
521769
521770
521771
521772
521773
521774
521775
521776
521777
521778
521779
521780
521781
521782
521783
521784
521785
521786
521787
521788
521789
521790
521791
521792
521793
521794
521795
521796
521797
521798
521799
521800
521801
521802
521803
521804
521805
521806
521807
521808
521809
521810
521811
521812
521813
521814
521815
521816
521817
521818
521819
521820
521821
521822
521823
521824
521825
521826
521827
521828
521829
521830
521831
521832
521833
521834
521835
521836
521837
521838
521839
521840
521841
521842
521843
521844
521845
521846
521847
521848
521849
521850
521851
521852
521853
521854
521855
521856
521857
521858
521859
521860
521861
521862
521863
521864
521865
521866
521867
521868
521869
521870
521871
521872
521873
521874
521875
521876
521877
521878
521879
521880
521881
521882
521883
521884
521885
521886
521887
521888
521889
521890
521891
521892
521893
521894
521895
521896
521897
521898
521899
521900
521901
521902
521903
521904
521905
521906
521907
521908
521909
521910
521911
521912
521913
521914
521915
521916
521917
521918
521919
521920
521921
521922
521923
521924
521925
521926
521927
521928
521929
521930
521931
521932
521933
521934
521935
521936
521937
521938
521939
521940
521941
521942
521943
521944
521945
521946
521947
521948
521949
521950
521951
521952
521953
521954
521955
521956
521957
521958
521959
521960
521961
521962
521963
521964
521965
521966
521967
521968
521969
521970
521971
521972
521973
521974
521975
521976
521977
521978
521979
521980
521981
521982
521983
521984
521985
521986
521987
521988
521989
521990
521991
521992
521993
521994
521995
521996
521997
521998
521999
522000
522001
522002
522003
522004
522005
522006
522007
522008
522009
522010
522011
522012
522013
522014
522015
522016
522017
522018
522019
522020
522021
522022
522023
522024
522025
522026
522027
522028
522029
522030
522031
522032
522033
522034
522035
522036
522037
522038
522039
522040
522041
522042
522043
522044
522045
522046
522047
522048
522049
522050
522051
522052
522053
522054
522055
522056
522057
522058
522059
522060
522061
522062
522063
522064
522065
522066
522067
522068
522069
522070
522071
522072
522073
522074
522075
522076
522077
522078
522079
522080
522081
522082
522083
522084
522085
522086
522087
522088
522089
522090
522091
522092
522093
522094
522095
522096
522097
522098
522099
522100
522101
522102
522103
522104
522105
522106
522107
522108
522109
522110
522111
522112
522113
522114
522115
522116
522117
522118
522119
522120
522121
522122
522123
522124
522125
522126
522127
522128
522129
522130
522131
522132
522133
522134
522135
522136
522137
522138
522139
522140
522141
522142
522143
522144
522145
522146
522147
522148
522149
522150
522151
522152
522153
522154
522155
522156
522157
522158
522159
522160
522161
522162
522163
522164
522165
522166
522167
522168
522169
522170
522171
522172
522173
522174
522175
522176
522177
522178
522179
522180
522181
522182
522183
522184
522185
522186
522187
522188
522189
522190
522191
522192
522193
522194
522195
522196
522197
522198
522199
522200
522201
522202
522203
522204
522205
522206
522207
522208
522209
522210
522211
522212
522213
522214
522215
522216
522217
522218
522219
522220
522221
522222
522223
522224
522225
522226
522227
522228
522229
522230
522231
522232
522233
522234
522235
522236
522237
522238
522239
522240
522241
522242
522243
522244
522245
522246
522247
522248
522249
522250
522251
522252
522253
522254
522255
522256
522257
522258
522259
522260
522261
522262
522263
522264
522265
522266
522267
522268
522269
522270
522271
522272
522273
522274
522275
522276
522277
522278
522279
522280
522281
522282
522283
522284
522285
522286
522287
522288
522289
522290
522291
522292
522293
522294
522295
522296
522297
522298
522299
522300
522301
522302
522303
522304
522305
522306
522307
522308
522309
522310
522311
522312
522313
522314
522315
522316
522317
522318
522319
522320
522321
522322
522323
522324
522325
522326
522327
522328
522329
522330
522331
522332
522333
522334
522335
522336
522337
522338
522339
522340
522341
522342
522343
522344
522345
522346
522347
522348
522349
522350
522351
522352
522353
522354
522355
522356
522357
522358
522359
522360
522361
522362
522363
522364
522365
522366
522367
522368
522369
522370
522371
522372
522373
522374
522375
522376
522377
522378
522379
522380
522381
522382
522383
522384
522385
522386
522387
522388
522389
522390
522391
522392
522393
522394
522395
522396
522397
522398
522399
522400
522401
522402
522403
522404
522405
522406
522407
522408
522409
522410
522411
522412
522413
522414
522415
522416
522417
522418
522419
522420
522421
522422
522423
522424
522425
522426
522427
522428
522429
522430
522431
522432
522433
522434
522435
522436
522437
522438
522439
522440
522441
522442
522443
522444
522445
522446
522447
522448
522449
522450
522451
522452
522453
522454
522455
522456
522457
522458
522459
522460
522461
522462
522463
522464
522465
522466
522467
522468
522469
522470
522471
522472
522473
522474
522475
522476
522477
522478
522479
522480
