393172
393173
393174
393175
393176
393177
393178
393179
393180
393181
393182
393183
393184
393185
393186
393187
393188
393189
393190
393191
393192
393193
393194
393195
393196
393197
393198
393199
393200
393201
393202
393203
393204
393205
393206
393207
393208
393209
393210
393211
393212
393213
393214
393215
393216
393217
393218
393219
393220
393221
393222
393223
393224
393225
393226
393227
393228
393229
393230
393231
393232
393233
393234
393235
393236
393237
393238
393239
393240
393241
393242
393243
393244
393245
393246
393247
393248
393249
393250
393251
393252
393253
393254
393255
393256
393257
393258
393259
393260
393261
393262
393263
393264
393265
393266
393267
393268
393269
393270
393271
393272
393273
393274
393275
393276
393277
393278
393279
393280
393281
393282
393283
393284
393285
393286
393287
393288
393289
393290
393291
393292
393293
393294
393295
393296
393297
393298
393299
393300
393301
393302
393303
393304
393305
393306
393307
393308
393309
393310
393311
393312
393313
393314
393315
393316
393317
393318
393319
393320
393321
393322
393323
393324
393325
393326
393327
393328
393329
393330
393331
393332
393333
393334
393335
393336
393337
393338
393339
393340
393341
393342
393343
393344
393345
393346
393347
393348
393349
393350
393351
393352
393353
393354
393355
393356
393357
393358
393359
393360
393361
393362
393363
393364
393365
393366
393367
393368
393369
393370
393371
393372
393373
393374
393375
393376
393377
393378
393379
393380
393381
393382
393383
393384
393385
393386
393387
393388
393389
393390
393391
393392
393393
393394
393395
393396
393397
393398
393399
393400
393401
393402
393403
393404
393405
393406
393407
393408
393409
393410
393411
393412
393413
393414
393415
393416
393417
393418
393419
393420
393421
393422
393423
393424
393425
393426
393427
393428
393429
393430
393431
393432
393433
393434
393435
393436
393437
393438
393439
393440
393441
393442
393443
393444
393445
393446
393447
393448
393449
393450
393451
393452
393453
393454
393455
393456
393457
393458
393459
393460
393461
393462
393463
393464
393465
393466
393467
393468
393469
393470
393471
393472
393473
393474
393475
393476
393477
393478
393479
393480
393481
393482
393483
393484
393485
393486
393487
393488
393489
393490
393491
393492
393493
393494
393495
393496
393497
393498
393499
393500
393501
393502
393503
393504
393505
393506
393507
393508
393509
393510
393511
393512
393513
393514
393515
393516
393517
393518
393519
393520
393521
393522
393523
393524
393525
393526
393527
393528
393529
393530
393531
393532
393533
393534
393535
393536
393537
393538
393539
393540
393541
393542
393543
393544
393545
393546
393547
393548
393549
393550
393551
393552
393553
393554
393555
393556
393557
393558
393559
393560
393561
393562
393563
393564
393565
393566
393567
393568
393569
393570
393571
393572
393573
393574
393575
393576
393577
393578
393579
393580
393581
393582
393583
393584
393585
393586
393587
393588
393589
393590
393591
393592
393593
393594
393595
393596
393597
393598
393599
393600
393601
393602
393603
393604
393605
393606
393607
393608
393609
393610
393611
393612
393613
393614
393615
393616
393617
393618
393619
393620
393621
393622
393623
393624
393625
393626
393627
393628
393629
393630
393631
393632
393633
393634
393635
393636
393637
393638
393639
393640
393641
393642
393643
393644
393645
393646
393647
393648
393649
393650
393651
393652
393653
393654
393655
393656
393657
393658
393659
393660
393661
393662
393663
393664
393665
393666
393667
393668
393669
393670
393671
393672
393673
393674
393675
393676
393677
393678
393679
393680
393681
393682
393683
393684
393685
393686
393687
393688
393689
393690
393691
393692
393693
393694
393695
393696
393697
393698
393699
393700
393701
393702
393703
393704
393705
393706
393707
393708
393709
393710
393711
393712
393713
393714
393715
393716
393717
393718
393719
393720
393721
393722
393723
393724
393725
393726
393727
393728
393729
393730
393731
393732
393733
393734
393735
393736
393737
393738
393739
393740
393741
393742
393743
393744
393745
393746
393747
393748
393749
393750
393751
393752
393753
393754
393755
393756
393757
393758
393759
393760
393761
393762
393763
393764
393765
393766
393767
393768
393769
393770
393771
393772
393773
393774
393775
393776
393777
393778
393779
393780
393781
393782
393783
393784
393785
393786
393787
393788
393789
393790
393791
393792
393793
393794
393795
393796
393797
393798
393799
393800
393801
393802
393803
393804
393805
393806
393807
393808
393809
393810
393811
393812
393813
393814
393815
393816
393817
393818
393819
393820
393821
393822
393823
393824
393825
393826
393827
393828
393829
393830
393831
393832
393833
393834
393835
393836
393837
393838
393839
393840
393841
393842
393843
393844
393845
393846
393847
393848
393849
393850
393851
393852
393853
393854
393855
393856
393857
393858
393859
393860
393861
393862
393863
393864
393865
393866
393867
393868
393869
393870
393871
393872
393873
393874
393875
393876
393877
393878
393879
393880
393881
393882
393883
393884
393885
393886
393887
393888
393889
393890
393891
393892
393893
393894
393895
393896
393897
393898
393899
393900
393901
393902
393903
393904
393905
393906
393907
393908
393909
393910
393911
393912
393913
393914
393915
393916
393917
393918
393919
393920
393921
393922
393923
393924
393925
393926
393927
393928
393929
393930
393931
393932
393933
393934
393935
393936
393937
393938
393939
393940
393941
393942
393943
393944
393945
393946
393947
393948
393949
393950
393951
393952
393953
393954
393955
393956
393957
393958
393959
393960
393961
393962
393963
393964
393965
393966
393967
393968
393969
393970
393971
393972
393973
393974
393975
393976
393977
393978
393979
393980
393981
393982
393983
393984
393985
393986
393987
393988
393989
393990
393991
393992
393993
393994
393995
393996
393997
393998
393999
394000
394001
394002
394003
394004
394005
394006
394007
394008
394009
394010
394011
394012
394013
394014
394015
394016
394017
394018
394019
394020
394021
394022
394023
394024
394025
394026
394027
394028
394029
394030
394031
394032
394033
394034
394035
394036
394037
394038
394039
394040
394041
394042
394043
394044
394045
394046
394047
394048
394049
394050
394051
394052
394053
394054
394055
394056
394057
394058
394059
394060
394061
394062
394063
394064
394065
394066
394067
394068
394069
394070
394071
394072
394073
394074
394075
394076
394077
394078
394079
394080
394081
394082
394083
394084
394085
394086
394087
394088
394089
394090
394091
394092
394093
394094
394095
394096
394097
394098
394099
394100
394101
394102
394103
394104
394105
394106
394107
394108
394109
394110
394111
394112
394113
394114
394115
394116
394117
394118
394119
394120
394121
394122
394123
394124
394125
394126
394127
394128
394129
394130
394131
394132
394133
394134
394135
394136
394137
394138
394139
394140
394141
394142
394143
394144
394145
394146
394147
394148
394149
394150
394151
394152
394153
394154
394155
394156
394157
394158
394159
394160
394161
394162
394163
394164
394165
394166
394167
394168
394169
394170
394171
394172
394173
394174
394175
394176
394177
394178
394179
394180
394181
394182
394183
394184
394185
394186
394187
394188
394189
394190
394191
394192
394193
394194
394195
394196
394197
394198
394199
394200
394201
394202
394203
394204
394205
394206
394207
394208
394209
394210
394211
394212
394213
394214
394215
394216
394217
394218
394219
394220
394221
394222
394223
394224
394225
394226
394227
394228
394229
394230
394231
394232
394233
394234
394235
394236
394237
394238
394239
394240
394241
394242
394243
394244
394245
394246
394247
394248
394249
394250
394251
394252
394253
394254
394255
394256
394257
394258
394259
394260
394261
394262
394263
394264
394265
394266
394267
394268
394269
394270
394271
394272
394273
394274
394275
394276
394277
394278
394279
394280
394281
394282
394283
394284
394285
394286
394287
394288
394289
394290
394291
394292
394293
394294
394295
394296
394297
394298
394299
394300
394301
394302
394303
394304
394305
394306
394307
394308
394309
394310
394311
394312
394313
394314
394315
394316
394317
394318
394319
394320
394321
394322
394323
394324
394325
394326
394327
394328
394329
394330
394331
394332
394333
394334
394335
394336
394337
394338
394339
394340
394341
394342
394343
394344
394345
394346
394347
394348
394349
394350
394351
394352
394353
394354
394355
394356
394357
394358
394359
394360
394361
394362
394363
394364
394365
394366
394367
394368
394369
394370
394371
394372
394373
394374
394375
394376
394377
394378
394379
394380
394381
394382
394383
394384
394385
394386
394387
394388
394389
394390
394391
394392
394393
394394
394395
394396
394397
394398
394399
394400
394401
394402
394403
394404
394405
394406
394407
394408
394409
394410
394411
394412
394413
394414
394415
394416
394417
394418
394419
394420
394421
394422
394423
394424
394425
394426
394427
394428
394429
394430
394431
394432
394433
394434
394435
394436
394437
394438
394439
394440
394441
394442
394443
394444
394445
394446
394447
394448
394449
394450
394451
394452
394453
394454
394455
394456
394457
394458
394459
394460
394461
394462
394463
394464
394465
394466
394467
394468
394469
394470
394471
394472
394473
394474
394475
394476
394477
394478
394479
394480
394481
394482
394483
394484
394485
394486
394487
394488
394489
394490
394491
394492
394493
394494
394495
394496
394497
394498
394499
394500
394501
394502
394503
394504
394505
394506
394507
394508
394509
394510
394511
394512
394513
394514
394515
394516
394517
394518
394519
394520
394521
394522
394523
394524
394525
394526
394527
394528
394529
394530
394531
394532
394533
394534
394535
394536
394537
394538
394539
394540
394541
394542
394543
394544
394545
394546
394547
394548
394549
394550
394551
394552
394553
394554
394555
394556
394557
394558
394559
394560
394561
394562
394563
394564
394565
394566
394567
394568
394569
394570
394571
394572
394573
394574
394575
394576
394577
394578
394579
394580
394581
394582
394583
394584
394585
394586
394587
394588
394589
394590
394591
394592
394593
394594
394595
394596
394597
394598
394599
394600
394601
394602
394603
394604
394605
394606
394607
394608
394609
394610
394611
394612
394613
394614
394615
394616
394617
394618
394619
394620
394621
394622
394623
394624
394625
394626
394627
394628
394629
394630
394631
394632
394633
394634
394635
394636
394637
394638
394639
394640
394641
394642
394643
394644
394645
394646
394647
394648
394649
394650
394651
394652
394653
394654
394655
394656
394657
394658
394659
394660
394661
394662
394663
394664
394665
394666
394667
394668
394669
394670
394671
394672
394673
394674
394675
394676
394677
394678
394679
394680
394681
394682
394683
394684
394685
394686
394687
394688
394689
394690
394691
394692
394693
394694
394695
394696
394697
394698
394699
394700
394701
394702
394703
394704
394705
394706
394707
394708
394709
394710
394711
394712
394713
394714
394715
394716
394717
394718
394719
394720
394721
394722
394723
394724
394725
394726
394727
394728
394729
394730
394731
394732
394733
394734
394735
394736
394737
394738
394739
394740
394741
394742
394743
394744
394745
394746
394747
394748
394749
394750
394751
394752
394753
394754
394755
394756
394757
394758
394759
394760
394761
394762
394763
394764
394765
394766
394767
394768
394769
394770
394771
394772
394773
394774
394775
394776
394777
394778
394779
394780
394781
394782
394783
394784
394785
394786
394787
394788
394789
394790
394791
394792
394793
394794
394795
394796
394797
394798
394799
394800
394801
394802
394803
394804
394805
394806
394807
394808
394809
394810
394811
394812
394813
394814
394815
394816
394817
394818
394819
394820
394821
394822
394823
394824
394825
394826
394827
394828
394829
394830
394831
394832
394833
394834
394835
394836
394837
394838
394839
394840
394841
394842
394843
394844
394845
394846
394847
394848
394849
394850
394851
394852
394853
394854
394855
394856
394857
394858
394859
394860
394861
394862
394863
394864
394865
394866
394867
394868
394869
394870
394871
394872
394873
394874
394875
394876
394877
394878
394879
394880
394881
394882
394883
394884
394885
394886
394887
394888
394889
394890
394891
394892
394893
394894
394895
394896
394897
394898
394899
394900
394901
394902
394903
394904
394905
394906
394907
394908
394909
394910
394911
394912
394913
394914
394915
394916
394917
394918
394919
394920
394921
394922
394923
394924
394925
394926
394927
394928
394929
394930
394931
394932
394933
394934
394935
394936
394937
394938
394939
394940
394941
394942
394943
394944
394945
394946
394947
394948
394949
394950
394951
394952
394953
394954
394955
394956
394957
394958
394959
394960
394961
394962
394963
394964
394965
394966
394967
394968
394969
394970
394971
394972
394973
394974
394975
394976
394977
394978
394979
394980
394981
394982
394983
394984
394985
394986
394987
394988
394989
394990
394991
394992
394993
394994
394995
394996
394997
394998
394999
395000
395001
395002
395003
395004
395005
395006
395007
395008
395009
395010
395011
395012
395013
395014
395015
395016
395017
395018
395019
395020
395021
395022
395023
395024
395025
395026
395027
395028
395029
395030
395031
395032
395033
395034
395035
395036
395037
395038
395039
395040
395041
395042
395043
395044
395045
395046
395047
395048
395049
395050
395051
395052
395053
395054
395055
395056
395057
395058
395059
395060
395061
395062
395063
395064
395065
395066
395067
395068
395069
395070
395071
395072
395073
395074
395075
395076
395077
395078
395079
395080
395081
395082
395083
395084
395085
395086
395087
395088
395089
395090
395091
395092
395093
395094
395095
395096
395097
395098
395099
395100
395101
395102
395103
395104
395105
395106
395107
395108
395109
395110
395111
395112
395113
395114
395115
395116
395117
395118
395119
395120
395121
395122
395123
395124
395125
395126
395127
395128
395129
395130
395131
395132
395133
395134
395135
395136
395137
395138
395139
395140
395141
395142
395143
395144
395145
395146
395147
395148
395149
395150
395151
395152
395153
395154
395155
395156
395157
395158
395159
395160
395161
395162
395163
395164
395165
395166
395167
395168
395169
395170
395171
395172
395173
395174
395175
395176
395177
395178
395179
395180
395181
395182
395183
395184
395185
395186
395187
395188
395189
395190
395191
395192
395193
395194
395195
395196
395197
395198
395199
395200
395201
395202
395203
395204
395205
395206
395207
395208
395209
395210
395211
395212
395213
395214
395215
395216
395217
395218
395219
395220
395221
395222
395223
395224
395225
395226
395227
395228
395229
395230
395231
395232
395233
395234
395235
395236
395237
395238
395239
395240
395241
395242
395243
395244
395245
395246
395247
395248
395249
395250
395251
395252
395253
395254
395255
395256
395257
395258
395259
395260
395261
395262
395263
395265
395266
395267
395268
395269
395270
395271
395272
395273
395274
395275
395276
395277
395278
395279
395280
395281
395282
395283
395284
395285
395286
395287
395288
395289
395290
395291
395292
395293
395294
395295
395296
395297
395298
395299
395300
395301
395302
395303
395304
395305
395306
395307
395308
395309
395310
395311
395312
395313
395314
395315
395316
395317
395318
395319
395320
395321
395322
395323
395324
395325
395326
395327
395328
395329
395330
395331
395332
395333
395334
395335
395336
395337
395338
395339
395340
395341
395342
395343
395344
395345
395346
395347
395348
395349
395350
395351
395352
395353
395354
395355
395356
395357
395358
395359
395360
395361
395362
395363
395364
395365
395366
395367
395368
395369
395370
395371
395372
395373
395374
395375
395376
395377
395378
395379
395380
395381
395382
395383
395384
395385
395386
395387
395388
395389
395390
395391
395392
395393
395394
395395
395396
395397
395398
395399
395400
395401
395402
395403
395404
395405
395406
395407
395408
395409
395410
395411
395412
395413
395414
395415
395416
395417
395418
395419
395420
395421
395422
395423
395424
395425
395426
395427
395428
395429
395430
395431
395432
395433
395434
395435
395436
395437
395438
395439
395440
395441
395442
395443
395444
395445
395446
395447
395448
395449
395450
395451
395452
395453
395454
395455
395456
395457
395458
395459
395460
395461
395462
395463
395464
395465
395466
395467
395468
395469
395470
395471
395472
395473
395474
395475
395476
395477
395478
395479
395480
395481
395482
395483
395484
395485
395486
395487
395488
395489
395490
395491
395492
395493
395494
395495
395496
395497
395498
395499
395500
395501
395502
395503
395504
395505
395506
395507
395508
395509
395510
395511
395512
395513
395514
395515
395516
395517
395518
395519
395520
395521
395522
395523
395524
395525
395526
395527
395528
395529
395530
395531
395532
395533
395534
395535
395536
395537
395538
395539
395540
395541
395542
395543
395544
395545
395546
395547
395548
395549
395550
395551
395552
395553
395554
395555
395556
395557
395558
395559
395560
395561
395562
395563
395564
395565
395566
395567
395568
395569
395570
395571
395572
395573
395574
395575
395576
395577
395578
395579
395580
395581
395582
395583
395584
395585
395586
395587
395588
395589
395590
395591
395592
395593
395594
395595
395596
395597
395598
395599
395600
395601
395602
395603
395604
395605
395606
395607
395608
395609
395610
395611
395612
395613
395614
395615
395616
395617
395618
395619
395620
395621
395622
395623
395624
395625
395626
395627
395628
395629
395630
395631
395632
395633
395634
395635
395636
395637
395638
395639
395640
395641
395642
395643
395644
395645
395646
395647
395648
395649
395650
395651
395652
395653
395654
395655
395656
395657
395658
395659
395660
395661
395662
395663
395664
395665
395666
395667
395668
395669
395670
395671
395672
395673
395674
395675
395676
395677
395678
395679
395680
395681
395682
395683
395684
395685
395686
395687
395688
395689
395690
395691
395692
395693
395694
395695
395696
395697
395698
395699
395700
395701
395702
395703
395704
395705
395706
395707
395708
395709
395710
395711
395712
395713
395714
395715
395716
395717
395718
395719
395720
395721
395722
395723
395724
395725
395726
395727
395728
395729
395730
395731
395732
395733
395734
395735
395736
395737
395738
395739
395740
395741
395742
395743
395744
395745
395746
395747
395748
395749
395750
395751
395752
395753
395754
395755
395756
395757
395758
395759
395760
395761
395762
395763
395764
395765
395766
395767
395768
395769
395770
395771
395772
395773
395774
395775
395776
395777
395778
395779
395780
395781
395782
395783
395784
395785
395786
395787
395788
395789
395790
395791
395792
395793
395794
395795
395796
395797
395798
395799
395800
395801
395802
395803
395804
395805
395806
395807
395808
395809
395810
395811
395812
395813
395814
395815
395816
395817
395818
395819
395820
395821
395822
395823
395824
395825
395826
395827
395828
395829
395830
395831
395832
395833
395834
395835
395836
395837
395838
395839
395840
395841
395842
395843
395844
395845
395846
395847
395848
395849
395850
395851
395852
395853
395854
395855
395856
395857
395858
395859
395860
395861
395862
395863
395864
395865
395866
395867
395868
395869
395870
395871
395872
395873
395874
395875
395876
395877
395878
395879
395880
395881
395882
395883
395884
395885
395886
395887
395888
395889
395890
395891
395892
395893
395894
395895
395896
395897
395898
395899
395900
395901
395902
395903
395904
395905
395906
395907
395908
395909
395910
395911
395912
395913
395914
395915
395916
395917
395918
395919
395920
395921
395922
395923
395924
395925
395926
395927
395928
395929
395930
395931
395932
395933
395934
395935
395936
395937
395938
395939
395940
395941
395942
395943
395944
395945
395946
395947
395948
395949
395950
395951
395952
395953
395954
395955
395956
395957
395958
395959
395960
395961
395962
395963
395964
395965
395966
395967
395968
395969
395970
395971
395972
395973
395974
395975
395976
395977
395978
395979
395980
395981
395982
395983
395984
395985
395986
395987
395988
395989
395990
395991
395992
395993
395994
395995
395996
395997
395998
395999
396000
396001
396002
396003
