504963
504964
504965
504966
504967
504968
504969
504970
504971
504972
504973
504974
504975
504976
504977
504978
504979
504980
504981
504982
504983
504984
504985
504986
504987
504988
504989
504990
504991
504992
504993
504994
504995
504996
504997
504998
504999
505000
505001
505002
505003
505004
505005
505006
505007
505008
505009
505010
505011
505012
505013
505014
505015
505016
505017
505018
505019
505020
505021
505022
505023
505024
505025
505026
505027
505028
505029
505030
505031
505032
505033
505034
505035
505036
505037
505038
505039
505040
505041
505042
505043
505044
505045
505046
505047
505048
505049
505050
505051
505052
505053
505054
505055
505056
505057
505058
505059
505060
505061
505062
505063
505064
505065
505066
505067
505068
505069
505070
505071
505072
505073
505074
505075
505076
505077
505078
505079
505080
505081
505082
505083
505084
505085
505086
505087
505088
505089
505090
505091
505092
505093
505094
505095
505096
505097
505098
505099
505100
505101
505102
505103
505104
505105
505106
505107
505108
505109
505110
505111
505112
505113
505114
505115
505116
505117
505118
505119
505120
505121
505122
505123
505124
505125
505126
505127
505128
505129
505130
505131
505132
505133
505134
505135
505136
505137
505138
505139
505140
505141
505142
505143
505144
505145
505146
505147
505148
505149
505150
505151
505152
505153
505154
505155
505156
505157
505158
505159
505160
505161
505162
505163
505164
505165
505166
505167
505168
505169
505170
505171
505172
505173
505174
505175
505176
505177
505178
505179
505180
505181
505182
505183
505184
505185
505186
505187
505188
505189
505190
505191
505192
505193
505194
505195
505196
505197
505198
505199
505200
505201
505202
505203
505204
505205
505206
505207
505208
505209
505210
505211
505212
505213
505214
505215
505216
505217
505218
505219
505220
505221
505222
505223
505224
505225
505226
505227
505228
505229
505230
505231
505232
505233
505234
505235
505236
505237
505238
505239
505240
505241
505242
505243
505244
505245
505246
505247
505248
505249
505250
505251
505252
505253
505254
505255
505256
505257
505258
505259
505260
505261
505262
505263
505264
505265
505266
505267
505268
505269
505270
505271
505272
505273
505274
505275
505276
505277
505278
505279
505280
505281
505282
505283
505284
505285
505286
505287
505288
505289
505290
505291
505292
505293
505294
505295
505296
505297
505298
505299
505300
505301
505302
505303
505304
505305
505306
505307
505308
505309
505310
505311
505312
505313
505314
505315
505316
505317
505318
505319
505320
505321
505322
505323
505324
505325
505326
505327
505328
505329
505330
505331
505332
505333
505334
505335
505336
505337
505338
505339
505340
505341
505342
505343
505344
505345
505346
505347
505348
505349
505350
505351
505352
505353
505354
505355
505356
505357
505358
505359
505360
505361
505362
505363
505364
505365
505366
505367
505368
505369
505370
505371
505372
505373
505374
505375
505376
505377
505378
505379
505380
505381
505382
505383
505384
505385
505386
505387
505388
505389
505390
505391
505392
505393
505394
505395
505396
505397
505398
505399
505400
505401
505402
505403
505404
505405
505406
505407
505408
505409
505410
505411
505412
505413
505414
505415
505416
505417
505418
505419
505420
505421
505422
505423
505424
505425
505426
505427
505428
505429
505430
505431
505432
505433
505434
505435
505436
505437
505438
505439
505440
505441
505442
505443
505444
505445
505446
505447
505448
505449
505450
505451
505452
505453
505454
505455
505456
505457
505458
505459
505460
505461
505462
505463
505464
505465
505466
505467
505468
505469
505470
505471
505472
505473
505474
505475
505476
505477
505478
505479
505480
505481
505482
505483
505484
505485
505486
505487
505488
505489
505490
505491
505492
505493
505494
505495
505496
505497
505498
505499
505500
505501
505502
505503
505504
505505
505506
505507
505508
505509
505510
505511
505512
505513
505514
505515
505516
505517
505518
505519
505520
505521
505522
505523
505524
505525
505526
505527
505528
505529
505530
505531
505532
505533
505534
505535
505536
505537
505538
505539
505540
505541
505542
505543
505544
505545
505546
505547
505548
505549
505550
505551
505552
505553
505554
505555
505556
505557
