810598
810599
810600
810601
810602
810603
810604
810605
810606
810607
810608
810609
810610
810611
810612
810613
810614
810615
810616
810617
810618
810619
810620
810621
810622
810623
810624
810625
810626
810627
810628
810629
810630
810631
810632
810633
810634
810635
810636
810637
810638
810639
810640
810641
810642
810643
810644
810645
810646
810647
810648
810649
810650
810651
810652
810653
810654
810655
810656
810657
810658
810659
810660
810661
810662
810663
810664
810665
810666
810667
810668
810669
810670
810671
810672
810673
810674
810675
810676
810677
810678
810679
810680
810681
810682
810683
810684
810685
810686
810687
810688
810689
810690
810691
810692
810693
810694
810695
810696
810697
810698
810699
810700
810701
810702
810703
810704
810705
810706
810707
810708
810709
810710
810711
810712
810713
810714
810715
810716
810717
810718
810719
810720
810721
810722
810723
810724
810725
810726
810727
810728
810729
810730
810731
810732
810733
810734
810735
810736
810737
810738
810739
810740
810741
810742
810743
810744
810745
810746
810747
810748
810749
810750
810751
810752
810753
810754
810755
810756
810757
810758
810759
810760
810761
810762
810763
810764
810765
810766
810767
810768
810769
810770
810771
810772
810773
810774
810775
810776
810777
810778
810779
810780
810781
810782
810783
810784
810785
810786
810787
810788
810789
810790
810791
810792
810793
810794
810795
810796
810797
810798
810799
810800
810801
810802
810803
810804
810805
810806
810807
810808
810809
810810
810811
810812
810813
810814
810815
810816
810817
810818
810819
810820
810821
810822
810823
810824
810825
810826
810827
810828
810829
810830
810831
810832
810833
810834
810835
810836
810837
810838
810839
810840
810841
810842
810843
810844
810845
810846
810847
810848
810849
810850
810851
810852
810853
810854
810855
810856
810857
810858
810859
810860
810861
810862
810863
810864
810865
810866
810867
810868
810869
810870
810871
810872
810873
810874
810875
810876
810877
810878
810879
810880
810881
810882
810883
810884
810885
810886
810887
810888
810889
810890
810891
810892
810893
810894
810895
810896
810897
810898
810899
810900
810901
810902
810903
810904
810905
810906
810907
810908
810909
810910
810911
810912
810913
810914
810915
810916
810917
810918
810919
810920
810921
810922
810923
810924
810925
810926
810927
810928
810929
810930
810931
810932
810933
810934
810935
810936
