619068
619069
619070
619071
619072
619073
619074
619075
619076
619077
619078
619079
619080
619081
619082
619083
619084
619085
619086
619087
619088
619089
619090
619091
619092
619093
619094
619095
619096
619097
619098
619099
619100
619101
619102
619103
619104
619105
619106
619107
619108
619109
619110
619111
619112
619113
619114
619115
619116
619117
619118
619119
619120
619121
619122
619123
619124
619125
619126
619127
619128
619129
619130
619131
619132
619133
619134
619135
619136
619137
619138
619139
619140
619141
619142
619143
619144
619145
619146
619147
619148
619149
619150
619151
619152
619153
619154
619155
619156
619157
619158
619159
619160
619161
619162
619163
619164
619165
619166
619167
619168
619169
619170
619171
619172
619173
619174
619175
619176
619177
619178
619179
619180
619181
619182
619183
619184
619185
619186
619187
619188
619189
619190
619191
619192
619193
619194
619195
619196
619197
619198
619199
619200
619201
619202
619203
619204
619205
619206
619207
619208
619209
619210
619211
619212
619213
619214
619215
619216
619217
619218
619219
619220
619221
619222
619223
619224
619225
619226
619227
619228
619229
619230
619231
619232
619233
619234
619235
619236
619237
619238
619239
619240
619241
619242
619243
619244
619245
619246
619247
619248
619249
619250
619251
619252
619253
619254
619255
619256
619257
619258
619259
619260
619261
619262
619263
619264
619265
619266
619267
619268
619269
619270
619271
619272
619273
619274
619275
619276
619277
619278
619279
619280
619281
619282
619283
619284
619285
619286
619287
619288
619289
619290
619291
619292
619293
619294
619295
619296
619297
619298
619299
619300
619301
619302
619303
619304
619305
619306
619307
619308
619309
619310
619311
619312
619313
619314
619315
619316
619317
619318
619319
619320
619321
619322
619323
619324
619325
619326
619327
619328
619329
619330
619331
619332
619333
619334
619335
619336
619337
619338
619339
619340
619341
619342
619343
619344
619345
619346
619347
619348
619349
619350
619351
619352
619353
619354
619355
619356
619357
619358
619359
619360
619361
619362
619363
619364
619365
619366
619367
619368
619369
619370
619371
619372
619373
619374
619375
619376
619377
619378
619379
619380
619381
619382
619383
619384
619385
619386
619387
619388
619389
619390
619391
619392
619393
619394
619395
619396
619397
619398
619399
619400
619401
619402
619403
619404
619405
619406
619407
619408
619409
619410
619411
619412
619413
619414
619415
619416
619417
619418
619419
619420
619421
619422
619423
619424
619425
619426
619427
619428
619429
619430
619431
619432
619433
619434
619435
619436
619437
619438
619439
619440
619441
619442
619443
619444
619445
619446
619447
619448
619449
619450
619451
619452
619453
619454
619455
619456
619457
619458
619459
619460
619461
619462
619463
619464
619465
619466
619467
619468
619469
619470
619471
619472
619473
619474
619475
619476
619477
619478
619479
619480
619481
619482
619483
619484
619485
619486
619487
619488
619489
619490
619491
619492
619493
619494
619495
619496
619497
619498
619499
619500
619501
619502
619503
619504
619505
619506
619507
619508
619509
619510
619511
619512
619513
619514
619515
619516
619517
619518
619519
619520
619521
619522
619523
619524
619525
619526
619527
619528
619529
619530
619531
619532
619533
619534
619535
619536
619537
619538
619539
619540
619541
619542
619543
619544
619545
619546
619547
619548
619549
619550
619551
619552
619553
619554
619555
619556
619557
619558
619559
619560
619561
619562
619563
619564
619565
619566
619567
619568
619569
619570
619571
619572
619573
619574
619575
619576
619577
619578
619579
619580
619581
619582
619583
619584
619585
619586
619587
619588
619589
619590
619591
619592
619593
619594
619595
619596
619597
619598
619599
619600
619601
619602
619603
619604
619605
619606
619607
619608
619609
619610
619611
619612
619613
619614
619615
619616
619617
619618
619619
619620
619621
619622
619623
619624
619625
619626
619627
619628
619629
619630
619631
619632
619633
619634
619635
619636
619637
619638
619639
619640
619641
619642
619643
619644
619645
619646
619647
619648
619649
619650
619651
619652
619653
619654
619655
619656
619657
619658
619659
619660
619661
619662
619663
619664
619665
619666
619667
619668
619669
619670
619671
619672
619673
619674
619675
619676
619677
619678
619679
619680
619681
619682
619683
619684
619685
619686
619687
619688
619689
619690
619691
619692
619693
619694
619695
619696
619697
619698
619699
619700
619701
619702
619703
619704
619705
619706
619707
619708
619709
619710
619711
619712
619713
619714
619715
619716
619717
619718
619719
619720
619721
619722
619723
619724
619725
619726
619727
619728
619729
619730
619731
619732
619733
619734
619735
619736
619737
619738
619739
619740
619741
619742
619743
619744
619745
619746
619747
619748
619749
619750
619751
619752
619753
619754
619755
619756
619757
619758
619759
619760
619761
619762
619763
619764
619765
619766
619767
619768
619769
619770
619771
619772
619773
619774
619775
619776
619777
619778
619779
619780
619781
619782
619783
619784
619785
619786
619787
619788
619789
619790
619791
619792
619793
619794
619795
619796
619797
619798
619799
619800
619801
619802
619803
619804
619805
619806
619807
619808
619809
619810
619811
619812
619813
619814
619815
619816
619817
619818
619819
619820
619821
619822
619823
619824
619825
619826
619827
619828
619829
619830
619831
619832
619833
619834
619835
619836
619837
619838
619839
619840
619841
619842
619843
619844
619845
619846
619847
619848
619849
619850
619851
619852
619853
619854
619855
619856
619857
619858
619859
619860
619861
619862
619863
619864
619865
619866
619867
619868
619869
619870
619871
619872
619873
619874
619875
619876
619877
619878
619879
619880
619881
619882
619883
619884
619885
619886
619887
619888
619889
619890
619891
619892
619893
619894
619895
619896
619897
619898
619899
619900
619901
619902
619903
619904
619905
619906
619907
619908
619909
619910
619911
619912
619913
619914
619915
619916
619917
619918
619919
619920
619921
619922
619923
619924
619925
619926
619927
619928
619929
619930
619931
619932
619933
619934
619935
619936
619937
619938
619939
619940
619941
619942
619943
619944
619945
619946
619947
619948
619949
619950
619951
619952
619953
619954
619955
619956
619957
619958
619959
619960
619961
619962
619963
619964
619965
619966
619967
619968
619969
619970
619971
619972
619973
619974
619975
619976
619977
619978
619979
619980
619981
619982
619983
619984
619985
619986
619987
619988
619989
619990
619991
619992
619993
619994
619995
619996
619997
619998
619999
620000
620001
620002
620003
620004
620005
620006
620007
620008
620009
620010
620011
620012
620013
620014
620015
620016
620017
620018
620019
620020
620021
620022
620023
620024
620025
620026
620027
620028
620029
620030
620031
620032
620033
620034
620035
620036
620037
620038
620039
620040
620041
620042
620043
620044
620045
620046
620047
620048
620049
620050
620051
620052
620053
620054
620055
620056
620057
620058
620059
620060
620061
620062
620063
620064
620065
620066
620067
620068
620069
620070
620071
620072
620073
620074
620075
620076
620077
620078
620079
620080
620081
620082
620083
620084
620085
620086
620087
620088
620089
620090
620091
620092
620093
620094
620095
620096
620097
620098
620099
620100
620101
620102
620103
620104
620105
620106
620107
620108
620109
620110
620111
620112
620113
620114
620115
620116
620117
620118
620119
620120
620121
620122
620123
620124
620125
620126
620127
620128
620129
620130
620131
620132
620133
620134
620135
620136
620137
620138
620139
620140
620141
620142
620143
620144
620145
620146
620147
620148
620149
620150
620151
620152
620153
620154
620155
620156
620157
620158
620159
620160
620161
620162
620163
620164
620165
620166
620167
620168
620169
620170
620171
620172
620173
620174
620175
620176
620177
620178
620179
620180
620181
620182
620183
620184
620185
620186
620187
620188
620189
620190
620191
620192
620193
620194
620195
620196
620197
620198
620199
620200
620201
620202
620203
620204
620205
620206
620207
620208
620209
620210
620211
620212
620213
620214
620215
620216
620217
620218
620219
620220
620221
620222
620223
620224
620225
620226
620227
620228
620229
620230
620231
620232
620233
620234
620235
620236
620237
620238
620239
620240
620241
620242
620243
620244
620245
620246
620247
620248
620249
620250
620251
620252
620253
620254
620255
620256
620257
620258
620259
620260
620261
620262
620263
620264
620265
620266
620267
620268
620269
620270
620271
620272
620273
620274
620275
620276
620277
620278
620279
620280
620281
620282
620283
620284
620285
620286
620287
620288
620289
620290
620291
620292
620293
620294
620295
620296
620297
620298
620299
620300
620301
620302
620303
620304
620305
620306
620307
620308
620309
620310
620311
620312
620313
620314
620315
620316
620317
620318
620319
620320
620321
620322
620323
620324
620325
620326
620327
620328
620329
620330
620331
620332
620333
620334
620335
620336
620337
620338
620339
620340
620341
620342
620343
620344
620345
620346
620347
620348
620349
620350
620351
620352
620353
620354
620355
620356
620357
620358
620359
620360
620361
620362
620363
620364
620365
620366
620367
620368
620369
620370
620371
620372
620373
620374
620375
620376
620377
620378
620379
620380
620381
620382
620383
620384
620385
620386
620387
620388
620389
620390
620391
620392
620393
620394
620395
620396
620397
620398
620399
620400
620401
620402
620403
620404
620405
620406
620407
620408
620409
620410
620411
620412
620413
620414
620415
620416
620417
620418
620419
620420
620421
620422
620423
620424
620425
620426
620427
620428
620429
620430
620431
620432
620433
620434
620435
620436
620437
620438
620439
620440
620441
620442
620443
620444
620445
620446
620447
620448
620449
620450
620451
620452
620453
620454
620455
620456
620457
620458
620459
620460
620461
620462
620463
620464
620465
620466
620467
620468
620469
620470
620471
620472
620473
620474
620475
620476
620477
620478
620479
620480
620481
620482
620483
620484
620485
620486
620487
620488
620489
620490
620491
620492
620493
620494
620495
620496
620497
620498
620499
620500
620501
620502
620503
620504
620505
620506
620507
620508
620509
620510
620511
620512
620513
620514
620515
620516
620517
620518
620519
620520
620521
620522
620523
620524
620525
620526
620527
620528
620529
620530
620531
620532
620533
620534
620535
620536
620537
620538
620539
620540
620541
620542
620543
620544
620545
620546
620547
620548
620549
620550
620551
620552
620553
620554
620555
620556
620557
620558
620559
620560
620561
620562
620563
620564
620565
620566
620567
620568
620569
620570
620571
620572
620573
620574
620575
620576
620577
620578
620579
620580
620581
620582
620583
620584
620585
620586
620587
620588
620589
620590
620591
620592
620593
620594
620595
620596
620597
620598
620599
620600
620601
620602
620603
620604
620605
620606
620607
620608
620609
620610
620611
620612
620613
620614
620615
620616
620617
620618
620619
620620
620621
620622
620623
620624
620625
620626
620627
620628
620629
620630
620631
620632
620633
620634
620635
620636
620637
620638
620639
620640
620641
620642
620643
620644
620645
620646
620647
620648
620649
620650
620651
620652
620653
620654
620655
620656
620657
620658
620659
620660
620661
620662
620663
620664
620665
620666
620667
620668
620669
620670
620671
620672
620673
620674
620675
620676
620677
620678
620679
620680
620681
620682
620683
620684
620685
620686
620687
620688
620689
620690
620691
620692
620693
620694
620695
620696
620697
620698
620699
620700
620701
620702
620703
620704
620705
620706
620707
620708
620709
620710
620711
620712
620713
620714
620715
620716
620717
620718
620719
620720
620721
620722
620723
620724
620725
620726
620727
620728
620729
620730
620731
620732
620733
620734
620735
620736
620737
620738
620739
620740
620741
620742
620743
620744
620745
620746
620747
620748
620749
620750
620751
620752
620753
620754
620755
620756
620757
620758
620759
620760
620761
620762
620763
620764
620765
620766
620767
620768
620769
620770
620771
620772
620773
620774
620775
620776
620777
620778
620779
620780
620781
620782
620783
620784
620785
620786
620787
620788
620789
620790
620791
620792
620793
620794
620795
620796
620797
620798
620799
620800
620801
620802
620803
620804
620805
620806
620807
620808
620809
620810
620811
620812
620813
620814
620815
620816
620817
620818
620819
620820
620821
620822
620823
620824
620825
620826
620827
620828
620829
620830
620831
620832
620833
620834
620835
620836
620837
620838
620839
620840
620841
620842
620843
620844
620845
620846
620847
620848
620849
620850
620851
620852
620853
620854
620855
620856
620857
620858
620859
620860
620861
620862
620863
620864
620865
620866
620867
620868
620869
620870
620871
620872
620873
620874
620875
620876
620877
620878
620879
620880
620881
620882
620883
620884
620885
620886
620887
620888
620889
620890
620891
620892
620893
620894
620895
620896
620897
620898
620899
620900
620901
620902
620903
620904
620905
620906
620907
620908
620909
620910
620911
620912
620913
620914
620915
620916
620917
620918
620919
620920
620921
620922
620923
620924
620925
620926
620927
620928
620929
620930
620931
620932
620933
620934
620935
620936
620937
620938
620939
620940
620941
620942
620943
620944
620945
620946
620947
620948
620949
620950
620951
620952
620953
620954
620955
620956
620957
620958
620959
620960
620961
620962
620963
620964
620965
620966
620967
620968
620969
620970
620971
620972
620973
620974
620975
620976
620977
620978
620979
620980
620981
620982
620983
620984
620985
620986
620987
620988
620989
620990
620991
620992
620993
620994
620995
620996
620997
620998
620999
621000
621001
621002
621003
621004
621005
621006
621007
621008
621009
621010
621011
621012
621013
621014
621015
621016
621017
621018
621019
621020
621021
621022
621023
621024
621025
621026
621027
621028
621029
621030
621031
621032
621033
621034
621035
621036
621037
621038
621039
621040
621041
621042
621043
621044
621045
621046
621047
621048
621049
621050
621051
621052
621053
621054
621055
621056
621057
621058
621059
621060
621061
621062
621063
621064
621065
621066
621067
621068
621069
621070
621071
621072
621073
621074
621075
621076
621077
621078
621079
621080
621081
621082
621083
621084
621085
621086
621087
621088
621089
621090
621091
621092
621093
621094
621095
621096
621097
621098
621099
621100
621101
621102
621103
621104
621105
621106
621107
621108
621109
621110
621111
621112
621113
621114
621115
621116
621117
621118
621119
621120
621121
621122
621123
621124
621125
621126
621127
621128
621129
621130
621131
621132
621133
621134
621135
621136
621137
621138
621139
621140
621141
621142
621143
621144
621145
621146
621147
621148
621149
621150
621151
621152
621153
621154
621155
621156
621157
621158
621159
621160
621161
621162
621163
621164
621165
621166
621167
621168
621169
621170
621171
621172
621173
621174
621175
621176
621177
621178
621179
621180
621181
621182
621183
621184
621185
621186
621187
621188
621189
621190
621191
621192
621193
621194
621195
621196
621197
621198
621199
621200
621201
621202
621203
621204
621205
621206
621207
621208
621209
621210
621211
621212
621213
621214
621215
621216
621217
621218
621219
621220
621221
621222
621223
621224
621225
621226
621227
621228
621229
621230
621231
621232
621233
621234
621235
621236
621237
621238
621239
621240
621241
621242
621243
621244
621245
621246
621247
621248
621249
621250
621251
621252
621253
621254
621255
621256
621257
621258
621259
621260
621261
621262
621263
621264
621265
621266
621267
621268
621269
621270
621271
621272
621273
621274
621275
621276
621277
621278
621279
621280
621281
621282
621283
621284
621285
621286
621287
621288
621289
621290
621291
621292
621293
621294
621295
621296
621297
621298
621299
621300
621301
621302
621303
621304
621305
621306
621307
621308
621309
621310
621311
621312
621313
621314
621315
621316
621317
621318
621319
621320
621321
621322
621323
621324
621325
621326
621327
621328
621329
621330
621331
621332
621333
621334
621335
621336
621337
621338
621339
621340
621341
621342
621343
621344
621345
621346
621347
621348
621349
621350
621351
621352
621353
621354
621355
621356
621357
621358
621359
621360
621361
621362
621363
621364
621365
621366
621367
621368
621369
621370
621371
621372
621373
621374
621375
621376
621377
621378
621379
621380
621381
621382
621383
621384
621385
621386
621387
621388
621389
621390
621391
621392
621393
621394
621395
621396
621397
621398
621399
621400
621401
621402
621403
621404
621405
621406
621407
621408
621409
621410
621411
621412
621413
621414
621415
621416
621417
621418
621419
621420
621421
621422
621423
621424
621425
621426
621427
621428
621429
621430
621431
621432
621433
621434
621435
621436
621437
621438
621439
621440
621441
621442
621443
621444
621445
621446
621447
621448
621449
621450
621451
621452
621453
621454
621455
621456
621457
621458
621459
621460
621461
621462
621463
621464
621465
621466
621467
621468
621469
621470
621471
621472
621473
621474
621475
621476
621477
621478
621479
621480
621481
621482
621483
621484
621485
621486
621487
621488
621489
621490
621491
621492
621493
621494
621495
621496
621497
621498
621499
621500
621501
621502
621503
621504
621505
621506
621507
621508
621509
621510
621511
621512
621513
621514
621515
621516
621517
621518
621519
621520
621521
621522
621523
621524
621525
621526
621527
621528
621529
621530
621531
621532
621533
621534
621535
621536
621537
621538
621539
621540
621541
621542
621543
621544
621545
621546
621547
621548
621549
621550
621551
621552
621553
621554
621555
621556
621557
621558
621559
621560
621561
621562
621563
621564
621565
621566
621567
621568
621569
621570
621571
621572
621573
621574
621575
621576
621577
621578
621579
621580
621581
621582
621583
621584
621585
621586
621587
621588
621589
621590
621591
621592
621593
621594
621595
621596
621597
621598
621599
621600
621601
621602
621603
621604
621605
621606
621607
621608
621609
621610
621611
621612
621613
621614
621615
621616
621617
621618
621619
621620
621621
621622
621623
621624
621625
621626
621627
621628
621629
621630
621631
621632
621633
621634
621635
621636
621637
621638
621639
621640
621641
621642
621643
621644
621645
621646
621647
621648
621649
621650
621651
621652
621653
621654
621655
621656
621657
621658
621659
621660
621661
621662
621663
621664
621665
621666
621667
621668
621669
621670
621671
621672
621673
621674
621675
621676
621677
621678
621679
621680
621681
621682
621683
621684
621685
621686
621687
621688
621689
621690
621691
621692
621693
621694
621695
621696
621697
621698
621699
621700
621701
621702
621703
621704
621705
621706
621707
621708
621709
621710
621711
621712
621713
621714
621715
621716
621717
621718
621719
621720
621721
621722
621723
621724
621725
621726
621727
621728
621729
621730
621731
621732
621733
621734
621735
621736
621737
621738
621739
621740
621741
621742
621743
621744
621745
621746
621747
621748
621749
621750
621751
621752
621753
621754
621755
621756
621757
621758
621759
621760
621761
621762
621763
621764
621765
621766
621767
621768
621769
621770
621771
621772
621773
621774
621775
621776
621777
621778
621779
621780
621781
621782
621783
621784
621785
621786
621787
621788
621789
621790
621791
621792
621793
621794
621795
621796
621797
621798
621799
621800
621801
621802
621803
621804
621805
621806
621807
621808
621809
621810
621811
621812
621813
621814
621815
621816
621817
621818
621819
621820
621821
621822
621823
621824
621825
621826
621827
621828
621829
621830
621831
621832
621833
621834
621835
621836
621837
621838
621839
621840
621841
621842
621843
621844
621845
621846
621847
621848
621849
621850
621851
621852
621853
621854
621855
621856
621857
621858
621859
621860
621861
621862
621863
621864
621865
621866
621867
621868
621869
621870
621871
621872
621873
621874
621875
621876
621877
621878
621879
621880
621881
621882
621883
621884
621885
621886
621887
621888
621889
621890
621891
621892
621893
621894
621895
621896
621897
621898
621899
621900
621901
621902
621903
621904
621905
621906
621907
621908
621909
621910
621911
621912
621913
621914
621915
621916
621917
621918
621919
621920
621921
621922
621923
621924
621925
621926
621927
621928
621929
621930
621931
621932
621933
621934
621935
621936
621937
621938
621939
621940
621941
621942
621943
621944
621945
621946
621947
621948
621949
621950
621951
621952
621953
621954
621955
621956
621957
621958
621959
621960
621961
621962
621963
621964
621965
621966
621967
621968
621969
621970
621971
621972
621973
621974
621975
621976
621977
621978
621979
621980
621981
621982
621983
621984
621985
621986
621987
621988
621989
621990
621991
621992
621993
621994
621995
621996
621997
621998
621999
622000
622001
622002
622003
622004
622005
622006
622007
622008
622009
622010
622011
622012
622013
622014
622015
622016
622017
622018
622019
622020
622021
622022
622023
622024
622025
622026
622027
622028
622029
622030
622031
622032
622033
622034
622035
622036
622037
622038
622039
622040
622041
622042
622043
622044
622045
622046
622047
622048
622049
622050
622051
622052
622053
622054
622055
622056
622057
622058
622059
622060
622061
622062
622063
622064
622065
622066
622067
622068
622069
622070
622071
622072
622073
622074
622075
622076
622077
622078
622079
622080
622081
622082
622083
622084
622085
622086
622087
622088
622089
622090
622091
622092
622093
622094
622095
622096
622097
622098
622099
622100
622101
622102
622103
622104
622105
622106
622107
622108
622109
622110
622111
622112
622113
622114
622115
622116
622117
622118
622119
622120
622121
622122
622123
622124
622125
622126
622127
622128
622129
622130
622131
622132
622133
622134
622135
622136
622137
622138
622139
622140
622141
622142
622143
622144
622145
622146
622147
622148
622149
622150
622151
622152
622153
622154
622155
622156
622157
622158
622159
622160
622161
622162
622163
622164
622165
622166
622167
622168
622169
622170
622171
622172
622173
622174
622175
622176
622177
622178
622179
622180
622181
622182
622183
622184
622185
622186
622187
622188
622189
622190
622191
622192
622193
622194
622195
622196
622197
622198
622199
622200
622201
622202
622203
622204
622205
622206
622207
622208
622209
622210
622211
622212
622213
622214
622215
622216
622217
622218
622219
622220
622221
622222
622223
622224
622225
622226
622227
622228
622229
622230
622231
622232
622233
622234
622235
622236
622237
622238
622239
622240
622241
622242
622243
622244
622245
622246
622247
622248
622249
622250
622251
622252
622253
622254
622255
622256
622257
622258
622259
622260
622261
622262
622263
622264
622265
622266
622267
622268
622269
622270
622271
622272
622273
622274
622275
622276
622277
622278
622279
622280
622281
622282
622283
622284
622285
622286
622287
622288
622289
622290
622291
622292
622293
622294
622295
622296
622297
622298
622299
622300
622301
622302
622303
622304
622305
622306
622307
622308
622309
622310
622311
622312
622313
622314
622315
622316
622317
622318
622319
622320
622321
622322
622323
622324
622325
622326
622327
622328
622329
622330
622331
622332
622333
622334
622335
622336
622337
622338
622339
622340
622341
622342
622343
622344
622345
622346
622347
622348
622349
622350
622351
622352
622353
622354
622355
622356
622357
622358
622359
622360
622361
622362
622363
622364
622365
622366
622367
622368
622369
622370
622371
622372
622373
622374
622375
622376
622377
622378
622379
622380
622381
622382
622383
622384
622385
622386
622387
622388
622389
622390
622391
622392
622393
622394
622395
622396
622397
622398
622399
622400
622401
622402
622403
622404
622405
622406
622407
622408
622409
622410
622411
622412
622413
622414
622415
622416
622417
622418
622419
622420
622421
622422
622423
622424
622425
622426
622427
622428
622429
622430
622431
622432
622433
622434
622435
622436
622437
622438
622439
622440
622441
622442
622443
622444
622445
622446
622447
622448
622449
622450
622451
622452
622453
622454
622455
622456
622457
622458
622459
622460
622461
622462
622463
622464
622465
