596788
596789
596790
596791
596792
596793
596794
596795
596796
596797
596798
596799
596800
596801
596802
596803
596804
596805
596806
596807
596808
596809
596810
596811
596812
596813
596814
596815
596816
596817
596818
596819
596820
596821
596822
596823
596824
596825
596826
596827
596828
596829
596830
596831
596832
596833
596834
596835
596836
596837
596838
596839
596840
596841
596842
596843
596844
596845
596846
596847
596848
596849
596850
596851
596852
596853
596854
596855
596856
596857
596858
596859
596860
596861
596862
596863
596864
596865
596866
596867
596868
596869
596870
596871
596872
596873
596874
596875
596876
596877
596878
596879
596880
596881
596882
596883
596884
596885
596886
596887
596888
596889
596890
596891
596892
596893
596894
596895
596896
596897
596898
596899
596900
596901
596902
596903
596904
596905
596906
596907
596908
596909
596910
596911
596912
596913
596914
596915
596916
596917
596918
596919
596920
596921
596922
596923
596924
596925
596926
596927
596928
596929
596930
596931
596932
596933
596934
596935
596936
596937
596938
596939
596940
596941
596942
596943
596944
596945
596946
596947
596948
596949
596950
596951
596952
596953
596954
596955
596956
596957
596958
596959
596960
596961
596962
596963
596964
596965
596966
596967
596968
596969
596970
596971
596972
596973
596974
596975
596976
596977
596978
596979
596980
596981
596982
596983
596984
596985
596986
596987
596988
596989
596990
596991
596992
596993
596994
596995
596996
596997
596998
596999
597000
597001
597002
597003
597004
597005
597006
597007
597008
597009
597010
597011
597012
597013
597014
597015
597016
597017
597018
597019
597020
597021
597022
597023
597024
597025
597026
597027
597028
597029
597030
597031
597032
597033
597034
597035
597036
597037
597038
597039
597040
597041
597042
597043
597044
597045
597046
597047
597048
597049
597050
597051
597052
597053
597054
597055
597056
597057
597058
597059
597060
597061
597062
597063
597064
597065
597066
597067
597068
597069
597070
597071
597072
597073
597074
597075
597076
597077
597078
597079
597080
597081
597082
597083
597084
597085
597086
597087
597088
597089
597090
597091
597092
597093
597094
597095
597096
597097
597098
597099
597100
597101
597102
597103
597104
597105
597106
597107
597108
597109
597110
597111
597112
597113
597114
597115
597116
597117
597118
597119
597120
597121
597122
597123
597124
597125
597126
597127
597128
597129
597130
597131
597132
597133
597134
597135
597136
597137
597138
597139
597140
597141
597142
597143
597144
597145
597146
597147
597148
597149
597150
597151
597152
597153
597154
597155
597156
597157
597158
597159
597160
597161
597162
597163
597164
597165
597166
597167
597168
597169
597170
597171
597172
597173
597174
597175
597176
597177
597178
597179
597180
597181
597182
597183
597184
597185
597186
597187
597188
597189
597190
597191
597192
597193
597194
597195
597196
597197
597198
597199
597200
597201
597202
597203
597204
597205
597206
597207
597208
597209
597210
597211
597212
597213
597214
597215
597216
597217
597218
597219
597220
597221
597222
597223
597224
597225
597226
597227
597228
597229
597230
597231
597232
597233
597234
597235
597236
597237
597238
597239
597240
597241
597242
597243
597244
597245
597246
597247
597248
597249
597250
597251
597252
597253
597254
597255
597256
597257
597258
597259
597260
597261
597262
597263
597264
597265
597266
597267
597268
597269
597270
597271
597272
597273
597274
597275
597276
597277
597278
597279
597280
597281
597282
597283
597284
597285
597286
597287
597288
597289
597290
597291
597292
597293
597294
597295
597296
597297
597298
597299
597300
597301
597302
597303
597304
597305
597306
597307
597308
597309
597310
597311
597312
597313
597314
597315
597316
597317
597318
597319
597320
597321
597322
597323
597324
597325
597326
597327
597328
597329
597330
597331
597332
597333
597334
597335
597336
597337
597338
597339
597340
597341
597342
597343
597344
597345
597346
597347
597348
597349
597350
597351
597352
597353
597354
597355
597356
597357
597358
597359
597360
597361
597362
597363
597364
597365
597366
597367
597368
597369
597370
597371
597372
597373
597374
597375
597376
597377
597378
597379
597380
597381
597382
597383
597384
597385
597386
597387
597388
597389
597390
597391
597392
597393
597394
597395
597396
597397
597398
597399
597400
597401
597402
597403
597404
597405
597406
597407
597408
597409
597410
597411
597412
597413
597414
597415
597416
597417
597418
597419
597420
597421
597422
597423
597424
597425
597426
597427
597428
597429
597430
597431
597432
597433
597434
597435
597436
597437
597438
597439
597440
597441
597442
597443
597444
597445
597446
597447
597448
597449
597450
597451
597452
597453
597454
597455
597456
597457
597458
597459
597460
597461
597462
597463
597464
597465
597466
597467
597468
597469
597470
597471
597472
597473
597474
597475
597476
597477
597478
597479
597480
597481
597482
597483
597484
597485
597486
597487
597488
597489
597490
597491
597492
597493
597494
597495
597496
597497
597498
597499
597500
597501
597502
597503
597504
597505
597506
597507
597508
597509
597510
597511
597512
597513
597514
597515
597516
597517
597518
597519
597520
597521
597522
597523
597524
597525
597526
597527
597528
597529
597530
597531
597532
597533
597534
597535
597536
597537
597538
597539
597540
597541
597542
597543
597544
597545
597546
597547
597548
597549
597550
597551
597552
597553
597554
597555
597556
597557
597558
597559
597560
597561
597562
597563
597564
597565
597566
597567
597568
597569
597570
597571
597572
597573
597574
597575
597576
597577
597578
597579
597580
597581
597582
597583
597584
597585
597586
597587
597588
597589
597590
597591
597592
597593
597594
597595
597596
597597
597598
597599
597600
597601
597602
597603
597604
597605
597606
597607
597608
597609
597610
597611
597612
597613
597614
597615
597616
597617
597618
597619
597620
597621
597622
597623
597624
597625
597626
597627
597628
597629
597630
597631
597632
597633
597634
597635
597636
597637
597638
597639
597640
597641
597642
597643
597644
597645
597646
597647
597648
597649
597650
597651
597652
597653
597654
597655
597656
597657
597658
597659
597660
597661
597662
597663
597664
597665
597666
597667
597668
597669
597670
597671
597672
597673
597674
597675
597676
597677
597678
597679
597680
597681
597682
597683
597684
597685
597686
597687
597688
597689
597690
597691
597692
597693
597694
597695
597696
597697
597698
597699
597700
597701
597702
597703
597704
597705
597706
597707
597708
597709
597710
597711
597712
597713
597714
597715
597716
597717
597718
597719
597720
597721
597722
597723
597724
597725
597726
597727
597728
597729
597730
597731
597732
597733
597734
597735
597736
597737
597738
597739
597740
597741
597742
597743
597744
597745
597746
597747
597748
597749
597750
597751
597752
597753
597754
597755
597756
597757
597758
597759
597760
597761
597762
597763
597764
597765
597766
597767
597768
597769
597770
597771
597772
597773
597774
597775
597776
597777
597778
597779
597780
597781
597782
597783
597784
597785
597786
597787
597788
597789
597790
597791
597792
597793
597794
597795
597796
597797
597798
597799
597800
597801
597802
597803
597804
597805
597806
597807
597808
597809
597810
597811
597812
597813
597814
597815
597816
597817
597818
597819
597820
597821
597822
597823
597824
597825
597826
597827
597828
597829
597830
597831
597832
597833
597834
597835
597836
597837
597838
597839
597840
597841
597842
597843
597844
597845
597846
597847
597848
597849
597850
597851
597852
597853
597854
597855
597856
597857
597858
597859
597860
597861
597862
597863
597864
597865
597866
597867
597868
597869
597870
597871
597872
597873
597874
597875
597876
597877
597878
597879
597880
597881
597882
597883
597884
597885
597886
597887
597888
597889
597890
597891
597892
597893
597894
597895
597896
597897
597898
597899
597900
597901
597902
597903
597904
597905
597906
597907
597908
597909
597910
597911
597912
597913
597914
597915
597916
597917
597918
597919
597920
597921
597922
597923
597924
597925
597926
597927
597928
597929
597930
597931
597932
597933
597934
597935
597936
597937
597938
597939
597940
597941
597942
597943
597944
597945
597946
597947
597948
597949
597950
597951
597952
597953
597954
597955
597956
597957
597958
597959
597960
597961
597962
597963
597964
597965
597966
597967
597968
597969
597970
597971
597972
597973
597974
597975
597976
597977
597978
597979
597980
597981
597982
597983
597984
597985
597986
597987
597988
597989
597990
597991
597992
597993
597994
597995
597996
597997
597998
597999
598000
598001
598002
598003
598004
598005
598006
598007
598008
598009
598010
598011
598012
598013
598014
598015
598016
598017
598018
598019
598020
598021
598022
598023
598024
598025
598026
598027
598028
598029
598030
598031
598032
598033
598034
598035
598036
598037
598038
598039
598040
598041
598042
598043
598044
598045
598046
598047
598048
598049
598050
598051
598052
598053
598054
598055
598056
598057
598058
598059
598060
598061
598062
598063
598064
598065
598066
598067
598068
598069
598070
598071
598072
598073
598074
598075
598076
598077
598078
598079
598080
598081
598082
598083
598084
598085
598086
598087
598088
598089
598090
598091
598092
598093
598094
598095
598096
598097
598098
598099
598100
598101
598102
598103
598104
598105
598106
598107
598108
598109
598110
598111
598112
598113
598114
598115
598116
598117
598118
598119
598120
598121
598122
598123
598124
598125
598126
598127
598128
598129
598130
598131
598132
598133
598134
598135
598136
598137
598138
598139
598140
598141
598142
598143
598144
598145
598146
598147
598148
598149
598150
598151
598152
598153
598154
598155
598156
598157
598158
598159
598160
598161
598162
598163
598164
598165
598166
598167
598168
598169
598170
598171
598172
598173
598174
598175
598176
598177
598178
598179
598180
598181
598182
598183
598184
598185
598186
598187
598188
598189
598190
598191
598192
598193
598194
598195
598196
598197
598198
598199
598200
598201
598202
598203
598204
598205
598206
598207
598208
598209
598210
598211
598212
598213
598214
598215
598216
598217
598218
598219
598220
598221
598222
598223
598224
598225
598226
598227
598228
598229
598230
598231
598232
598233
598234
598235
598236
598237
598238
598239
598240
598241
598242
598243
598244
598245
598246
598247
598248
598249
598250
598251
598252
598253
598254
598255
598256
598257
598258
598259
598260
598261
598262
598263
598264
598265
598266
598267
598268
598269
598270
598271
598272
598273
598274
598275
598276
598277
598278
598279
598280
598281
598282
598283
598284
598285
598286
598287
598288
598289
598290
598291
598292
598293
598294
598295
598296
598297
598298
598299
598300
598301
598302
598303
598304
598305
598306
598307
598308
598309
598310
598311
598312
598313
598314
598315
598316
598317
598318
598319
598320
598321
598322
598323
598324
598325
598326
598327
598328
598329
598330
598331
598332
598333
598334
598335
598336
598337
598338
598339
598340
598341
598342
598343
598344
598345
598346
598347
598348
598349
598350
598351
598352
598353
598354
598355
598356
598357
598358
598359
598360
598361
598362
598363
598364
598365
598366
598367
598368
598369
598370
598371
598372
598373
598374
598375
598376
598377
598378
598379
598380
598381
598382
598383
598384
598385
598386
598387
598388
598389
598390
598391
598392
598393
598394
598395
598396
598397
598398
598399
598400
598401
598402
598403
598404
598405
598406
598407
598408
598409
598410
598411
598412
598413
598414
598415
598416
598417
598418
598419
598420
598421
598422
598423
598424
598425
598426
598427
598428
598429
598430
598431
598432
598433
598434
598435
598436
598437
598438
598439
598440
598441
598442
598443
598444
598445
598446
598447
598448
598449
598450
598451
598452
598453
598454
598455
598456
598457
598458
598459
598460
598461
598462
598463
598464
598465
598466
598467
598468
598469
598470
598471
598472
598473
598474
598475
598476
598477
598478
598479
598480
598481
598482
598483
598484
598485
598486
598487
598488
598489
598490
598491
598492
598493
598494
598495
598496
598497
598498
598499
598500
598501
598502
598503
598504
598505
598506
598507
598508
598509
598510
598511
598512
598513
598514
598515
598516
598517
598518
598519
598520
598521
598522
598523
598524
598525
598526
598527
598528
598529
598530
598531
598532
598533
598534
598535
598536
598537
598538
598539
598540
598541
598542
598543
598544
598545
598546
598547
598548
598549
598550
598551
598552
598553
598554
598555
598556
598557
598558
598559
598560
598561
598562
598563
598564
598565
598566
598567
598568
598569
598570
598571
598572
598573
598574
598575
598576
598577
598578
598579
598580
598581
598582
598583
598584
598585
598586
598587
598588
598589
598590
598591
598592
598593
598594
598595
598596
598597
598598
598599
598600
598601
598602
598603
598604
598605
598606
598607
598608
598609
598610
598611
598612
598613
598614
598615
598616
598617
598618
598619
598620
598621
598622
598623
598624
598625
598626
598627
598628
598629
598630
598631
598632
598633
598634
598635
598636
598637
598638
598639
598640
598641
598642
598643
598644
598645
598646
598647
598648
598649
598650
598651
598652
598653
598654
598655
598656
598657
598658
598659
598660
598661
598662
598663
598664
598665
598666
598667
598668
598669
598670
598671
598672
598673
598674
598675
598676
598677
598678
598679
598680
598681
598682
598683
598684
598685
598686
598687
598688
598689
598690
598691
598692
598693
598694
598695
598696
598697
598698
598699
598700
598701
598702
598703
598704
598705
598706
598707
598708
598709
598710
598711
598712
598713
598714
598715
598716
598717
598718
598719
598720
598721
598722
598723
598724
598725
598726
598727
598728
598729
598730
598731
598732
598733
598734
598735
598736
598737
598738
598739
598740
598741
598742
598743
598744
598745
598746
598747
598748
598749
598750
598751
598752
598753
598754
598755
598756
598757
598758
598759
598760
598761
598762
598763
598764
598765
598766
598767
598768
598769
598770
598771
598772
598773
598774
598775
598776
598777
598778
598779
598780
598781
598782
598783
598784
598785
598786
598787
598788
598789
598790
598791
598792
598793
598794
598795
598796
598797
598798
598799
598800
598801
598802
598803
598804
598805
598806
598807
598808
598809
598810
598811
598812
598813
598814
598815
598816
598817
598818
598819
598820
598821
598822
598823
598824
598825
598826
598827
598828
598829
598830
598831
598832
598833
598834
598835
598836
598837
598838
598839
598840
598841
598842
598843
598844
598845
598846
598847
598848
598849
598850
598851
598852
598853
598854
598855
598856
598857
598858
598859
598860
598861
598862
598863
598864
598865
598866
598867
598868
598869
598870
598871
598872
598873
598874
598875
598876
598877
598878
598879
598880
598881
598882
598883
598884
598885
598886
598887
598888
598889
598890
598891
598892
598893
598894
598895
598896
598897
598898
598899
598900
598901
598902
598903
598904
598905
598906
598907
598908
598909
598910
598911
598912
598913
598914
598915
598916
598917
598918
598919
598920
598921
598922
598923
598924
598925
598926
598927
598928
598929
598930
598931
598932
598933
598934
598935
598936
598937
598938
598939
598940
598941
598942
598943
598944
598945
598946
598947
598948
598949
598950
598951
598952
598953
598954
598955
598956
598957
598958
598959
598960
598961
598962
598963
598964
598965
598966
598967
598968
598969
598970
598971
598972
598973
598974
598975
598976
598977
598978
598979
598980
598981
598982
598983
598984
598985
598986
598987
598988
598989
598990
598991
598992
598993
598994
598995
598996
598997
598998
598999
599000
599001
599002
599003
599004
599005
599006
599007
599008
599009
599010
599011
599012
599013
599014
599015
599016
599017
599018
599019
599020
599021
599022
599023
599024
599025
599026
599027
599028
599029
599030
599031
599032
599033
599034
599035
599036
599037
599038
599039
599040
599041
599042
599043
599044
599045
599046
599047
599048
599049
599050
599051
599052
599053
599054
599055
599056
599057
599058
599059
599060
599061
599062
599063
599064
599065
599066
599067
599068
599069
599070
599071
599072
599073
599074
599075
599076
599077
599078
599079
599080
599081
599082
599083
599084
599085
599086
599087
599088
599089
599090
599091
599092
599093
599094
599095
599096
599097
599098
599099
599100
599101
599102
599103
599104
599105
599106
599107
599108
599109
599110
599111
599112
599113
599114
599115
599116
599117
599118
599119
599120
599121
599122
599123
599124
599125
599126
599127
599128
599129
599130
599131
599132
599133
599134
599135
599136
599137
599138
599139
599140
599141
599142
599143
599144
599145
599146
599147
599148
599149
599150
599151
599152
599153
599154
599155
599156
599157
599158
599159
599160
599161
599162
599163
599164
599165
599166
599167
599168
599169
599170
599171
599172
599173
599174
599175
599176
599177
599178
599179
599180
599181
599182
599183
599184
599185
599186
599187
599188
599189
599190
599191
599192
599193
599194
599195
599196
599197
599198
599199
599200
599201
599202
599203
599204
599205
599206
599207
599208
599209
599210
599211
599212
599213
599214
599215
599216
599217
599218
599219
599220
599221
599222
599223
599224
599225
599226
599227
599228
599229
599230
599231
599232
599233
599234
599235
599236
599237
599238
599239
599240
599241
599242
599243
599244
599245
599246
599247
599248
599249
599250
599251
599252
599253
599254
599255
599256
599257
599258
599259
599260
599261
599262
599263
599264
599265
599266
599267
599268
599269
599270
599271
599272
599273
599274
599275
599276
599277
599278
599279
599280
599281
599282
599283
599284
599285
599286
599287
599288
599289
599290
599291
599292
599293
599294
599295
599296
599297
599298
599299
599300
599301
599302
599303
599304
599305
599306
599307
599308
599309
599310
599311
599312
599313
599314
599315
599316
599317
599318
599319
599320
599321
599322
599323
599324
599325
599326
599327
599328
599329
599330
599331
599332
599333
599334
599335
599336
599337
599338
599339
599340
599341
599342
599343
599344
599345
599346
599347
599348
599349
599350
599351
599352
599353
599354
599355
599356
599357
599358
599359
599360
599361
599362
599363
599364
599365
599366
599367
599368
599369
599370
599371
599372
599373
599374
599375
599376
599377
599378
599379
599380
599381
599382
599383
599384
599385
599386
599387
599388
599389
599390
599391
599392
599393
599394
599395
599396
599397
599398
599399
599400
599401
599402
599403
599404
599405
599406
599407
599408
599409
599410
599411
599412
599413
599414
599415
599416
599417
599418
599419
599420
599421
599422
599423
599424
599425
599426
599427
599428
599429
599430
599431
599432
599433
599434
599435
599436
599437
599438
599439
599440
599441
599442
599443
599444
599445
599446
599447
599448
599449
599450
599451
599452
599453
599454
599455
599456
599457
599458
599459
599460
599461
599462
599463
599464
599465
599466
599467
599468
599469
599470
599471
599472
599473
599474
599475
599476
599477
599478
599479
599480
599481
599482
599483
599484
599485
599486
599487
599488
599489
599490
599491
599492
599493
599494
599495
599496
599497
599498
599499
599500
599501
599502
599503
599504
599505
599506
599507
599508
599509
599510
599511
599512
599513
599514
599515
599516
599517
599518
599519
599520
599521
599522
599523
599524
599525
599526
599527
599528
599529
599530
599531
599532
599533
599534
599535
599536
599537
599538
599539
599540
599541
599542
599543
599544
599545
599546
599547
599548
599549
599550
599551
599552
599553
599554
599555
599556
599557
599558
599559
599560
599561
599562
599563
599564
599565
599566
599567
599568
599569
599570
599571
599572
599573
599574
599575
599576
599577
599578
599579
599580
599581
599582
599583
599584
599585
599586
599587
599588
599589
599590
599591
599592
599593
599594
599595
599596
599597
599598
599599
599600
599601
599602
599603
599604
599605
599606
599607
599608
599609
599610
599611
599612
599613
599614
599615
599616
599617
599618
599619
599620
599621
599622
599623
599624
599625
599626
599627
599628
599629
599630
599631
599632
599633
599634
599635
599636
599637
599638
599639
599640
599641
599642
599643
599644
599645
599646
599647
599648
599649
599650
599651
599652
599653
599654
599655
599656
599657
599658
599659
599660
599661
599662
599663
599664
599665
599666
599667
599668
599669
599670
599671
599672
599673
599674
599675
599676
599677
599678
599679
599680
599681
599682
599683
599684
599685
599686
599687
599688
599689
599690
599691
599692
599693
599694
599695
599696
599697
599698
599699
599700
599701
599702
599703
599704
599705
599706
599707
599708
599709
599710
599711
599712
599713
599714
599715
599716
599717
599718
599719
599720
599721
599722
599723
599724
599725
599726
599727
599728
599729
599730
599731
599732
599733
599734
599735
599736
599737
599738
599739
599740
599741
599742
599743
599744
599745
599746
599747
599748
599749
599750
599751
599752
599753
599754
599755
599756
599757
599758
599759
599760
599761
599762
599763
599764
599765
599766
599767
599768
599769
599770
599771
599772
599773
599774
599775
599776
599777
599778
599779
599780
599781
599782
599783
599784
599785
599786
599787
599788
599789
599790
599791
599792
599793
599794
599795
599796
599797
599798
599799
599800
599801
599802
599803
599804
599805
599806
599807
599808
599809
599810
599811
599812
599813
599814
599815
599816
599817
599818
599819
599820
599821
599822
599823
599824
599825
599826
599827
599828
599829
599830
599831
599832
599833
599834
599835
599836
599837
599838
599839
599840
599841
599842
599843
599844
599845
599846
599847
599848
599849
599850
599851
599852
599853
599854
599855
599856
599857
599858
599859
599860
599861
599862
599863
599864
599865
599866
599867
599868
599869
599870
599871
599872
599873
599874
599875
599876
599877
599878
599879
599880
599881
599882
599883
599884
599885
599886
599887
599888
599889
599890
599891
599892
599893
599894
599895
599896
599897
599898
599899
599900
599901
599902
599903
599904
599905
599906
599907
599908
599909
599910
599911
599912
599913
599914
599915
599916
599917
599918
599919
599920
599921
599922
599923
599924
599925
599926
599927
599928
599929
599930
599931
599932
599933
599934
599935
599936
599937
599938
599939
599940
599941
599942
599943
599944
599945
599946
599947
599948
599949
599950
599951
599952
599953
599954
599955
599956
599957
599958
599959
599960
599961
599962
599963
599964
599965
599966
599967
599968
599969
599970
599971
599972
599973
599974
599975
599976
599977
599978
599979
599980
599981
599982
599983
599984
599985
599986
599987
599988
599989
599990
599991
599992
599993
599994
599995
599996
599997
599998
599999
600000
600001
600002
600003
600004
600005
600006
600007
600008
600009
600010
600011
600012
600013
600014
600015
600016
600017
600018
600019
600020
600021
600022
600023
600024
600025
600026
600027
600028
600029
600030
600031
600032
600033
600034
600035
600036
600037
600038
600039
600040
600041
600042
600043
600044
600045
600046
600047
600048
600049
600050
600051
600052
600053
600054
600055
600056
600057
600058
600059
600060
600061
600062
600063
600064
600065
600066
600067
600068
600069
600070
600071
600072
600073
600074
600075
600076
600077
600078
600079
600080
600081
600082
600083
600084
600085
600086
600087
600088
600089
600090
600091
600092
600093
600094
600095
600096
600097
600098
600099
600100
600101
600102
600103
600104
600105
600106
600107
600108
600109
600110
600111
600112
600113
600114
600115
600116
600117
600118
600119
600120
600121
600122
600123
600124
600125
600126
600127
600128
600129
600130
600131
600132
600133
600134
600135
600136
600137
600138
600139
600140
600141
600142
600143
600144
600145
600146
600147
600148
600149
600150
600151
600152
600153
600154
600155
600156
600157
600158
600159
600160
600161
600162
600163
600164
600165
600166
600167
600168
600169
600170
600171
600172
600173
600174
600175
600176
600177
600178
600179
600180
600181
600182
600183
600184
600185
600186
600187
600188
600189
600190
600191
600192
600193
600194
600195
600196
600197
600198
600199
600200
600201
600202
600203
600204
600205
600206
600207
600208
600209
600210
600211
600212
600213
600214
600215
600216
600217
600218
600219
600220
600221
600222
600223
600224
600225
600226
600227
600228
600229
600230
600231
600232
600233
600234
600235
600236
600237
600238
600239
600240
600241
600242
600243
600244
600245
600246
600247
600248
600249
600250
600251
600252
600253
600254
600255
600256
600257
600258
600259
600260
600261
600262
600263
600264
600265
600266
600267
600268
600269
600270
600271
600272
600273
600274
600275
600276
600277
600278
600279
600280
600281
600282
600283
600284
600285
600286
600287
600288
600289
600290
600291
600292
600293
600294
600295
600296
600297
600298
600299
600300
600301
600302
600303
600304
600305
600306
600307
600308
600309
600310
600311
600312
600313
600314
600315
600316
600317
600318
600319
600320
600321
600322
600323
600324
600325
600326
600327
600328
600329
600330
600331
600332
600333
600334
600335
600336
600337
600338
600339
600340
600341
600342
600343
600344
600345
600346
600347
600348
600349
600350
600351
600352
600353
600354
600355
600356
600357
600358
600359
600360
600361
600362
600363
600364
600365
600366
600367
600368
600369
600370
600371
600372
600373
600374
600375
600376
600377
600378
600379
600380
600381
600382
600383
600384
600385
600386
600387
600388
600389
600390
600391
600392
600393
600394
600395
600396
600397
600398
600399
600400
600401
600402
600403
600404
600405
600406
600407
600408
600409
600410
600411
600412
600413
600414
600415
600416
600417
600418
600419
600420
600421
600422
600423
600424
600425
600426
600427
600428
600429
600430
600431
600432
