425644
425645
425646
425647
425648
425649
425650
425651
425652
425653
425654
425655
425656
425657
425658
425659
425660
425661
425662
425663
425664
425665
425666
425667
425668
425669
425670
425671
425672
425673
425674
425675
425676
425677
425678
425679
425680
425681
425682
425683
425684
425685
425686
425687
425688
425689
425690
425691
425692
425693
425694
425695
425696
425697
425698
425699
425700
425701
425702
425703
425704
425705
425706
425707
425708
425709
425710
425711
425712
425713
425714
425715
425716
425717
425725
425728
425729
425736
425740
425743
425747
425748
425756
425758
425759
425763
425764
425766
425767
425768
425769
425770
425771
425772
425773
425774
425775
425776
425777
425778
425779
425780
425781
425782
425783
425784
425785
425786
425787
425788
425789
425790
425791
425792
425793
425794
425795
425796
425797
425798
425799
425800
425801
425802
425803
425804
425805
425806
425807
425808
425809
425810
425811
425812
425813
425814
425815
425816
425817
425818
425819
425820
425821
425822
425823
425824
425825
425826
425827
425828
425829
425830
425831
425832
425833
425834
425835
425836
425837
425838
425839
425840
425841
425842
425843
425844
425845
425846
425847
425848
425849
425850
425851
425852
425853
425854
425855
425856
425857
425858
425859
425860
425861
425862
425863
425864
425865
425866
425867
425868
425869
425870
425871
425872
425873
425874
425875
425876
425877
425878
425879
425880
425881
425882
425883
425884
425885
425886
425887
425888
425889
425890
425891
425892
425893
425894
425895
425896
425897
425898
425899
425900
425901
425902
425903
425904
425905
425906
425907
425908
425909
425910
425911
425912
425913
425914
425915
425916
425917
425918
425919
425920
425921
425922
425923
425924
425925
425926
425927
425928
425929
425930
425931
425932
425933
425934
425935
425936
425937
425938
425939
425940
425941
425942
425943
425944
425945
425946
425947
425948
425949
425950
425951
425952
425953
425954
425955
425956
425957
425958
425959
425960
425961
425962
425963
425964
425965
425966
425967
425968
425969
425970
425971
425972
425973
425974
425975
425976
425977
425978
425979
425980
425981
425982
425983
425984
425985
425986
425987
425988
425989
425990
425991
425992
425993
425994
425995
425996
425997
425998
425999
426000
426001
426002
426003
426004
426005
426006
426007
426008
426009
426010
426011
426012
426013
426014
426015
426016
426017
426018
426019
426020
426021
426022
426023
426024
426025
426026
426027
426028
426029
426030
426031
426032
426033
426034
426035
426036
426037
426038
426039
426040
426041
426042
426043
426044
426045
426046
426047
426048
426049
426050
426051
426052
426053
426054
426055
426056
426057
426058
426059
426060
426061
426062
426063
426064
426065
426066
426067
426068
426069
426070
426071
426072
426073
426074
426075
426076
426077
426078
426079
426080
426081
426082
426083
426084
426085
426086
426087
426088
426089
426090
426091
426092
426093
426094
426095
426096
426097
426098
426099
426100
426101
426102
426103
426104
426105
426106
426107
426108
426109
426110
426111
426112
426113
426114
426115
426116
426117
426118
426119
426120
426121
426122
426123
426124
426125
426126
426127
426128
426129
426130
426131
426132
426133
426134
426135
426136
426137
426138
426139
426140
426141
426142
426143
426144
426145
426146
426147
426148
426149
426150
426151
426152
426153
426154
426155
426156
426157
426158
426159
426160
426161
426162
426163
426164
426165
426166
426167
426168
426169
426170
426171
426172
426173
426174
426175
426176
426177
426178
426179
426180
426181
426182
426183
426184
426185
426186
426187
426188
426189
426190
426191
426192
426193
426194
426195
426196
426197
426198
426199
426200
426201
426202
426203
426204
426205
426206
426207
426208
426209
426210
426211
426212
426213
426214
426215
426216
426217
426218
426219
426220
426221
426222
426223
426224
426225
426226
426227
426228
426229
426230
426231
426232
426233
426234
426235
426236
426237
426238
426239
426240
426241
426242
426243
426244
426245
426246
426247
426248
426249
426250
426251
426252
426253
426254
426255
426256
426257
426258
426259
426260
426261
426262
426263
426264
426265
426266
426267
426268
426269
426270
426271
426272
426273
426274
426275
426276
426277
426278
426279
426280
426281
426282
426283
426284
426285
426286
426287
426288
426289
426290
426291
426292
426293
426294
426295
426296
426297
426298
426299
426300
426301
426302
426303
426304
426305
426306
426307
426308
426309
426310
426311
426312
426313
426314
426315
426316
426317
426318
426319
426320
426321
426322
426323
426324
426325
426326
426327
426328
426329
426330
426331
426332
426333
426334
426335
426336
426337
426338
426339
426340
426341
426342
426343
426344
426345
426346
426347
426348
426349
426350
426351
426352
426353
426354
426355
426356
426357
426358
426359
426360
426361
426362
426363
426364
426365
426366
426367
426368
426369
426370
426371
426372
426373
426374
426375
426376
426377
426378
426379
426380
426381
426382
426383
426384
426385
426386
426387
426388
426389
426390
426391
426392
426393
426394
426395
426396
426397
426398
426399
426400
426401
426402
426403
426404
426405
426406
426407
426408
426409
426410
426411
426412
426413
426414
426415
426416
426417
426418
426419
426420
426421
426422
426423
426424
426425
426426
426427
426428
426429
426430
426431
426432
426433
426434
426435
426436
426437
426438
426439
426440
426441
426442
426443
426444
426445
426446
426447
426448
426449
426450
426451
426452
426453
426454
426455
426456
426457
426458
426459
426460
426461
426462
426463
426464
426465
426466
426467
426468
426469
426470
426471
426472
426473
426474
426475
426476
426477
426478
426479
426480
426481
426482
426483
426484
426485
426486
426487
426488
426489
426490
426491
426492
426493
426494
426495
426496
426497
426498
426499
426500
426501
426502
426503
426504
426505
426506
426507
426508
426509
426510
426511
426512
426513
426514
426515
426516
426517
426518
426519
426520
426521
426522
426523
426524
426525
426526
426527
426528
426529
426530
426531
426532
426533
426534
426535
426536
426537
426538
426539
426540
426541
426542
426543
426544
426545
426546
426547
426548
426549
426550
426551
426552
426553
426554
426555
426556
426557
426558
426559
426560
426561
426562
426563
426564
426565
426566
426567
426568
426569
426570
426571
426572
426573
426574
426575
426576
426577
426578
426579
426580
426581
426582
426583
426584
426585
426586
426587
426588
426589
426590
426591
426592
426593
426594
426595
426596
426597
426598
426599
426600
426601
426602
426603
426604
426605
426606
426607
426608
426609
426610
426611
426612
426613
426614
426615
426616
426617
426618
426619
426620
426621
426622
426623
426624
426625
426626
426627
426628
426629
426630
426631
426632
426633
426634
426635
426636
426637
426638
426639
426640
426641
426642
426643
426644
426645
426646
426647
426648
426649
426650
426651
426652
426653
426654
426655
426656
426657
426658
426659
426660
426661
426662
426663
426664
426665
426666
426667
426668
426669
426670
426671
426672
426673
426674
426675
426676
426677
426678
426679
426680
426681
426682
426683
426684
426685
426686
426687
426688
426689
426690
426691
426692
426693
426694
426695
426696
426697
426698
426699
426700
426701
426702
426703
426704
426705
426706
426707
426708
426709
426710
426711
426712
426713
426714
426715
426716
426717
426718
426719
426720
426721
426722
426723
426724
426725
426726
426727
426728
426729
426730
426731
426732
426733
426734
426735
426736
426737
426738
426739
426740
426741
426742
426743
426744
426745
426746
426747
426748
426749
426750
426751
426752
426753
426754
426755
426756
426757
426758
426759
426760
426761
426762
426763
426764
426765
426766
426767
426768
426769
426770
426771
426772
426773
426774
426775
426776
426777
426778
426779
426780
426781
426782
426783
426784
426785
426786
426787
426788
426789
426790
426791
426792
426793
426794
426795
426796
426797
426798
426799
426800
426801
426802
426803
426804
426805
426806
426807
426808
426809
426810
426811
426812
426813
426814
426815
426816
426817
426818
426819
426820
426821
426822
426823
426824
426825
426826
426827
426828
426829
426830
426831
426832
426833
426834
426835
426836
426837
426838
426839
426840
426841
426842
426843
426844
426845
426846
426847
426848
426849
426850
426851
426852
426853
426854
426855
426856
426857
426858
426859
426860
426861
426862
426863
426864
426865
426866
426867
426868
426869
426870
426871
426872
426873
426874
426875
426876
426877
426878
426879
426880
426881
426882
426883
426884
426885
426886
426887
426888
426889
426890
426891
426892
426893
426894
426895
426896
426897
426898
426899
426900
426901
426902
426903
426904
426905
426906
426907
426908
426909
426910
426911
426912
426913
426914
426915
426916
426917
426918
426919
426920
426921
426922
426923
426924
426925
426926
426927
426928
426929
426930
426931
426932
426933
426934
426935
426936
426937
426938
426939
426940
426941
426942
426943
426944
426945
426946
426947
426948
426949
426950
426951
426952
426953
426954
426955
426956
426957
426958
426959
426960
426961
426962
426963
426964
426965
426966
426967
426968
426969
426970
426971
426972
426973
426974
426975
426976
426977
426978
426979
426980
426981
426982
426983
426984
426985
426986
426987
426988
426989
426990
426991
426992
426993
426994
426995
426996
426997
426998
426999
427000
427001
427002
427003
427004
427005
427006
427007
427008
427009
427010
427011
427012
427013
427014
427015
427016
427017
427018
427019
427020
427021
427022
427023
427024
427025
427026
427027
427028
427029
427030
427031
427032
427033
427034
427035
427036
427037
427038
427039
427040
427041
427042
427043
427044
427045
427046
427047
427048
427049
427050
427051
427052
427053
427054
427055
427056
427057
427058
427059
427060
427061
427062
427063
427064
427065
427066
427067
427068
427069
427070
427071
427072
427073
427074
427075
427076
427077
427078
427079
427080
427081
427082
427083
427084
427085
427086
427087
427088
427089
427090
427091
427092
427093
427094
427095
427096
427097
427098
427099
427100
427101
427102
427103
427104
427105
427106
427107
427108
427109
427110
427111
427112
427113
427114
427115
427116
427117
427118
427119
427120
427121
427122
427123
427124
427125
427126
427127
427128
427129
427130
427131
427132
427133
427134
427135
427136
427137
427138
427139
427140
427141
427142
427143
427144
427145
427146
427147
427148
427149
427150
427151
427152
427153
427154
427155
427156
427157
427158
427159
427160
427161
427162
427163
427164
427165
427166
427167
427168
427169
427170
427171
427172
427173
427174
427175
427176
427177
427178
427179
427180
427181
427182
427183
427184
427185
427186
427187
427188
427189
427190
427191
427192
427193
427194
427195
427196
427197
427198
427199
427200
427201
427202
427203
427204
427205
427206
427207
427208
427209
427210
427211
427212
427213
427214
427215
427216
427217
427218
427219
427220
427221
427222
427223
427224
427225
427226
427227
427228
427229
427230
427231
427232
427233
427234
427235
427236
427237
427238
427239
427240
427241
427242
427243
427244
427245
427246
427247
427248
427249
427250
427251
427252
427253
427254
427255
427256
427257
427258
427259
427260
427261
427262
427263
427264
427265
427266
427267
427268
427269
427270
427271
427272
427273
427274
427275
427276
427277
427278
427279
427280
427281
427282
427283
427284
427285
427286
427287
427288
427289
427290
427291
427292
427293
427294
427295
427296
427297
427298
427299
427300
427301
427302
427303
427304
427305
427306
427307
427308
427309
427310
427311
427312
427313
427314
427315
427316
427317
427318
427319
427320
427321
427322
427323
427324
427325
427326
427327
427328
427329
427330
427331
427332
427333
427334
427335
427336
427337
427338
427339
427340
427341
427342
427343
427344
427345
427346
427347
427348
427349
427350
427351
427352
427353
427354
427355
427356
427357
427358
427359
427360
427361
427362
427363
427364
427365
427366
427367
427368
427369
427370
427371
427372
427373
427374
427375
427376
427377
427378
427379
427380
427381
427382
427383
427384
427385
427386
427387
427388
427389
427390
427391
427392
427393
427394
427395
427396
427397
427398
427399
427400
427401
427402
427403
427404
427405
427406
427407
427408
427409
427410
427411
427412
427413
427414
427415
427416
427417
427418
427419
427420
427421
427422
427423
427424
427425
427426
427427
427428
427429
427430
427431
427432
427433
427434
427435
427436
427437
427438
427439
427440
427441
427442
427443
427444
427445
427446
427447
427448
427449
427450
427451
427452
427453
427454
427455
427456
427457
427458
427459
427460
427461
427462
427463
427464
427465
427466
427467
427468
427469
427470
427471
427472
427473
427474
427475
427476
427477
427478
427479
427480
427481
427482
427483
427484
427485
427486
427487
427488
427489
427490
427491
427492
427493
427494
427495
427496
427497
427498
427499
427500
427501
427502
427503
427504
427505
427506
427507
427508
427509
427510
427511
427512
427513
427514
427515
427516
427517
427518
427519
427520
427521
427522
427523
427524
427525
427526
427527
427528
427529
427530
427531
427532
427533
427534
427535
427536
427537
427538
427539
427540
427541
427542
427543
427544
427545
427546
427547
427548
427549
427550
427551
427552
427553
427554
427555
427556
427557
427558
427559
427560
427561
427562
427563
427564
427565
427566
427567
427568
427569
427570
427571
427572
427573
427574
427575
427576
427577
427578
427579
427580
427581
427582
427583
427584
427585
427586
427587
427588
427589
427590
427591
427592
427593
427594
427595
427596
427597
427598
427599
427600
427601
427602
427603
427604
427605
427606
427607
427608
427609
427610
427611
427612
427613
427614
427615
427616
427617
427618
427619
427620
427621
427622
427623
427624
427625
427626
427627
427628
427629
427630
427631
427632
427633
427634
427635
427636
427637
427638
427639
427640
427641
427642
427643
427644
427645
427646
427647
427648
427649
427650
427651
427652
427653
427654
427655
427656
427657
427658
427659
427660
427661
427662
427663
427664
427665
427666
427667
427668
427669
427670
427671
427672
427673
427674
427675
427676
427677
427678
427679
427680
427681
427682
427683
427684
427685
427686
427687
427688
427689
427690
427691
427692
427693
427694
427695
427696
427697
427698
427699
427700
427701
427702
427703
427704
427705
427706
427707
427708
427709
427710
427711
427712
427713
427714
427715
427716
427717
427718
427719
427720
427721
427722
427723
427724
427725
427726
427727
427728
427729
427730
427731
427732
427733
427734
427735
427736
427737
427738
427739
427740
427741
427742
427743
427744
427745
427746
427747
427748
427749
427750
427751
427752
427753
427754
427755
427756
427757
427758
427759
427760
427761
427762
427763
427764
427765
427766
427767
427768
427769
427770
427771
427772
427773
427774
427775
427776
427777
427778
427779
427780
427781
427782
427783
427784
427785
427786
427787
427788
427789
427790
427791
427792
427793
427794
427795
427796
427797
427798
427799
427800
427801
427802
427803
427804
427805
427806
427807
427808
427809
427810
427811
427812
427813
427814
427815
427816
427817
427818
427819
427820
427821
427822
427823
427824
427825
427826
427827
427828
427829
427830
427831
427832
427833
427834
427835
427836
427837
427838
427839
427840
427841
427842
427843
427844
427845
427846
427847
427848
427849
427850
427851
427852
427853
427854
427855
427856
427857
427858
427859
427860
427861
427862
427863
427864
427865
427866
427867
427868
427869
427870
427871
427872
427873
427874
427875
427876
427877
427878
427879
427880
427881
427882
427883
427884
427885
427886
427887
427888
427889
427890
427891
427892
427893
427894
427895
427896
427897
427898
427899
427900
427901
427902
427903
427904
427905
427906
427907
427908
427909
427910
427911
427912
427913
427914
427915
427916
427917
427918
427919
427920
427921
427922
427923
427924
427925
427926
427927
427928
427929
427930
427931
427932
427933
427934
427935
427936
427937
427938
427939
427940
427941
427942
427943
427944
427945
427946
427947
427948
427949
427950
427951
427952
427953
427954
427955
427956
427957
427958
427959
427960
427961
427962
427963
427964
427965
427966
427967
427968
427969
427970
427971
427972
427973
427974
427975
427976
427977
427978
427979
427980
427981
427982
427983
427984
427985
427986
427987
427988
427989
427990
427991
427992
427993
427994
427995
427996
427997
427998
427999
428000
428001
428002
428003
428004
428005
428006
428007
428008
428009
428010
428011
428012
428013
428014
428015
428016
428017
428018
428019
428020
428021
428022
428023
428024
428025
428026
428027
428028
428029
428030
428031
428032
428033
428034
428035
428036
428037
428038
428039
428040
428041
428042
428043
428044
428045
428046
428047
428048
428049
428050
428051
428052
428053
428054
428055
428056
428057
428058
428059
428060
428061
428062
428063
428064
428065
428066
428067
428068
428069
428070
428071
428072
428073
428074
428075
428076
428077
428078
428079
428080
428081
428082
428083
428084
428085
428086
428087
428088
428089
428090
428091
428092
428093
428094
428095
428096
428097
428098
428099
428100
428101
428102
428103
428104
428105
428106
428107
428108
428109
428110
428111
428112
428113
428114
428115
428116
428117
428118
428119
428120
428121
428122
428123
428124
428125
428126
428127
428128
428129
428130
428131
428132
428133
428134
428135
428136
428137
428138
428139
428140
428141
428142
428143
428144
428145
428146
428147
428148
428149
428150
428151
428152
428153
428154
428155
428156
428157
428158
428159
428160
428161
428162
428163
428164
428165
428166
428167
428168
428169
428170
428171
428172
428173
428174
428175
428176
428177
428178
428179
428180
428181
428182
428183
428184
428185
428186
428187
428188
428189
428190
428191
428192
428193
428194
428195
428196
428197
428198
428199
428200
428201
428202
428203
428204
428205
428206
428207
428208
428209
428210
428211
428212
428213
428214
428215
428216
428217
428218
428219
428220
428221
428222
428223
428224
428225
428226
428227
428228
428229
428230
428231
428232
428233
428234
428235
428236
428237
428238
428239
428240
428241
428242
428243
428244
428245
428246
428247
428248
428249
428250
428251
428252
428253
428254
428255
428256
428257
428258
428259
428260
428261
428262
428263
428264
428265
428266
428267
428268
428269
428270
428271
428272
428273
428274
428275
428276
428277
428278
428279
428280
428281
428282
428284
428285
428286
428287
428288
428289
428290
428291
428292
428293
428294
428295
428296
428297
428299
428301
428302
428303
428304
428305
428306
428307
428308
428309
428310
428311
428312
428313
428314
428315
428316
428317
428318
428319
428320
428321
428322
428323
428324
428325
428326
428327
428328
428329
428330
428331
428332
428333
428334
428335
428336
428337
428338
428339
428340
428341
428342
428343
428344
428345
428346
428348
428349
428350
428351
428352
428353
428354
428355
428356
428357
428358
428359
428360
428361
428362
428363
428364
428365
428366
428367
428368
428369
428370
428371
428372
