558182
558183
558184
558185
558186
558187
558188
558189
558190
558191
558192
558193
558194
558195
558196
558197
558198
558199
558200
558201
558202
558203
558204
558205
558206
558207
558208
558209
558210
558211
558212
558213
558214
558215
558216
558217
558218
558219
558220
558221
558222
558223
558224
558225
558226
558227
558228
558229
558230
558231
558232
558233
558234
558235
558236
558237
558238
558239
558240
558241
558242
558243
558244
558245
558246
558247
558248
558249
558250
558251
558252
558253
558254
558255
558256
558257
558258
558259
558260
558261
558262
558263
558264
558265
558266
558267
558268
558269
558270
558271
558272
558273
558274
558275
558276
558277
558278
558279
558280
558281
558282
558283
558284
558285
558286
558287
558288
558289
558290
558291
558292
558293
558294
558295
558296
558297
558298
558299
558300
558301
558302
558303
558304
558305
558306
558307
558308
558309
558310
558311
558312
558313
558314
558315
558316
558317
558318
558319
558320
558321
558322
558323
558324
558325
558326
558327
558328
558329
558330
558331
558332
558333
558334
558335
558336
558337
558338
558339
558340
558341
558342
558343
558344
558345
558346
558347
558348
558349
558350
558351
558352
558353
558354
558355
558356
558357
558358
558359
558360
558361
558362
558363
558364
558365
558366
558367
558368
558369
558370
558371
558372
558373
558374
558375
558376
558377
558378
558379
558380
558381
558382
558383
558384
558385
558386
558387
558388
558389
558390
558391
558392
558393
558394
558395
558396
558397
558398
558399
558400
558401
558402
558403
558404
558405
558406
558407
558408
558409
558410
558411
558412
558413
558414
558415
558416
558417
558418
558419
558420
558421
558422
558423
558424
558425
558426
558427
558428
558429
558430
558431
558432
558433
558434
558435
558436
558437
558438
558439
558440
558441
558442
558443
558444
558445
558446
558447
558448
558449
558450
558451
558452
558453
558454
558455
558456
558457
558458
558459
558460
558461
558462
558463
558464
558465
558466
558467
558468
558469
558470
558471
558472
558473
558474
558475
558476
558477
558478
558479
558480
558481
558482
558483
558484
558485
558486
558487
558488
558489
558490
558491
558492
558493
558494
558495
558496
558497
558498
558499
558500
558501
558502
558503
558504
558505
558506
558507
558508
558509
558510
558511
558512
558513
558514
558515
558516
558517
558518
558519
558520
558521
558522
558523
558524
558525
558526
558527
558528
558529
558530
558531
558532
558533
558534
558535
558536
558537
558538
558539
558540
558541
558542
558543
558544
558545
558546
558547
558548
558549
558550
558551
558552
558553
558554
558555
558556
558557
558558
558559
558560
558561
558562
558563
558564
558565
558566
558567
558568
558569
558570
558571
558572
558573
558574
558575
558576
558577
558578
558579
558580
558581
558582
558583
558584
558585
558586
558587
558588
558589
558590
558591
558592
558593
558594
558595
558596
558597
558598
558599
558600
558601
558602
558603
558604
558605
558606
558607
558608
558609
558610
558611
558612
558613
558614
558615
558616
558617
558618
558619
558620
558621
558622
558623
558624
558625
558626
558627
558628
558629
558630
558631
558632
558633
558634
558635
558636
558637
558638
558639
558640
558641
558642
558643
558644
558645
558646
558647
558648
558649
558650
558651
558652
558653
558654
558655
558656
558657
558658
558659
558660
558661
558662
558663
558664
558665
558666
558667
558668
558669
558670
558671
558672
558673
558674
558675
558676
558677
558678
558679
558680
558681
558682
558683
558684
558685
558686
558687
558688
558689
558690
558691
558692
558693
558694
558695
558696
558697
558698
558699
558700
558701
558702
558703
558704
558705
558706
558707
558708
558709
558710
558711
558712
558713
558714
558715
558716
558717
558718
558719
558720
558721
558722
558723
558724
558725
558726
558727
558728
558729
558730
558731
558732
558733
558734
558735
558736
558737
558738
558739
558740
558741
558742
558743
558744
558745
558746
558747
558748
558749
558750
558751
558752
558753
558754
558755
558756
558757
558758
558759
558760
558761
558762
558763
558764
558765
558766
558767
558768
558769
558770
558771
558772
558773
558774
558775
558776
558777
558778
558779
558780
558781
558782
558783
558784
558785
558786
558787
558788
558789
558790
558791
558792
558793
558794
558795
558796
558797
558798
558799
558800
558801
558802
558803
558804
558805
558806
558807
558808
558809
558810
558811
558812
558813
558814
558815
558816
558817
558818
558819
558820
558821
558822
558823
558824
558825
558826
558827
558828
558829
558830
558831
558832
558833
558834
558835
558836
558837
558838
558839
558840
558841
558842
558843
558844
558845
558846
558847
558848
558849
558850
558851
558852
558853
558854
558855
558856
558857
558858
