744587
744588
744589
744590
744591
744592
744593
744594
744595
744596
744597
744598
744599
744600
744601
744602
744603
744604
744605
744606
744607
744608
744609
744610
744611
744612
744613
744614
744615
744616
744617
744618
744619
744620
744621
744622
744623
744624
744625
744626
744627
744628
744629
744630
744631
744632
744633
744634
744635
744636
744637
744638
744639
744640
744641
744642
744643
744644
744645
744646
744647
744648
744649
744650
744651
744652
744653
744654
744655
744656
744657
744658
744659
744660
744661
744662
744663
744664
744665
744666
744667
744668
744669
744670
744671
744672
744673
744674
744675
744676
744677
744678
744679
744680
744681
744682
744683
744684
744685
744686
744687
744688
744689
744690
744691
744692
744693
744694
744695
744696
744697
744698
744699
744700
744701
744702
744703
744704
744705
744706
744707
744708
744709
744710
744711
744712
744713
744714
744715
744716
744717
744718
744719
744720
744721
744722
744723
744724
744725
744726
744727
744728
744729
744730
744731
744732
744733
744734
744735
744736
744737
744738
744739
744740
744741
744742
744743
744744
744745
744746
744747
744748
744749
744750
744751
744752
744753
744754
744755
744756
744757
744758
744759
744760
744761
744762
744763
744764
744765
744766
744767
744768
744769
744770
744771
744772
744773
744774
744775
744776
744777
744778
744779
744780
744781
744782
744783
744784
744785
744786
744787
744788
744789
744790
744791
744792
744793
744794
744795
744796
744797
744798
744799
744800
744801
744802
744803
744804
744805
744806
744807
744808
744809
744810
744811
744812
744813
744814
744815
744816
744817
744818
744819
744820
744821
744822
744823
744824
744825
744826
744827
744828
744829
744830
744831
744832
744833
744834
744835
744836
744837
744838
744839
744840
744841
744842
744843
744844
744845
744846
744847
744848
744849
744850
744851
744852
744853
744854
744855
744856
744857
744858
744859
744860
744861
744862
744863
744864
744865
744866
744867
744868
744869
744870
744871
744872
744873
744874
744875
744876
744877
744878
744879
744880
744881
744882
744883
744884
744885
744886
744887
744888
744889
744890
744891
744892
744893
744894
744895
744896
744897
744898
744899
744900
744901
744902
744903
744904
744905
744906
744907
744908
744909
744910
744911
744912
744913
744914
744915
744916
744917
744918
744919
744920
744921
744922
744923
744924
744925
744926
744927
744928
744929
744930
744931
744932
744933
744934
744935
744936
744937
744938
744939
744940
744941
744942
744943
744944
744945
744946
744947
744948
744949
744950
744951
744952
744953
744954
744955
744956
744957
744958
744959
744960
744961
744962
744963
744964
744965
744966
744967
744968
744969
744970
744971
744972
744973
744974
744975
744976
744977
744978
744979
744980
744981
744982
744983
744984
744985
744986
744987
744988
744989
744990
744991
744992
744993
744994
744995
744996
744997
744998
744999
745000
745001
745002
745003
745004
745005
745006
745007
745008
745009
745010
745011
745012
745013
745014
745015
745016
745017
745018
745019
745020
745021
745022
745023
745024
745025
745026
745027
745028
745029
745030
745031
745032
745033
745034
745035
745036
745037
745038
745039
745040
745041
745042
745043
745044
745045
745046
745047
745048
745049
745050
745051
745052
745053
745054
745055
745056
745057
745058
745059
745060
745061
745062
745063
745064
745065
745066
745067
745068
745069
745070
745071
745072
745073
745074
745075
745076
745077
745078
745079
745080
745081
745082
745083
745084
745085
745086
745087
745088
745089
745090
745091
745092
745093
745094
745095
745096
745097
745098
745099
745100
745101
745102
745103
745104
745105
745106
745107
745108
745109
745110
745111
745112
745113
745114
745115
745116
745117
745118
745119
745120
745121
745122
745123
745124
745125
745126
745127
745128
745129
745130
745131
745132
745133
745134
745135
745136
745137
745138
745139
745140
745141
745142
745143
745144
745145
745146
745147
745148
745149
745150
745151
745152
745153
745154
745155
745156
745157
745158
745159
745160
745161
745162
745163
745164
745165
745166
745167
745168
745169
745170
745171
745172
745173
745174
745175
745176
745177
745178
745179
745180
745181
745182
745183
745184
745185
745186
745187
745188
745189
745190
745191
745192
745193
745194
745195
745196
745197
745198
745199
745200
745201
745202
745203
745204
745205
745206
745207
745208
745209
745210
745211
745212
745213
745214
745215
745216
745217
745218
745219
745220
745221
745222
745223
745224
745225
745226
745227
745228
745229
745230
745231
745232
745233
745234
745235
745236
745237
745238
745239
745240
745241
745242
745243
745244
745245
745246
745247
745248
745249
745250
745251
745252
745253
745254
745255
745256
745257
745258
745259
745260
745261
745262
745263
745264
745265
745266
745267
745268
745269
745270
745271
745272
745273
745274
745275
745276
745277
745278
745279
745280
745281
745282
745283
745284
745285
745286
745287
745288
745289
745290
745291
745292
745293
745294
745295
745296
745297
745298
745299
745300
745301
745302
745303
745304
745305
745306
745307
745308
745309
745310
745311
745312
745313
745314
745315
745316
745317
745318
745319
745320
745321
745322
745323
745324
745325
745326
745327
745328
745329
745330
745331
745332
745333
745334
745335
745336
745337
745338
745339
745340
745341
745342
745343
745344
745345
745346
745347
745348
745349
745350
745351
745352
745353
745354
745355
745356
745357
745358
745359
745360
745361
745362
745363
745364
745365
745366
745367
745368
745369
745370
745371
745372
745373
745374
745375
745376
745377
745378
745379
745380
745381
745382
745383
745384
745385
745386
745387
745388
745389
745390
745391
745392
745393
745394
745395
745396
745397
745398
745399
745400
745401
745402
745403
745404
745405
745406
745407
745408
745409
745410
745411
745412
745413
745414
745415
745416
745417
745418
745419
745420
745421
745422
745423
745424
745425
745426
745427
745428
745429
745430
745431
745432
745433
745434
745435
745436
745437
745438
745439
745440
745441
745442
745443
745444
745445
745446
745447
745448
745449
745450
745451
745452
745453
745454
745455
745456
745457
745458
745459
745460
745461
745462
745463
745464
745465
745466
745467
745468
745469
745470
745471
745472
745473
745474
745475
745476
745477
745478
745479
745480
745481
745482
745483
745484
745485
745486
745487
745488
745489
745490
745491
745492
745493
745494
745495
745496
745497
745498
745499
745500
745501
745502
745503
745504
745505
745506
745507
745508
745509
745510
745511
745512
745513
745514
745515
745516
745517
745518
745519
745520
745521
745522
745523
745524
745525
745526
745527
745528
745529
745530
745531
745532
745533
745534
745535
745536
745537
745538
745539
745540
745541
745542
745543
745544
745545
745546
745547
745548
745549
745550
745551
745552
745553
745554
745555
745556
745557
745558
745559
745560
745561
745562
745563
745564
745565
745566
745567
745568
745569
745570
745571
745572
745573
745574
745575
745576
745577
745578
745579
745580
745581
745582
745583
745584
745585
745586
745587
745588
745589
745590
745591
745592
745593
745594
745595
745596
745597
745598
745599
745600
745601
745602
745603
745604
745605
745606
745607
745608
745609
745610
745611
745612
745613
745614
745615
745616
745617
745618
745619
745620
745621
745622
745623
745624
745625
745626
745627
745628
745629
745630
745631
745632
745633
745634
745635
745636
745637
745638
745639
745640
745641
745642
745643
745644
745645
745646
745647
745648
745649
745650
745651
745652
745653
745654
745655
745656
745657
745658
745659
745660
745661
745662
745663
745664
745665
745666
745667
745668
745669
745670
745671
745672
745673
745674
745675
745676
745677
745678
745679
745680
745681
745682
745683
745684
745685
745686
745687
745688
745689
745690
745691
745692
745693
745694
745695
745696
745697
745698
745699
745700
745701
745702
745703
745704
745705
745706
745707
745708
745709
745710
745711
745712
745713
745714
745715
745716
745717
745718
745719
745720
745721
745722
745723
745724
745725
745726
745727
745728
745729
745730
745731
745732
745733
745734
745735
745736
745737
745738
745739
745740
745741
745742
745743
745744
745745
745746
745747
745748
745749
745750
745751
745752
745753
745754
745755
745756
745757
745758
745759
745760
745761
745762
745763
745764
745765
745766
745767
745768
745769
745770
745771
745772
745773
745774
745775
745776
745777
745778
745779
745780
745781
745782
745783
745784
745785
745786
745787
745788
745789
745790
745791
745792
745793
745794
745795
745796
745797
745798
745799
745800
745801
745802
745803
745804
745805
745806
745807
745808
745809
745810
745811
745812
745813
745814
745815
745816
745817
745818
745819
745820
745821
745822
745823
745824
745825
745826
745827
745828
745829
745830
745831
745832
745833
745834
745835
745836
745837
745838
745839
745840
745841
745842
745843
745844
745845
745846
745847
745848
745849
745850
745851
745852
745853
745854
745855
745856
745857
745858
745859
745860
745861
745862
745863
745864
745865
745866
745867
745868
745869
745870
745871
745872
745873
745874
745875
745876
745877
745878
745879
745880
745881
745882
745883
745884
745885
745886
745887
745888
745889
745890
745891
745892
745893
745894
745895
745896
745897
745898
745899
745900
745901
745902
745903
745904
745905
745906
745907
745908
745909
745910
745911
745912
745913
745914
745915
745916
745917
745918
745919
745920
745921
745922
745923
745924
745925
745926
745927
745928
745929
745930
745931
745932
745933
745934
745935
745936
745937
745938
745939
745940
745941
745942
745943
745944
745945
745946
745947
745948
745949
745950
745951
745952
745953
745954
745955
745956
745957
745958
745959
745960
745961
745962
745963
745964
745965
745966
745967
745968
745969
745970
745971
745972
745973
745974
745975
745976
745977
745978
745979
745980
745981
745982
745983
745984
745985
745986
745987
745988
745989
745990
745991
745992
745993
745994
745995
745996
745997
745998
745999
746000
746001
746002
746003
746004
746005
746006
746007
746008
746009
746010
746011
746012
746013
746014
746015
746016
746017
746018
746019
746020
746021
746022
746023
746024
746025
746026
746027
746028
746029
746030
746031
746032
746033
746034
746035
746036
746037
746038
746039
746040
746041
746042
746043
746044
746045
746046
746047
746048
746049
746050
746051
746052
746053
746054
746055
746056
746057
746058
746059
746060
746061
746062
746063
746064
746065
746066
746067
746068
746069
746070
746071
746072
746073
746074
746075
746076
746077
746078
746079
746080
746081
746082
746083
746084
746085
746086
746087
746088
746089
746090
746091
746092
746093
746094
746095
746096
746097
746098
746099
746100
746101
746102
746103
746104
746105
746106
746107
746108
746109
746110
746111
746112
746113
746114
746115
746116
746117
746118
746119
746120
746121
746122
746123
746124
746125
746126
746127
746128
746129
746130
746131
746132
746133
746134
746135
746136
746137
746138
746139
746140
746141
746142
746143
746144
746145
746146
746147
746148
746149
746150
746151
746152
746153
746154
746155
746156
746157
746158
746159
746160
746161
746162
746163
746164
746165
746166
746167
746168
746169
746170
746171
746172
746173
746174
746175
746176
746177
746178
746179
746180
746181
746182
746183
746184
746185
746186
746187
746188
746189
746190
746191
746192
746193
746194
746195
746196
746197
746198
746199
746200
746201
746202
746203
746204
746205
746206
746207
746208
746209
746210
746211
746212
746213
746214
746215
746216
746217
746218
746219
746220
746221
746222
746223
746224
746225
746226
746227
746228
746229
746230
746231
746232
746233
746234
746235
746236
746237
746238
746239
746240
746241
746242
746243
746244
746245
746246
746247
746248
746249
746250
746251
746252
746253
746254
746255
746256
746257
746258
746259
746260
746261
746262
746263
746264
746265
746266
746267
746268
746269
746270
746271
746272
746273
746274
746275
746276
746277
746278
746279
746280
746281
746282
746283
746284
746285
746286
746287
746288
746289
746290
746291
746292
746293
746294
746295
746296
746297
746298
746299
746300
746301
746302
746303
746304
746305
746306
746307
746308
746309
746310
746311
746312
746313
746314
746315
746316
746317
746318
746319
746320
746321
746322
746323
746324
746325
746326
746327
746328
746329
746330
746331
746332
746333
746334
746335
746336
746337
746338
746339
746340
746341
746342
746343
746344
746345
746346
746347
746348
746349
746350
746351
746352
746353
746354
746355
746356
746357
746358
746359
746360
746361
746362
746363
746364
746365
746366
746367
746368
746369
746370
746371
746372
746373
746374
746375
746376
746377
746378
746379
746380
746381
746382
746383
746384
746385
746386
746387
746388
746389
746390
746391
746392
746393
746394
746395
746396
746397
746398
746399
746400
746401
746402
746403
746404
746405
746406
746407
746408
746409
746410
746411
746412
746413
746414
746415
746416
746417
746418
746419
746420
746421
746422
746423
746424
746425
746426
746427
746428
746429
746430
746431
746432
746433
746434
746435
746436
746437
746438
746439
746440
746441
746442
746443
746444
746445
746446
746447
746448
746449
746450
746451
746452
746453
746454
746455
746456
746457
746458
746459
746460
746461
746462
746463
746464
746465
746466
746467
746468
746469
746470
746471
746472
746473
746474
746475
746476
746477
746478
746479
746480
746481
746482
746483
746484
746485
746486
746487
746488
746489
746490
746491
746492
746493
746494
746495
746496
746497
746498
746499
746500
746501
746502
746503
746504
746505
746506
746507
746508
746509
746510
746511
746512
746513
746514
746515
746516
746517
746518
746519
746520
746521
746522
746523
746524
746525
746526
746527
746528
746529
746530
746531
746532
746533
746534
746535
746536
746537
746538
746539
746540
746541
746542
746543
746544
746545
746546
746547
746548
746549
746550
746551
746552
746553
746554
746555
746556
746557
746558
746559
746560
746561
746562
746563
746564
746565
746566
746567
746568
746569
746570
746571
746572
746573
746574
746575
746576
746577
746578
746579
746580
746581
746582
746583
746584
746585
746586
746587
746588
746589
746590
746591
746592
746593
746594
746595
746596
746597
746598
746599
746600
746601
746602
746603
746604
746605
746606
746607
746608
746609
746610
746611
746612
746613
746614
746615
746616
746617
746618
746619
746620
746621
746622
746623
746624
746625
746626
746627
746628
746629
746630
746631
746632
746633
746634
746635
746636
746637
746638
746639
746640
746641
746642
746643
746644
746645
746646
746647
746648
746649
746650
746651
746652
746653
746654
746655
746656
746657
746658
746659
746660
746661
746662
746663
746664
746665
746666
746667
746668
746669
746670
746671
746672
746673
746674
746675
746676
746677
746678
746679
746680
746681
746682
746683
746684
746685
746686
746687
746688
746689
746690
746691
746692
746693
746694
746695
746696
746697
746698
746699
746700
746701
746702
746703
746704
746705
746706
746707
746708
746709
746710
746711
746712
746713
746714
746715
746716
746717
746718
746719
746720
746721
746722
746723
746724
746725
746726
746727
746728
746729
746730
746731
746732
746733
746734
746735
746736
746737
746738
746739
746740
746741
746742
746743
746744
746745
746746
746747
746748
746749
746750
746751
746752
746753
746754
746755
746756
746757
746758
746759
746760
746761
746762
746763
746764
746765
746766
746767
746768
746769
746770
746771
746772
746773
746774
746775
746776
746777
746778
746779
746780
746781
746782
746783
746784
746785
746786
746787
746788
746789
746790
746791
746792
746793
746794
746795
746796
746797
746798
746799
746800
746801
746802
746803
746804
746805
746806
746807
746808
746809
746810
746811
746812
746813
746814
746815
746816
746817
746818
746819
746820
746821
746822
746823
746824
746825
746826
746827
746828
746829
746830
746831
746832
746833
746834
746835
746836
746837
746838
746839
746840
746841
746842
746843
746844
746845
746846
746847
746848
746849
746850
746851
746852
746853
746854
746855
746856
746857
746858
746859
746860
746861
746862
746863
746864
746865
746866
746867
746868
746869
746870
746871
746872
746873
746874
746875
746876
746877
746878
746879
746880
746881
746882
746883
746884
746885
746886
746887
746888
746889
746890
746891
746892
746893
746894
746895
746896
746897
746898
746899
746900
746901
746902
746903
746904
746905
746906
746907
746908
746909
746910
746911
746912
746913
746914
746915
746916
746917
746918
746919
746920
746921
746922
746923
746924
746925
746926
746927
746928
746929
746930
746931
746932
746933
746934
746935
746936
746937
746938
746939
746940
746941
746942
746943
746944
746945
746946
746947
746948
746949
746950
746951
746952
746953
746954
746955
746956
746957
746958
746959
746960
746961
746962
746963
746964
746965
746966
746967
746968
746969
746970
746971
746972
746973
746974
746975
746976
746977
746978
746979
746980
746981
746982
746983
746984
746985
746986
746987
746988
746989
746990
746991
746992
746993
746994
746995
746996
746997
746998
746999
747000
747001
747002
747003
747004
747005
747006
747007
747008
747009
747010
747011
747012
747013
747014
747015
747016
747017
747018
747019
747020
747021
747022
747023
747024
747025
747026
747027
747028
747029
747030
747031
747032
747033
747034
747035
747036
747037
747038
747039
747040
747041
747042
747043
747044
747045
747046
747047
747048
747049
747050
747051
747052
747053
747054
747055
747056
747057
747058
747059
747060
747061
747062
747063
747064
747065
747066
747067
747068
747069
747070
747071
747072
747073
747074
747075
747076
747077
747078
747079
747080
747081
747082
747083
747084
747085
747086
747087
747088
747089
747090
747091
747092
747093
747094
747095
747096
747097
747098
747099
747100
747101
747102
747103
747104
747105
747106
747107
747108
747109
747110
747111
747112
747113
747114
747115
747116
747117
747118
747119
747120
747121
747122
747123
747124
747125
747126
747127
747128
747129
747130
747131
747132
747133
747134
747135
747136
747137
747138
747139
747140
747141
747142
747143
747144
747145
747146
747147
747148
747149
747150
747151
747152
747153
747154
747155
747156
747157
747158
747159
747160
747161
747162
747163
747164
747165
747166
747167
747168
747169
747170
747171
747172
747173
747174
747175
747176
747177
747178
747179
747180
747181
747182
747183
747184
747185
747186
747187
747188
747189
747190
747191
747192
747193
747194
747195
747196
747197
747198
747199
747200
747201
747202
747203
747204
747205
747206
747207
747208
747209
747210
747211
747212
747213
747214
747215
747216
747217
747218
747219
747220
747221
747222
747223
747224
747225
747226
747227
747228
747229
747230
747231
747232
747233
747234
747235
747236
747237
747238
747239
747240
747241
747242
747243
747244
747245
747246
747247
747248
747249
747250
747251
747252
747253
747254
747255
747256
747257
747258
747259
747260
747261
747262
747263
747264
747265
747266
747267
747268
747269
747270
747271
747272
747273
747274
747275
747276
747277
747278
747279
747280
747281
747282
747283
747284
747285
747286
747287
747288
747289
747290
747291
747292
747293
747294
747295
747296
747297
747298
747299
747300
747301
747302
747303
747304
747305
747306
747307
747308
747309
747310
747311
747312
747313
747314
747315
747316
747317
747318
747319
747320
747321
747322
747323
747324
747325
747326
747327
747328
747329
747330
747331
747332
747333
747334
747335
747336
747337
747338
747339
747340
747341
747342
747343
747344
747345
747346
747347
747348
747349
747350
747351
747352
747353
747354
747355
747356
747357
747358
747359
747360
747361
747362
747363
747364
747365
747366
747367
747368
747369
747370
747371
747372
747373
747374
747375
747376
747377
747378
747379
747380
747381
747382
747383
747384
747385
747386
747387
747388
747389
747390
747391
747392
747393
747394
747395
747396
747397
747398
747399
747400
747401
747402
747403
747404
747405
747406
747407
747408
747409
747410
747411
747412
747413
747414
747415
747416
747417
747418
747419
747420
747421
747422
747423
747424
747425
747426
747427
747428
747429
747430
747431
747432
747433
747434
747435
747436
747437
747438
747439
747440
747441
747442
747443
747444
747445
747446
747447
747448
747449
747450
747451
747452
747453
747454
747455
747456
747457
747458
747459
747460
747461
747462
747463
747464
747465
747466
747467
747468
747469
747470
747471
747472
747473
747474
747475
747476
747477
747478
747479
747480
747481
747482
747483
747484
747485
747486
747487
747488
747489
747490
747491
747492
747493
747494
747495
747496
747497
747498
747499
747500
747501
747502
747503
747504
747505
747506
747507
747508
747509
747510
747511
747512
747513
747514
747515
747516
747517
747518
747519
747520
747521
747522
747523
747524
747525
747526
747527
747528
747529
747530
747531
747532
747533
747534
747535
747536
747537
747538
747539
747540
747541
747542
747543
747544
747545
747546
747547
747548
747549
747550
747551
747552
747553
747554
747555
747556
747557
747558
747559
747560
747561
747562
747563
747564
747565
747566
747567
747568
747569
747570
747571
747572
747573
747574
747575
747576
747577
747578
747579
747580
747581
747582
747583
747584
747585
747586
747587
747588
747589
747590
747591
747592
747593
747594
747595
747596
747597
747598
747599
747600
747601
747602
747603
747604
747605
747606
747607
747608
747609
747610
747611
747612
747613
747614
747615
747616
747617
747618
747619
747620
747621
747622
747623
747624
747625
747626
747627
747628
747629
747630
747631
747632
747633
747634
747635
747636
747637
747638
747639
747640
747641
747642
747643
747644
747645
747646
747647
747648
747649
747650
747651
747652
747653
747654
747655
747656
747657
747658
747659
747660
747661
747662
747663
747664
747665
747666
747667
747668
747669
747670
747671
747672
747673
747674
747675
747676
747677
747678
747679
747680
747681
747682
747683
747684
747685
747686
747687
747688
747689
747690
747691
747692
747693
747694
747695
747696
747697
747698
747699
747700
747701
747702
747703
747704
747705
747706
747707
747708
747709
747710
747711
747712
747713
747714
747715
747716
747717
747718
747719
747720
747721
747722
747723
747724
747725
747726
747727
747728
747729
747730
747731
747732
747733
747734
747735
747736
747737
747738
747739
747740
747741
747742
747743
747744
747745
747746
747747
747748
747749
747750
747751
747752
747753
747754
747755
747756
747757
747758
747759
747760
747761
747762
747763
747764
747765
747766
747767
747768
747769
747770
747771
747772
747773
747774
747775
747776
747777
747778
747779
747780
747781
747782
747783
747784
747785
747786
747787
747788
747789
747790
747791
747792
747793
747794
747795
747796
747797
747798
747799
747800
747801
747802
747803
747804
747805
747806
747807
747808
747809
747810
747811
747812
747813
747814
747815
747816
747817
747818
747819
747820
747821
747822
747823
747824
747825
747826
747827
747828
747829
747830
747831
747832
747833
747834
747835
747836
747837
747838
747839
747840
747841
747842
747843
747844
747845
747846
747847
747848
747849
747850
747851
747852
747853
747854
747855
747856
747857
747858
747859
747860
747861
747862
747863
747864
747865
747866
747867
747868
747869
747870
747871
747872
747873
747874
747875
747876
747877
747878
747879
747880
747881
747882
747883
747884
747885
747886
747887
747888
747889
747890
747891
747892
747893
747894
747895
747896
747897
747898
747899
747900
747901
747902
747903
747904
747905
747906
747907
747908
747909
747910
747911
747912
747913
747914
747915
747916
747917
747918
747919
747920
747921
747922
747923
747924
747925
747926
747927
747928
747929
747930
747931
747932
747933
747934
747935
747936
747937
747938
747939
747940
747941
747942
747943
747944
747945
747946
747947
747948
747949
747950
747951
747952
747953
747954
747955
747956
747957
747958
747959
747960
747961
747962
747963
747964
747965
747966
747967
747968
747969
747970
747971
747972
747973
747974
747975
747976
747977
747978
747979
747980
747981
747982
747983
747984
747985
747986
747987
747988
747989
747990
747991
747992
747993
747994
747995
747996
747997
747998
747999
748000
748001
748002
748003
748005
748006
748007
748008
748009
748010
748011
748012
748013
