329724
329725
329726
329727
329728
329729
329730
329731
329732
329733
329734
329735
329736
329737
329738
329739
329740
329741
329742
329743
329744
329745
329746
329747
329748
329749
329750
329751
329752
329753
329754
329755
329756
329757
329758
329759
329760
329761
329762
329763
329764
329765
329766
329767
329768
329769
329770
329771
329772
329773
329774
329775
329776
329777
329778
329779
329780
329781
329782
329783
329784
329785
329786
329787
329788
329789
329790
329791
329792
329793
329794
329795
329796
329797
329798
329799
329800
329801
329802
329803
329804
329805
329806
329807
329808
329809
329810
329811
329812
329813
329814
329815
329816
329817
329818
329819
329820
329821
329822
329823
329824
329825
329826
329827
329828
329829
329830
329831
329832
329833
329834
329835
329836
329837
329838
329839
329840
329841
329842
329843
329844
329845
329846
329847
329848
329849
329850
329851
329852
329853
329854
329855
329856
329857
329858
329859
329860
329861
329862
329863
329864
329865
329866
329867
329868
329869
329870
329871
329872
329873
329874
329875
329876
329877
329878
329879
329880
329881
329882
329883
329884
329885
329886
329887
329888
329889
329890
329891
329892
329893
329894
329895
329896
329897
329898
329899
329900
329901
329902
329903
329904
329905
329906
329907
329908
329909
329910
329911
329912
329913
329914
329915
329916
329917
329918
329919
329920
329921
329922
329923
329924
329925
329926
329927
329928
329929
329930
329931
329932
329933
329934
329935
329936
329937
329938
329939
329940
329941
329942
329943
329944
329945
329946
329947
329948
329949
329950
329951
329952
329953
329954
329955
329956
329957
329958
329959
329960
329961
329962
329963
329964
329965
329966
329967
329968
329969
329970
329971
329972
329973
329974
329975
329976
329977
329978
329979
329980
329981
329982
329983
329984
329985
329986
329987
329988
329989
329990
329991
329992
329993
329994
329995
329996
329997
329998
329999
330000
330001
330002
330003
330004
330005
330006
330007
330008
330009
330010
330011
330012
330013
330014
330015
330016
330017
330018
330019
330020
330021
330022
330023
330024
330025
330026
330027
330028
330029
330030
330031
330032
330033
330034
330035
330036
330037
330038
330039
330040
330041
330042
330043
330044
330045
330046
330047
330048
330049
330050
330051
330052
330053
330054
330055
330056
330057
330058
330059
330060
330061
330062
330063
330064
330065
330066
330067
330068
330069
330070
330071
330072
330073
330074
330075
330076
330077
330078
330079
330080
330081
330082
330083
330084
330085
330086
330087
330088
330089
330090
330091
330092
330093
330094
330095
330096
330097
330098
330099
330100
330101
330102
330103
330104
330105
330106
330107
330108
330109
330110
330111
330112
330113
330114
330115
330116
330117
330118
330119
330120
330121
330122
330123
330124
330125
330126
330127
330128
330129
330130
330131
330132
330133
330134
330135
330136
330137
330138
330139
330140
330141
330142
330143
330144
330145
330146
330147
330148
330149
330150
330151
330152
330153
330154
330155
330156
330157
330158
330159
330160
330161
330162
330163
330164
330165
330166
330167
330168
330169
330170
330171
330172
330173
330174
330175
330176
330177
330178
330179
330180
330181
330182
330183
330184
330185
330186
330187
330188
330189
330190
330191
330192
330193
330194
330195
330196
330197
330198
330199
330200
330201
330202
330203
330204
330205
330206
330207
330208
330209
330210
330211
330212
330213
330214
330215
330216
330217
330218
330219
330220
330221
330222
330223
330224
330225
330226
330227
330228
330229
330230
330231
330232
330233
330234
330235
330236
330237
330238
330239
330240
330241
330242
330243
330244
330245
330246
330247
330248
330249
330250
330251
330252
330253
330254
330255
330256
330257
330258
330259
330260
330261
330262
330263
330264
330265
330266
330267
330268
330269
330270
330271
330272
330273
330274
330275
330276
330277
330278
330279
330280
330281
330282
330283
330284
330285
330286
330287
330288
330289
330290
330291
330292
330293
330294
330295
330296
330297
330298
330299
330300
330301
330302
330303
330304
330305
330306
330307
330308
330309
330310
330311
330312
330313
330314
330315
330316
330317
330318
330319
330320
330321
330322
330323
330324
330325
330326
330327
330328
330329
330330
330331
330332
330333
330334
330335
330336
330337
330338
330339
330340
330341
330342
330343
330344
330345
330346
330347
330348
330349
330350
330351
330352
330353
330354
330355
330356
330357
330358
330359
330360
330361
330362
330363
330364
330365
330366
330367
330368
330369
330370
330371
330372
330373
330374
330375
330376
330377
330378
330379
330380
330381
330382
330383
330384
330385
330386
330387
330388
330389
330390
330391
330392
330393
330394
330395
330396
330397
330398
330399
330400
330401
330402
330403
330404
330405
330406
330407
330408
330409
330410
330411
330412
330413
330414
330415
330416
330417
330418
330419
330420
330421
330422
330423
330424
330425
330426
330427
330428
330429
330430
330431
330432
330433
330434
330435
330436
330437
330438
330439
330440
330441
330442
330443
330444
330445
330446
330447
330448
330449
330450
330451
330452
330453
330454
330455
330456
330457
330458
330459
330460
330461
330462
330463
330464
330465
330466
330467
330468
330469
330470
330471
330472
330473
330474
330475
330476
330477
330478
330479
330480
330481
330482
330483
330484
330485
330486
330487
330488
330489
330490
330491
330492
330493
330494
330495
330496
330497
330498
330499
330500
330501
330502
330503
330504
330505
330506
330507
330508
330509
330510
330511
330512
330513
330514
330515
330516
330517
330518
330519
330520
330521
330522
330523
330524
330525
330526
330527
330528
330529
330530
330531
330532
330533
330534
330535
330536
330537
330538
330539
330540
330541
330542
330543
330544
330545
330546
330547
330548
330549
330550
330551
330552
330553
330554
330555
330556
330557
330558
330559
330560
330561
330562
330563
330564
330565
330566
330567
330568
330569
330570
330571
330572
330573
330574
330575
330576
330577
330578
330579
330580
330581
330582
330583
330584
330585
330586
330587
330588
330589
330590
330591
330592
330593
330594
330595
330596
330597
330598
330599
330600
330601
330602
330603
330604
330605
330606
330607
330608
330609
330610
330611
330612
330613
330614
330615
330616
330617
330618
330619
330620
330621
330622
330623
330624
330625
330626
330627
330628
330629
330630
330631
330632
330633
330634
330635
330636
330637
330638
330639
330640
330641
330642
330643
330644
330645
330646
330647
330648
330649
330650
330651
330652
330653
330654
330655
330656
330657
330658
330659
330660
330661
330662
330663
330664
330665
330666
330667
330668
330669
330670
330671
330672
330673
330674
330675
330676
330677
330678
330679
330680
330681
330682
330683
330684
330685
330686
330687
330688
330689
330690
330691
330692
330693
330694
330695
330696
330697
330698
330699
330700
330701
330702
330703
330704
330705
330706
330707
330708
330709
330710
330711
330712
330713
330714
330715
330716
330717
330718
330719
330720
330721
330722
330723
330724
330725
330726
330727
330728
330729
330730
330731
330732
330733
330734
330735
330736
330737
330738
330739
330740
330741
330742
330743
330744
330745
330746
330747
330748
330749
330750
330751
330752
330753
330754
330755
330756
330757
330758
330759
330760
330761
330762
330763
330764
330765
330766
330767
330768
330769
330770
330771
330772
330773
330774
330775
330776
330777
330778
330779
330780
330781
330782
330783
330784
330785
330786
330787
330788
330789
330790
330791
330792
330793
330794
330795
330796
330797
330798
330799
330800
330801
330802
330803
330804
330805
330806
330807
330808
330809
330810
330811
330812
330813
330814
330815
330816
330817
330818
330819
330820
330821
330822
330823
330824
330825
330826
330827
330828
330829
330830
330831
330832
330833
330834
330835
330836
330837
330838
330839
330840
330841
330842
330843
330844
330845
330846
330847
330848
330849
330850
330851
330852
330853
330854
330855
330856
330857
330858
330859
330860
330861
330862
330863
330864
330865
330866
330867
330868
330869
330870
330871
330872
330873
330874
330875
330876
330877
330878
330879
330880
330881
330882
330883
330884
330885
330886
330887
330888
330889
330890
330891
330892
330893
330894
330895
330896
330897
330898
330899
330900
330901
330902
330903
330904
330905
330906
330907
330908
330909
330910
330911
330912
330913
330914
330915
330916
330917
330918
330919
330920
330921
330922
330923
330924
330925
330926
330927
330928
330929
330930
330931
330932
330933
330934
330935
330936
330937
330938
330939
330940
330941
330942
330943
330944
330945
330946
330947
330948
330949
330950
330951
330952
330953
330954
330955
330956
330957
330958
330959
330960
330961
330962
330963
330964
330965
330966
330967
330968
330969
330970
330971
330972
330973
330974
330975
330976
330977
330978
330979
330980
330981
330982
330983
330984
330985
330986
330987
330988
330989
330990
330991
330992
330993
330994
330995
330996
330997
330998
330999
331000
331001
331002
331003
331004
331005
331006
331007
331008
331009
331010
331011
331012
331013
331014
331015
331016
331017
331018
331019
331020
331021
331022
331023
331024
331025
331026
331027
331028
331029
331030
331031
331032
331033
331034
331035
331036
331037
331038
331039
331040
331041
331042
331043
331044
331045
331046
331047
331048
331049
331050
331051
331052
331053
331054
331055
331056
331057
331058
331059
331060
331061
331062
331063
331064
331065
331066
331067
331068
331069
331070
331071
331072
331073
331074
331075
331076
331077
331078
331079
331080
331081
331082
331083
331084
331085
331086
331087
331088
331089
331090
331091
331092
331093
331094
331095
331096
331097
331098
331099
331100
331101
331102
331103
331104
331105
331106
331107
331108
331109
331110
331111
331112
331113
331114
331115
331116
331117
331118
331119
331120
331121
331122
331123
331124
331125
331126
331127
331128
331129
331130
331131
331132
331133
331134
331135
331136
331137
331138
331139
331140
331141
331142
331143
331144
331145
331146
331147
331148
331149
331150
331151
331152
331153
331154
331155
331156
331157
331158
331159
331160
331161
331162
331163
331164
331165
331166
331167
331168
331169
331170
331171
331172
331173
331174
331175
331176
331177
331178
331179
331180
331181
331182
331183
331184
331185
331186
331187
331188
331189
331190
331191
331192
331193
331194
331195
331196
331197
331198
331199
331200
331201
331202
331203
331204
331205
331206
331207
331208
331209
331210
331211
331212
331213
331214
331215
331216
331217
331218
331219
331220
331221
331222
331223
331224
331225
331226
331227
331228
331229
331230
331231
331232
331233
331234
331235
331236
331237
331238
331239
331240
331241
331242
331243
331244
331245
331246
331247
331248
331249
331250
331251
331252
331253
331254
331255
331256
331257
331258
331259
331260
331261
331262
331263
331264
331265
331266
331267
331268
331269
331270
331271
331272
331273
331274
331275
331276
331277
331278
331279
331280
331281
331282
331283
331284
331285
331286
331287
331288
331289
331290
331291
331292
331293
331294
331295
331296
331297
331298
331299
331300
331301
331302
331303
331304
331305
331306
331307
331308
331309
331310
331311
331312
331313
331314
331315
331316
331317
331318
331319
331320
331321
331322
331323
331324
331325
331326
331327
331328
331329
331330
331331
331332
331333
331334
331335
331336
331337
331338
331339
331340
331341
331342
331343
331344
331345
331346
331347
331348
331349
331350
331351
331352
331353
331354
331355
331356
331357
331358
331359
331360
331361
331362
331363
331364
331365
331366
331367
331368
331369
331370
331371
331372
331373
331374
331375
331376
331377
331378
331379
331380
331381
331382
331383
331384
331385
331386
331387
331388
331389
331390
331391
331392
331393
331394
331395
331396
331397
331398
331399
331400
331401
331402
331403
331404
331405
331406
331407
331408
331409
331410
331411
331412
331413
331414
331415
331416
331417
331418
331419
331420
331421
331422
331423
331424
331425
331426
331427
331428
331429
331430
331431
331432
331433
331434
331435
331436
331437
331438
331439
331440
331441
331442
331443
331444
331445
331446
331447
331448
331449
331450
331451
331452
331453
331454
331455
331456
331457
331458
331459
331460
331461
331462
331463
331464
331465
331466
331467
331468
331469
331470
331471
331472
331473
331474
331475
331476
331477
331478
331479
331480
331481
331482
331483
331484
331485
331486
331487
331488
331489
331490
331491
331492
331493
331494
331495
331496
331497
331498
331499
331500
331501
331502
331503
331504
331505
331506
331507
331508
331509
331510
331511
331512
331513
331514
331515
331516
331517
331518
331519
331520
331521
331522
331523
331524
331525
331526
331527
331528
331529
331530
331531
331532
331533
331534
331535
331536
331537
331538
331539
331540
331541
331542
331543
331544
331545
331546
331547
331548
331549
331550
331551
331552
331553
331554
331555
331556
331557
331558
331559
331560
331561
331562
331563
331564
331565
331566
331567
331568
331569
331570
331571
331572
331573
331574
331575
331576
331577
331578
331579
331580
331581
331582
331583
331584
331585
331586
331587
331588
331589
331590
331591
331592
331593
331594
331595
331596
331597
331598
331599
331600
331601
331602
331603
331604
331605
331606
331607
331608
331609
331610
331611
331612
331613
331614
331615
331616
331617
331618
331619
331620
331621
331622
331623
331624
331625
331626
331627
331628
331629
331630
331631
331632
331633
331634
331635
331636
331637
331638
331639
331640
331641
331642
331643
331644
331645
331646
331647
331648
331649
331650
331651
331652
331653
331654
331655
331656
331657
331658
331659
331660
331661
331662
331663
331664
331665
331666
331667
331668
331669
331670
331671
331672
331673
331674
331675
331676
331677
331678
331679
331680
331681
331682
331683
331684
331685
331686
331687
331688
331689
331690
331691
331692
331693
331694
331695
331696
331697
331698
331699
331700
331701
331702
331703
331704
331705
331706
331707
331708
331709
331710
331711
331712
331713
331714
331715
331716
331717
331718
331719
331720
331721
331722
331723
331724
331725
331726
331727
331728
331729
331730
331731
331732
331733
331734
331735
331736
331737
331738
331739
331740
331741
331742
331743
331744
331745
331746
331747
331748
331749
331750
331751
331752
331753
331754
331755
331756
331757
331758
331759
331760
331761
331762
331763
331764
331765
331766
331767
331768
331769
331770
331771
331772
331773
331774
331775
331776
331777
331778
331779
331780
331781
331782
331783
331784
331785
331786
331787
331788
331789
331790
331791
331792
331793
331794
331795
331796
331797
331798
331799
331800
331801
331802
331803
331804
331805
331806
331807
331808
331809
331810
331811
331812
331813
331814
331815
331816
331817
331818
331819
331820
331821
331822
331823
331824
331825
331826
331827
331828
331829
331830
331831
331832
331833
331834
331835
331836
331837
331838
331839
331840
331841
331842
331843
331844
331845
331846
331847
331848
331849
331850
331851
331852
331853
331854
331855
331856
331857
331858
331859
331860
331861
331862
331863
331864
331865
331866
331867
331868
331869
331870
331871
331872
331873
331874
331875
331876
331877
331878
331879
331880
331881
331882
331883
331884
331885
331886
331887
331888
331889
331890
331891
331892
331893
331894
331895
331896
331897
331898
331899
331900
331901
331902
331903
331904
331905
331906
331907
331908
331909
331910
331911
331912
331913
331914
331915
331916
331917
331918
331919
331920
331921
331922
331923
331924
331925
331926
331927
331928
331929
331930
331931
331932
331933
331934
331935
331936
331937
331938
331939
331940
331941
331942
331943
331944
331945
331946
331947
331948
331949
331950
331951
331952
331953
331954
331955
331956
331957
331958
331959
331960
331961
331962
331963
331964
331965
331966
331967
331968
331969
331970
331971
331972
331973
331974
331975
331976
331977
331978
331979
331980
331981
331982
331983
331984
331985
331986
331987
331988
331989
331990
331991
331992
331993
331994
331995
331996
331997
331998
331999
332000
332001
332002
332003
332004
332005
332006
332007
332008
332009
332010
332011
332012
332013
332014
332015
332016
332017
332018
332019
332020
332021
332022
332023
332024
332025
332026
332027
332028
332029
332030
332031
332032
332033
332034
332035
332036
332037
332038
332039
332040
332041
332042
332043
332044
332045
332046
332047
332048
332049
332050
332051
332052
332053
332054
332055
332056
332057
332058
332059
332060
332061
332062
332063
332064
332065
332066
332067
332068
332069
332070
332071
332072
332073
332074
332075
332076
332077
332078
332079
332080
332081
332082
332083
332084
332085
332086
332087
332088
332089
332090
332091
332092
332093
332094
332095
332096
332097
332098
332099
332100
332101
332102
332103
332104
332105
332106
332107
332108
332109
332110
332111
332112
332113
332114
332115
332116
332117
332118
332119
332120
332121
332122
332123
332124
332125
332126
332127
332128
332129
332130
332131
332132
332133
332134
332135
332136
332137
332138
332139
332140
332141
332142
332143
332144
332145
332146
332147
332148
332149
332150
332151
332152
332153
332154
332155
332156
332157
332158
332159
332160
332161
332162
332163
332164
332165
332166
332167
332168
332169
332170
332171
332172
332173
332174
332175
332176
332177
332178
332179
332180
332181
332182
332183
332184
332185
332186
332187
332188
332189
332190
332191
332192
332193
332194
332195
332196
332197
332198
332199
332200
332201
332202
332203
332204
332205
332206
332207
332208
332209
332210
332211
332212
332213
332214
332215
332216
332217
332218
332219
332220
332221
332222
332223
332224
332225
332226
332227
332228
332229
332230
332231
332232
332233
332234
332235
332236
332237
332238
332239
332240
332241
332242
332243
332244
332245
332246
332247
332248
332249
332250
332251
332252
332253
332254
332255
332256
332257
332258
332259
332260
332261
332262
332263
332264
332265
332266
332267
332268
332269
332270
332271
332272
332273
332274
332275
332276
332277
332278
332279
332280
332281
332282
332283
332284
332285
332286
332287
332288
332289
332290
332291
332292
332293
332294
332295
332296
332297
332298
332299
332300
332301
332302
332303
332304
332305
332306
332307
332308
332309
332310
332311
332312
332313
332314
332315
332316
332317
332318
332319
332320
332321
332322
332323
332324
332325
332326
332327
332328
332329
332330
332331
332332
332333
332334
332335
332336
332337
332338
332339
332340
332341
332342
332343
332344
332345
332346
332347
332348
332349
332350
332351
332352
332353
332354
332355
332356
332357
332358
332359
332360
332361
332362
332363
332364
332365
332366
332367
332368
332369
332370
332371
332372
332373
332374
332375
332376
332377
332378
332379
332380
332381
332382
332383
332384
332385
332386
332387
332388
332389
332390
332391
332392
332393
332394
332395
332396
332397
332398
332399
332400
332401
332402
332403
332404
332405
332406
332407
332408
332409
332410
332411
332412
332413
332414
332415
332416
332417
332418
332419
332420
332421
332422
332423
332424
332425
332426
332427
332428
332429
332430
332431
332432
332433
332434
332435
332436
332437
332438
332439
332440
332441
332442
332443
332444
332445
332446
332447
332448
332449
332450
332451
332452
332453
332454
332455
332456
332457
332458
332459
332460
332461
332462
332463
332464
332465
332466
332467
332468
332469
332470
332471
332472
332473
332474
332475
332476
332477
332478
332479
332480
332481
332482
332483
332484
332485
332486
332487
332488
332489
332490
332491
332492
332493
332494
332495
332496
332497
332498
332499
332500
332501
332502
332503
332504
332505
332506
332507
332508
332509
332510
332511
332512
332513
332514
332515
332516
332517
332518
332519
332520
332521
332522
332523
332524
332525
332526
332527
332528
332529
332530
332531
332532
332533
332534
332535
332536
332537
332538
332539
332540
332541
332542
332543
332544
332545
332546
332547
332548
332549
332550
332551
332552
332553
332554
332555
332556
332557
332558
332559
332560
332561
332562
332563
332564
332565
332566
332567
332568
332569
332570
332571
332572
332573
332574
332575
332576
332577
332578
332579
332580
332581
332582
332583
332584
332585
332586
332587
332588
332589
332590
332591
332592
332593
332594
332595
332596
332597
332598
332599
332600
332601
332602
332603
332604
332605
332606
332607
332608
332609
332610
332611
332612
332613
332614
332615
332616
332617
332618
332619
332620
332621
332622
332623
332624
332625
332626
332627
332628
332629
332630
332631
332632
332633
332634
332635
332636
332637
332638
332639
332640
332641
332642
332643
332644
332645
332646
332647
332648
332649
332650
332651
332652
332653
332654
332655
332656
332657
332658
332659
332660
332661
332662
332663
332664
332665
332666
332667
332668
332669
332670
332671
332672
332673
332674
332675
332676
332677
332678
332679
332680
332681
332682
332683
332684
332685
332686
332687
332688
332689
332690
332691
332692
332693
332694
332695
332696
332697
332698
332699
332700
332701
332702
332703
332704
332705
332706
332707
332708
332709
332710
332711
332712
332713
332714
332715
332716
332717
332718
332719
332720
332721
332722
332723
332724
332725
332726
332727
332728
332729
332730
332731
332732
332733
332734
332735
332736
332737
332738
332739
332740
332741
332742
332743
332744
332745
332746
332747
332748
332749
332750
332751
332752
332753
332754
332755
332756
332757
332758
332759
332760
332761
332762
332763
332764
332766
332767
332768
332769
332770
332771
332772
332773
332774
332775
332776
332777
332778
332779
332780
332781
332782
332783
332784
332785
332786
332787
332788
332790
332791
332792
332793
332794
332795
332796
332797
332798
332799
