724525
724526
724527
724528
724529
724530
724531
724532
724533
724534
724535
724536
724537
724538
724539
724540
724541
724542
724543
724544
724545
724546
724547
724548
724549
724550
724551
724552
724553
724554
724555
724556
724557
724558
724559
724560
724561
724562
724563
724564
724565
724566
724567
724568
724569
724570
724571
724572
724573
724574
724575
724576
724577
724578
724579
724580
724581
724582
724583
724584
724585
724586
724587
724588
724589
724590
724591
724592
724593
724594
724595
724596
724597
724598
724599
724600
724601
724602
724603
724604
724605
724606
724607
724608
724609
724610
724611
724612
724613
724614
724615
724616
724617
724618
724619
724620
724621
724622
724623
724624
724625
724626
724627
724628
724629
724630
724631
724632
724633
724634
724635
724636
724637
724638
724639
724640
724641
724642
724643
724644
724645
724646
724647
724648
724649
724650
724651
724652
724653
724654
724655
724656
724657
724658
724659
724660
724661
724662
724663
724664
724665
724666
724667
724668
724669
724670
724671
724672
724673
724674
724675
724676
724677
724678
724679
724680
724681
724682
724683
724684
724685
724686
724687
724688
724689
724690
724691
724692
724693
724694
724695
724696
724697
724698
724699
724700
724701
724702
724703
724704
724705
724706
724707
724708
724709
724710
724711
724712
724713
724714
724715
724716
724717
724718
724719
724720
724721
724722
724723
724724
724725
724726
724727
724728
724729
724730
724731
724732
724733
724734
724735
724736
724737
724738
724739
724740
724741
724742
724743
724744
724745
724746
724747
724748
724749
724750
724751
724752
724753
724754
724755
724756
724757
724758
724759
724760
724761
724762
724763
724764
724765
724766
724767
724768
724769
724770
724771
724772
724773
724774
724775
724776
724777
724778
724779
724780
724781
724782
724783
724784
724785
724786
724787
724788
724789
724790
724791
724792
724793
724794
724795
724796
724797
724798
724799
724800
724801
724802
724803
724804
724805
724806
724807
724808
724809
724810
724811
724812
724813
724814
724815
724816
724817
724818
724819
724820
724821
724822
724823
724824
724825
724826
724827
724828
724829
724830
724831
724832
724833
724834
724835
724836
724837
724838
724839
724840
724841
724842
724843
724844
724845
724846
724847
724848
724849
724850
724851
724852
724853
724854
724855
724856
724857
724858
724859
724860
724861
724862
724863
724864
724865
724866
724867
724868
724869
724870
724871
724872
724873
724874
724875
724876
724877
724878
724879
724880
724881
724882
724883
724884
724885
724886
724887
724888
724889
724890
724891
724892
724893
724894
724895
724896
724897
724898
724899
724900
724901
724902
724903
724904
724905
724906
724907
724908
724909
724910
724911
724912
724913
724914
724915
724916
724917
724918
724919
724920
724921
724922
724923
724924
724925
724926
724927
724928
724929
724930
724931
724932
724933
724934
724935
724936
724937
724938
724939
724940
724941
724942
724943
724944
724945
724946
724947
724948
724949
724950
724951
724952
724953
724954
724955
724956
724957
724958
724959
724960
724961
724962
724963
724964
724965
724966
724967
724968
724969
724970
724971
724972
724973
724974
724975
724976
724977
724978
724979
724980
724981
724982
724983
724984
724985
724986
724987
724988
724989
724990
724991
724992
724993
724994
724995
724996
724997
724998
724999
725000
725001
725002
725003
725004
725005
725006
725007
725008
725009
725010
725011
725012
725013
725014
725015
725016
725017
725018
725019
725020
725021
725022
725023
725024
725025
725026
725027
725028
725029
725030
725031
725032
725033
725034
725035
725036
725037
725038
725039
725040
725041
725042
725043
725044
725045
725046
725047
