310692
310693
310694
310695
310696
310697
310698
310699
310700
310701
310702
310703
310704
310705
310706
310707
310708
310709
310710
310711
310712
310713
310714
310715
310716
310717
310718
310719
310720
310721
310722
310723
310724
310725
310726
310727
310728
310729
310730
310731
310732
310733
310734
310735
310736
310737
310738
310739
310740
310741
310742
310743
310744
310745
310746
310747
310748
310749
310750
310751
310752
310753
310754
310755
310756
310757
310758
310759
310760
310761
310762
310763
310764
310765
310766
310767
310768
310769
310770
310771
310772
310773
310774
310775
310776
310777
310778
310779
310780
310781
310782
310783
310784
310785
310786
310787
310788
310789
310790
310791
310792
310793
310794
310795
310796
310797
310798
310799
310800
310801
310802
310803
310804
310805
310806
310807
310808
310809
310810
310811
310812
310813
310814
310815
310816
310817
310818
310819
310820
310821
310822
310823
310824
310825
310826
310827
310828
310829
310830
310831
310832
310833
310834
310835
310836
310837
310838
310839
310840
310841
310842
310843
310844
310845
310846
310847
310848
310849
310850
310851
310852
310853
310854
310855
310856
310857
310858
310859
310860
310861
310862
310863
310864
310865
310866
310867
310868
310869
310870
310871
310872
310873
310874
310875
310876
310877
310878
310879
310880
310881
310882
310883
310884
310885
310886
310887
310888
310889
310890
310891
310892
310893
310894
310895
310896
310897
310898
310899
310900
310901
310902
310903
310904
310905
310906
310907
310908
310909
310910
310911
310912
310913
310914
310915
310916
310917
310918
310919
310920
310921
310922
310923
310924
310925
310926
310927
310928
310929
310930
310931
310932
310933
310934
310935
310936
310937
310938
310939
310940
310941
310942
310943
310944
310945
310946
310947
310948
310949
310950
310951
310952
310953
310954
310955
310956
310957
310958
310959
310960
310961
310962
310963
310964
310965
310966
310967
310968
310969
310970
310971
310972
310973
310974
310975
310976
310977
310978
310979
310980
310981
310982
310983
310984
310985
310986
310987
310988
310989
310990
310991
310992
310993
310994
310995
310996
310997
310998
310999
311000
311001
311002
311003
311004
311005
311006
311007
311008
311009
311010
311011
311012
311013
311014
311015
311016
311017
311018
311019
311020
311021
311022
311023
311024
311025
311026
311027
311028
311029
311030
311031
311032
311033
311034
311035
311036
311037
311038
311039
311040
311041
311042
311043
311044
311045
311046
311047
311048
311049
311050
311051
311052
311053
311054
311055
311056
311057
311058
311059
311060
311061
311062
311063
311064
311065
311066
311067
311068
311069
311070
311071
311072
311073
311074
311075
311076
311077
311078
311079
311080
311081
311082
311083
311084
311085
311086
311087
311088
311089
311090
311091
311092
311093
311094
311095
311096
311097
311098
311099
311100
311101
311102
311103
311104
311105
311106
311107
311108
311109
311110
311111
311112
311113
311114
311115
311116
311117
311118
311119
311120
311121
311122
311123
311124
311125
311126
311127
311128
311129
311130
311131
311132
311133
311134
311135
311136
311137
311138
311139
311140
311141
311142
311143
311144
311145
311146
311147
311148
311149
311150
311151
311152
311153
311154
311155
311156
311157
311158
311159
311160
311161
311162
311163
311164
311165
311166
311167
311168
311169
311170
311171
311172
311173
311174
311175
311176
311177
311178
311179
311180
311181
311182
311183
311184
311185
311186
311187
311188
311189
311190
311191
311192
311193
311194
311195
311196
311197
311198
311199
311200
311201
311202
311203
311204
311205
311206
311207
311208
311209
311210
311211
311212
311213
311214
311215
311216
311217
311218
311219
311220
311221
311222
311223
311224
311225
311226
311227
311228
311229
311230
311231
311232
311233
311234
311235
311236
311237
311238
311239
311240
311241
311242
311243
311244
311245
311246
311247
311248
311249
311250
311251
311252
311253
311254
311255
311256
311257
311258
311259
311260
311261
311262
311263
311264
311265
311266
311267
311268
311269
311270
311271
311272
311273
311274
311275
311276
311277
311278
311279
311280
311281
311282
311283
311284
311285
311286
311287
311288
311289
311290
311291
311292
311293
311294
311295
311296
311297
311298
311299
311300
311301
311302
311303
311304
311305
311306
311307
311308
311309
311310
311311
311312
311313
311314
311315
311316
311317
311318
311319
311320
311321
311322
311323
311324
311325
311326
311327
311328
311329
311330
311331
311332
311333
311334
311335
311336
311337
311338
311339
311340
311341
311342
311343
311344
311345
311346
311347
311348
311349
311350
311351
311352
311353
311354
311355
311356
311357
311358
311359
311360
311361
311362
311363
311364
311365
311366
311367
311368
311369
311370
311371
311372
311373
311374
311375
311376
311377
311378
311379
311380
311381
311382
311383
311384
311385
311386
311387
311388
311389
311390
311391
311392
311393
311394
311395
311396
311397
311398
311399
311400
311401
311402
311403
311404
311405
311406
311407
311408
311409
311410
311411
311412
311413
311414
311415
311416
311417
311418
311419
311420
311421
311422
311423
311424
311425
311426
311427
311428
311429
311430
311431
311432
311433
311434
311435
311436
311437
311438
311439
311440
311441
311442
311443
311444
311445
311446
311447
311448
311449
311450
311451
311452
311453
311454
311455
311456
311457
311458
311459
311460
311461
311462
311463
311464
311465
311466
311467
311468
311469
311470
311471
311472
311473
311474
311475
311476
311477
311478
311479
311480
311481
311482
311483
311484
311485
311486
311487
311488
311489
311490
311491
311492
311493
311494
311495
311496
311497
311498
311499
311500
311501
311502
311503
311504
311505
311506
311507
311508
311509
311510
311511
311512
311513
311514
311515
311516
311517
311518
311519
311520
311521
311522
311523
311524
311525
311526
311527
311528
311529
311530
311531
311532
311533
311534
311535
311536
311537
311538
311539
311540
311541
311542
311543
311544
311545
311546
311547
311548
311549
311550
311551
311552
311553
311554
311555
311556
311557
311558
311559
311560
311561
311562
311563
311564
311565
311566
311567
311568
311569
311570
311571
311572
311573
311574
311575
311576
311577
311578
311579
311580
311581
311582
311583
311584
311585
311586
311587
311588
311589
311590
311591
311592
311593
311594
311595
311596
311597
311598
311599
311600
311601
311602
311603
311604
311605
311606
311607
311608
311609
311610
311611
311612
311613
311614
311615
311616
311617
311618
311619
311620
311621
311622
311623
311624
311625
311626
311627
311628
311629
311630
311631
311632
311633
311634
311635
311636
311637
311638
311639
311640
311641
311642
311643
311644
311645
311646
311647
311648
311649
311650
311651
311652
311653
311654
311655
311656
311657
311658
311659
311660
311661
311662
311663
311664
311665
311666
311667
311668
311669
311670
311671
311672
311673
311674
311675
311676
311677
311678
311679
311680
311681
311682
311683
311684
311685
311686
311687
311688
311689
311690
311691
311692
311693
311694
311695
311696
311697
311698
311699
311700
311701
311702
311703
311704
311705
311706
311707
311708
311709
311710
311711
311712
311713
311714
311715
311716
311717
311718
311719
311720
311721
311722
311723
311724
311725
311726
311727
311728
311729
311730
311731
311732
311733
311734
311735
311736
311737
311738
311739
311740
311741
311742
311743
311744
311745
311746
311747
311748
311749
311750
311751
311752
311753
311754
311755
311756
311757
311758
311759
311760
311761
311762
311763
311764
311765
311766
311767
311768
311769
311770
311771
311772
311773
311774
311775
311776
311777
311778
311779
311780
311781
311782
311783
311784
311785
311786
311787
311788
311789
311790
311791
311792
311793
311794
311795
311796
311797
311798
311799
311800
311801
311802
311803
311804
311805
311806
311807
311808
311809
311810
311811
311812
311813
311814
311815
311816
311817
311818
311819
311820
311821
311822
311823
311824
311825
311826
311827
311828
311829
311830
311831
311832
311833
311834
311835
311836
311837
311838
311839
311840
311841
311842
311843
311844
311845
311846
311847
311848
311849
311850
311851
311852
311853
311854
311855
311856
311857
311858
311859
311860
311861
311862
311863
311864
311865
311866
311867
311868
311869
311870
311871
311872
311873
311874
311875
311876
311877
311878
311879
311880
311881
311882
311883
311884
311885
311886
311887
311888
311889
311890
311891
311892
311893
311894
311895
311896
311897
311898
311899
311900
311901
311902
311903
311904
311905
311906
311907
311908
311909
311910
311911
311912
311913
311914
311915
311916
311917
311918
311919
311920
311921
311922
311923
311924
311925
311926
311927
311928
311929
311930
311931
311932
311933
311934
311935
311936
311937
311938
311939
311940
311941
311942
311943
311944
311945
311946
311947
311948
311949
311950
311951
311952
311953
311954
311955
311956
311957
311958
311959
311960
311961
311962
311963
311964
311965
311966
311967
311968
311969
311970
311971
311972
311973
311974
311975
311976
311977
311978
311979
311980
311981
311982
311983
311984
311985
311986
311987
311988
311989
311990
311991
311992
311993
311994
311995
311996
311997
311998
311999
312000
312001
312002
312003
312004
312005
312006
312007
312008
312009
312010
312011
312012
312013
312014
312015
312016
312017
312018
312019
312020
312021
312022
312023
312024
312025
312026
312027
312028
312029
312030
312031
312032
312033
312034
312035
312036
312037
312038
312039
312040
312041
312042
312043
312044
312045
312046
312047
312048
312049
312050
312051
312052
312053
312054
312055
312056
312057
312058
312059
312060
312061
312062
312063
312064
312065
312066
312067
312068
312069
312070
312071
312072
312073
312074
312075
312076
312077
312078
312079
312080
312081
312082
312083
312084
312085
312086
312087
312088
312089
312090
312091
312092
312093
312094
312095
312096
312097
312098
312099
312100
312101
312102
312103
312104
312105
312106
312107
312108
312109
312110
312111
312112
312113
312114
312115
312116
312117
312118
312119
312120
312121
312122
312123
312124
312125
312126
312127
312128
312129
312130
312131
312132
312133
312134
312135
312136
312137
312138
312139
312140
312141
312142
312143
312144
312145
312146
312147
312148
312149
312150
312151
312152
312153
312154
312155
312156
312157
312158
312159
312160
312161
312162
312163
312164
312165
312166
312167
312168
312169
312170
312171
312172
312173
312174
312175
312176
312177
312178
312179
312180
312181
312182
312183
312184
312185
312186
312187
312188
312189
312190
312191
312192
312193
312194
312195
312196
312197
312198
312199
312200
312201
312202
312203
312204
312205
312206
312207
312208
312209
312210
312211
312212
312213
312214
312215
312216
312217
312218
312219
312220
312221
312222
312223
312224
312225
312226
312227
312228
312229
312230
312231
312232
312233
312234
312235
312236
312237
312238
312239
312240
312241
312242
312243
312244
312245
312246
312247
312248
312249
312250
312251
312252
312253
312254
312255
312256
312257
312258
312259
312260
312261
312262
312263
312264
312265
312266
312267
312268
312269
312270
312271
312272
312273
312274
312275
312276
312277
312278
312279
312280
312281
312282
312283
312284
312285
312286
312287
312288
312289
312290
312291
312292
312293
312294
312295
312296
312297
312298
312299
312300
312301
312302
312303
312304
312305
312306
312307
312308
312309
312310
312311
312312
312313
312314
312315
312316
312317
312318
312319
312320
312321
312322
312323
312324
312325
312326
312327
312328
312329
312330
312331
312332
312333
312334
312335
312336
312337
312338
312339
312340
312341
312342
312343
312344
312345
312346
312347
312348
312349
312350
312351
312352
312353
312354
312355
312356
312357
312358
312359
312360
312361
312362
312363
312364
312365
312366
312367
312368
312369
312370
312371
312372
312373
312374
312375
312376
312377
312378
312379
312380
312381
312382
312383
312384
312385
312386
312387
312388
312389
312390
312391
312392
312393
312394
312395
312396
312397
312398
312399
312400
312401
312402
312403
312404
312405
312406
312407
312408
312409
312410
312411
312412
312413
312414
312415
312416
312417
312418
312419
312420
312421
312422
312423
312424
312425
312426
312427
312428
312429
312430
312431
312432
312433
312434
312435
312436
312437
312438
312439
312440
312441
312442
312443
312444
312445
312446
312447
312448
312449
312450
312451
312452
312453
312454
312455
312456
312457
312458
312459
312460
312461
312462
312463
312464
312465
312466
312467
312468
312469
312470
312471
312472
312473
312474
312475
312476
312477
312478
312479
312480
312481
312482
312483
312484
312485
312486
312487
312488
312489
312490
312491
312492
312493
312494
312495
312496
312497
312498
312499
312500
312501
312502
312503
312504
312505
312506
312507
312508
312509
312510
312511
312512
312513
312514
312515
312516
312517
312518
312519
312520
312521
312522
312523
312524
312525
312526
312527
312528
312529
312530
312531
312532
312533
312534
312535
312536
312537
312538
312539
312540
312541
312542
312543
312544
312545
312546
312547
312548
312549
312550
312551
312552
312553
312554
312555
312556
312557
312558
312559
312560
312561
312562
312563
312564
312565
312566
312567
312568
312569
312570
312571
312572
312573
312574
312575
312576
312577
312578
312579
312580
312581
312582
312583
312584
312585
312586
312587
312588
312589
312590
312591
312592
312593
312594
312595
312596
312597
312598
312599
312600
312601
312602
312603
312604
312605
312606
312607
312608
312609
312610
312611
312612
312613
312614
312615
312616
312617
312618
312619
312620
312621
312622
312623
312624
312625
312626
312627
312628
312629
312630
312631
312632
312633
312634
312635
312636
312637
312638
312639
312640
312641
312642
312643
312644
312645
312646
312647
312648
312649
312650
312651
312652
312653
312654
312655
312656
312657
312658
312659
312660
312661
312662
312663
312664
312665
312666
312667
312668
312669
312670
312671
312672
312673
312674
312675
312676
312677
312678
312679
312680
312681
312682
312683
312684
312685
312686
312687
312688
312689
312690
312691
312692
312693
312694
312695
312696
312697
312698
312699
312700
312701
312702
312703
312704
312705
312706
312707
312708
312709
312710
312711
312712
312713
312714
312715
312716
312717
312718
312719
312720
312721
312722
312723
312724
312725
312726
312727
312728
312729
312730
312731
312732
312733
312734
312735
312736
312737
312738
312739
312740
312741
312742
312743
312744
312745
312746
312747
312748
312749
312750
312751
312752
312753
312754
312755
312756
312757
312758
312759
312760
312761
312762
312763
312764
312765
312766
312767
312768
312769
312770
312771
312772
312773
312774
312775
312776
312777
312778
312779
312780
312781
312782
312783
312784
312785
312786
312787
312788
312789
312790
312791
312792
312793
312794
312795
312796
312797
312798
312799
312800
312801
312802
312803
312804
312805
312806
312807
312808
312809
312810
312811
312812
312813
312814
312815
312816
312817
312818
312819
312820
312821
312822
312823
312824
312825
312826
312827
312828
312829
312830
312831
312832
312833
312834
312835
312836
312837
312838
312839
312840
312841
312842
312843
312844
312845
312846
312847
312848
312849
312850
312851
312852
312853
312854
312855
312856
312857
312858
312859
312860
312861
312862
312863
312864
312865
312866
312867
312868
312869
312870
312871
312872
312873
312874
312875
312876
312877
312878
312879
312880
312881
312882
312883
312884
312885
312886
312887
312888
312889
312890
312891
312892
312893
312894
312895
312896
312897
312898
312899
312900
312901
312902
312903
312904
312905
312906
312907
312908
312909
312910
312911
312912
312913
312914
312915
312916
312917
312918
312919
312920
312921
312922
312923
312924
312925
312926
312927
312928
312929
312930
312931
312932
312933
312934
312935
312936
312937
312938
312939
312940
312941
312942
312943
312944
312945
312946
312947
312948
312949
312950
312951
312952
312953
312954
312955
312956
312957
312958
312959
312960
312961
312962
312963
312964
312965
312966
312967
312968
312969
312970
312971
312972
312973
312974
312975
312976
312977
312978
312979
312980
312981
312982
312983
312984
312985
312986
312987
312988
312989
312990
312991
312992
312993
312994
312995
312996
312997
312998
312999
313000
313001
313002
313003
313004
313005
313006
313007
313008
313009
313010
313011
313012
313013
313014
313015
313016
313017
313018
313019
313020
313021
313022
313023
313024
313025
313026
313027
313028
313029
313030
313031
313032
313033
313034
313035
313036
313037
313038
313039
313040
313041
313042
313043
313044
313045
313046
313047
313048
313049
313050
313051
313052
313053
313054
313055
313056
313057
313058
313059
313060
313061
313062
313063
313064
313065
313066
313067
313068
313069
313070
313071
313072
313073
313074
313075
313076
313077
313078
313079
313080
313081
313082
313083
313084
313085
313086
313087
313088
313089
313090
313091
313092
313093
313094
313095
313096
313097
313098
313099
313100
313101
313102
313103
313104
313105
313106
313107
313108
313109
313110
313111
313112
313113
313114
313115
313116
313117
313118
313119
313120
313121
313122
313123
313124
313125
313126
313127
313128
313129
313130
313131
313132
313133
313134
313135
313136
313137
313138
313139
313140
313141
313142
313143
313144
313145
313146
313147
313148
313149
313150
313151
313152
313153
313154
313155
313156
313157
313158
313159
313160
313161
313162
313163
313164
313165
313166
313167
313168
313169
313170
313171
313172
313173
313174
313175
313176
313177
313178
313179
313180
313181
313182
313183
313184
313185
313186
313187
313188
313189
313190
313191
313192
313193
313194
313195
313196
313197
313198
313199
313200
313201
313202
313203
313204
313205
313206
313207
313208
313209
313210
313211
313212
313213
313214
313215
313216
313217
313218
313219
313220
313221
313222
313223
313224
313225
313226
313227
313228
313229
313230
313231
313232
313233
313234
313235
313236
313237
313238
313239
313240
313241
313242
313243
313244
313245
313246
313247
313248
313249
313250
313251
313252
313253
313254
313255
313256
313257
313258
313259
313260
313261
313262
313263
313264
313265
313266
313267
313268
313269
313270
313271
313272
313273
313274
313275
313276
313277
313278
313279
313280
313281
313282
313283
313284
313285
313286
313287
313288
313289
313290
313291
313292
313293
313294
313295
313296
313297
313298
313299
313300
313301
313302
313303
313304
313305
313306
313307
313308
313309
313310
313311
313312
313313
313314
313315
313316
313317
313318
313319
313320
313321
313322
313323
313324
313325
313326
313327
313328
313329
313330
313331
313332
313333
313334
313335
313336
313337
313338
313339
313340
313341
313342
313343
313344
313345
313346
313347
313348
313349
313350
313351
313352
313353
313354
313355
313356
313357
313358
313359
313360
313361
313362
313363
313364
313365
313366
313367
313368
313369
313370
313371
313372
313373
313374
313375
313376
313377
313378
313379
313380
313381
313382
313383
313384
313385
313386
313387
313388
313389
313390
313391
313392
313393
313394
313395
313396
313397
313398
313399
313400
313401
313402
313403
313404
313405
313406
313409
313410
313411
313412
313413
313414
313415
313416
313417
313418
313419
313420
313421
313422
313423
313424
313425
313426
313427
313428
313429
313430
313431
313432
313433
313434
313435
313436
313437
313438
313439
313440
313441
313442
313443
313444
313445
313446
313447
313448
313449
313450
313451
313452
313453
313454
313455
313456
313457
313458
313459
313460
313461
313462
313463
313464
313465
313466
313467
313468
313469
313470
313471
313472
313473
313474
313475
313476
313477
313478
313479
313480
313481
313482
313483
313484
313485
313486
313487
313488
313489
313490
313491
313492
313493
313494
313495
313496
313497
313498
313499
313500
313501
313502
313503
313504
313505
313506
313507
313508
313509
313510
313511
313512
313513
313514
313515
313516
313517
313518
313519
313520
313521
313522
313523
313524
313525
313526
313527
313528
313529
313530
313531
313532
313533
313534
313535
313536
313537
313538
313539
313540
313541
313542
313543
313544
313545
313546
313547
313548
313549
313550
313551
313552
313553
313554
313555
313556
313557
313558
313559
313560
313561
313562
313563
313564
313565
313566
313567
313568
313569
313570
313571
313572
313573
313574
313575
313576
313577
313578
313579
313580
313581
313582
313583
313584
313585
313586
313587
313588
313589
313590
313591
313592
313593
313594
313595
313596
313597
313598
313599
313600
313601
313602
313603
313604
313605
313606
313607
313608
313609
313610
313611
313612
313613
313614
313615
313616
313617
313618
313619
313620
313621
313622
313623
313624
313625
313626
313627
313628
313629
313630
313631
313632
313633
313634
313635
313636
313637
313638
313639
313640
313641
313642
313643
313644
313645
313646
313647
313648
313649
313650
313651
313652
313653
313654
313655
313656
313657
313658
313659
313660
313661
313662
313663
313664
313665
313666
313667
313668
313669
313670
313671
313672
313673
313674
313675
313676
313677
313678
313679
313680
313681
313682
313683
313684
313685
313686
313687
313688
313689
313690
313691
313692
313693
313694
313695
313696
313697
313698
313699
313700
313701
313702
313703
313704
313705
313706
313707
313708
313709
313710
313711
313712
313713
313714
313715
313716
313717
313718
313719
313720
313721
313722
313723
313724
313725
313726
313727
313728
313729
313730
313731
313732
313733
313734
313735
313736
313737
313738
313739
313740
313741
313742
313743
313744
313745
313746
313747
313748
313749
313750
313751
313752
313753
313754
313755
313756
313757
313758
313759
313760
313761
313762
313763
313764
313765
313766
313767
313768
313769
313770
313771
313772
313773
313774
313775
313776
313777
313778
313779
313780
313781
313782
313783
313784
313785
313786
313787
313788
313789
313790
313791
313792
313793
313794
313795
313796
313797
313798
313799
313800
313801
313802
313803
313804
313805
313806
313807
313808
313809
313810
313811
313812
313813
313814
313815
313816
313817
313818
313819
313820
313821
313822
313823
313824
313825
313826
313827
313828
313829
313830
313831
313832
313833
313834
313835
313836
313837
313838
313839
313840
313841
313842
313843
313844
313845
313846
313847
313848
313849
313850
313851
313852
313853
313854
313855
313856
313857
313858
313859
313860
313861
313862
313863
313864
313865
313866
313867
313868
313869
313870
313871
313872
313873
313874
313875
313876
313877
313878
313879
313880
313881
313882
313883
313884
313885
313886
313887
313888
313889
313890
313891
313892
313893
313894
313895
313896
313897
313898
313899
313900
313901
313902
313903
313904
313905
313906
313907
313908
313909
313910
313911
313912
313913
313914
313915
313916
313917
313918
313919
313920
313921
313922
313923
313924
313925
313926
313927
313928
313929
313930
313931
313932
313933
313934
313935
313936
313937
313938
313939
313940
313941
313942
313943
313944
313945
313946
313947
313948
313949
313950
313951
313952
313953
313954
313955
313956
313957
313958
313959
313960
313961
313962
313963
313964
313965
313966
313967
313968
313969
313970
313971
313972
313973
313974
313975
313976
313977
313978
313979
313980
313981
313982
313983
313984
313985
313986
313987
313988
