724515
724516
724517
724518
724519
724520
724521
724522
724523
724524
741282
741283
790225
790226
790227
790228
790229
790230
790231
790232
790233
790234
790235
790236
790237
790238
790239
790240
790241
790242
790243
790244
790245
790246
790247
790248
790249
790250
790251
790252
790253
790254
790255
790256
790257
790258
790259
790260
790261
790262
790263
790264
790265
790266
790267
790268
790269
790270
790271
790272
790273
790274
790275
790276
790277
790278
790279
790280
790281
790282
790283
790284
790285
790286
790287
790288
790289
790290
790291
790292
790293
790294
790295
790296
790297
790298
790299
790300
790301
790302
790303
790304
790305
790306
790307
790308
790309
790310
790311
790312
790313
790314
790315
790316
790317
790318
790319
790320
790321
790322
790323
790324
790325
790326
790327
790328
790329
790330
790331
790332
790333
790334
790335
790336
790337
790338
790339
790340
790341
790342
790343
790344
790345
790346
790347
790348
790349
790350
790351
790352
790353
790354
790355
790356
790357
790358
790359
790360
790361
790362
790363
790364
790365
790366
790367
790368
790369
790370
790371
790372
790373
790374
790375
790376
790377
790378
790379
790380
790381
790382
790383
790384
790385
790386
790387
790388
790389
790390
790391
790392
790393
790394
790395
790396
790397
790398
790399
790400
790401
790402
790403
790404
790405
790406
790407
790408
790409
790410
790411
790412
790413
790414
790415
790416
790417
790418
790419
790420
790421
790422
790423
790424
790425
790426
790427
790428
790429
790430
790431
790432
790433
790434
790435
790436
790437
790438
790439
790440
790441
790442
790443
790444
790445
790446
790447
790448
790449
790450
790451
790452
790453
790454
790455
790456
790457
790458
790459
790460
790461
790462
790463
790464
790465
790466
790467
790468
790469
790470
790471
790472
790473
790474
790475
790476
790477
790478
790479
790480
790481
790482
790483
790484
790485
790486
790487
790488
790489
790490
790491
790492
790493
790494
790495
790496
790497
790498
790499
790500
790501
790502
790503
790504
790505
790506
790507
790508
790509
790510
790511
790512
790513
790514
790515
790516
790517
790518
790519
790520
790521
790522
790523
790524
790525
790526
790527
790528
790529
790530
790531
790532
790533
790534
790535
790536
790537
790538
790539
790540
790541
790542
790543
790544
790545
790546
790547
790548
790549
790550
790551
790552
790553
790554
790555
790556
790557
790558
790559
790560
790561
790562
790563
790564
790565
790566
790567
790568
790569
790570
790571
790572
790573
790574
790575
790576
790577
790578
790579
790580
790581
790582
790583
790584
790585
790586
790587
790588
790589
790590
790591
790592
790593
790594
790595
790596
790597
790598
790599
790600
790601
790602
790603
790604
790605
790606
790607
790608
790609
790610
790611
790612
790613
790614
790615
790616
790617
790618
790619
790620
790621
790622
790623
790624
790625
790626
790627
790628
790629
790630
790631
790632
790633
790634
790635
790636
790637
790638
790639
790640
790641
790642
790643
790644
790645
790646
790647
790648
790649
790650
790651
790652
790653
790654
790655
790656
790657
790658
790659
790660
790661
790662
790663
790664
790665
790666
790667
790668
790669
790670
790671
790672
790673
790674
790675
790676
790677
790678
790679
790680
790681
790682
790683
790684
790685
790686
790687
790688
790689
790690
790691
790692
790693
790694
790695
790696
790697
790698
790699
790700
790701
790702
790703
790704
790705
790706
790707
790708
790709
790710
790711
790712
790713
790714
790715
790716
790717
790718
790719
790720
790721
790722
790723
790724
790725
790726
790727
790728
790729
790730
790731
790732
790733
790734
790735
790736
790737
790738
790739
790740
790741
790742
790743
790744
790745
790746
790747
790748
790749
790750
790751
790752
790753
790754
790755
790756
790757
790758
790759
790760
790761
790762
790763
790764
790765
790766
790767
790768
790769
790770
790771
790772
790773
790774
790775
790776
790777
790778
790779
790780
790781
790782
790783
790784
790785
790786
790787
790788
790789
790790
790791
790792
790793
790794
790795
790796
790797
790798
790799
790800
790801
790802
790803
790804
790805
790806
790807
790808
790809
790810
790811
790812
790813
790814
790815
790816
790817
790818
790819
790820
790821
790822
790823
790824
790825
790826
790827
790828
790829
790830
790831
790832
790833
790834
790835
790836
790837
790838
790839
790840
790841
790842
790843
790844
790845
790847
790848
790849
790850
790851
790852
790853
790854
790855
790856
790857
790858
790859
790860
790861
790862
790863
790864
790865
790866
790867
790868
790869
790870
790871
790872
790873
790874
790875
790876
790877
790878
790879
790880
790881
790882
790883
790884
790885
790886
790887
790888
790889
790890
790891
790892
790893
790894
790895
790896
790897
790898
790899
790900
790901
790902
790903
790904
790905
790906
790907
790908
790909
790910
790911
790912
790913
790914
790915
790916
790917
790918
790919
790920
790921
790922
790923
790924
790925
790926
790927
790928
790929
790930
790931
790932
790933
790934
790935
790936
790937
790938
790939
790940
790941
790942
790943
790944
790945
790946
790947
790948
790949
790950
790951
790952
790953
790954
790955
790956
790957
790958
790959
790960
790961
790962
790963
790964
790965
790966
790967
790968
790969
790970
790971
790972
790973
790974
790975
790976
790977
790978
790979
790980
790981
790982
790983
790984
790985
790986
790987
790988
790989
790990
790991
790992
790993
790994
790995
790996
790997
790998
790999
791000
791001
791002
791003
791004
791005
791006
791007
791008
791009
791010
791011
791012
791013
791014
791015
791016
791017
791018
791019
791020
791021
791022
791023
791024
791025
791026
791027
791028
791029
791030
791031
791032
791033
791034
791035
791036
791037
791038
791039
791040
791041
791042
791043
791044
791045
791046
791047
791048
791049
791050
791051
791052
791053
791054
791055
791056
791057
791058
791059
791060
791061
791063
791065
791066
791067
791068
791069
791070
791071
791072
791073
791074
791075
791076
791077
791078
791079
791080
791081
791082
791083
791084
791085
791086
791087
791088
791089
791090
791091
791092
791093
791094
791095
791096
791097
791098
791099
791100
791101
791102
791103
791104
791105
791106
791107
791108
791109
791110
791111
791112
791113
791114
791115
791116
791117
791118
791119
791120
791121
791122
791123
791124
791125
791126
791127
791128
791129
791130
791131
791132
791133
791134
791135
791136
791137
791138
791139
791140
791141
791142
791143
791144
791145
791146
791147
791148
791149
791150
791151
791152
791153
791154
791155
791156
791157
791158
791159
791160
791161
791162
791163
791164
791165
791166
791167
791168
791169
791170
791171
791172
791173
791174
791175
791176
791177
791178
791179
791180
791181
791182
791183
791184
791185
791186
791187
791188
791189
791190
791191
791192
791193
791194
791195
791196
791197
791198
791199
791200
791201
791202
791203
791204
791205
791206
791207
791208
791209
791210
791211
791212
791213
791214
791215
791216
791217
791218
791219
791220
791221
791222
791223
791224
791225
791226
791227
791228
791229
791230
791231
791232
791233
791234
791235
791236
791237
791238
791239
791240
791241
791242
791243
791244
791245
791246
791247
791248
791249
791250
791251
791252
791253
791254
791255
791256
791257
791258
791259
791260
791261
791262
791263
791264
791265
791266
791267
791268
791269
791270
791271
791272
791273
791274
791275
791276
791277
791278
791279
791280
791281
791282
791283
791284
791285
791286
791287
791288
791289
791290
791291
791292
791293
791294
791295
791296
791297
791298
791299
791300
791301
791302
791303
791304
791305
791306
791307
791308
791309
791310
791311
791312
791313
791314
791315
791316
791317
791318
791319
791320
791321
791322
791323
791324
791325
791326
791327
791328
791329
791330
791331
791332
791333
791334
791335
791336
791337
791338
791339
791340
791341
791342
791343
791344
791345
791346
791347
791348
791349
791350
791351
791352
791353
791354
791355
791356
791357
791358
791359
791360
791361
791362
791363
791364
791365
791366
791367
791368
791369
791370
791371
791372
791373
791374
791375
791376
791377
791378
791379
791380
791381
791382
791383
791384
791385
791386
791387
791388
791389
791390
791391
791392
791393
791394
791395
791396
791397
791398
791399
791400
791401
791402
791403
791404
791405
791406
791407
791408
791409
791410
791411
791412
791413
791414
791415
791416
791417
791418
791419
791420
791421
791422
791423
791424
791425
791426
791427
791428
791429
791430
791431
791432
791434
791435
791436
791437
791438
791439
791440
791441
791442
791443
791444
791445
791446
791447
791448
791449
791450
791451
791452
791453
791454
791455
791456
791457
791458
791459
791460
791461
791462
791463
791464
791465
791466
791467
791468
791469
791470
791471
791472
791473
791474
791475
791476
791477
791478
791479
791480
791481
791482
791483
791484
791485
791486
791487
791488
791489
791490
791491
791492
791493
791494
791495
791496
791497
791498
791499
791500
791501
791502
791503
791504
791505
791506
791507
791508
791509
791510
791511
791512
791513
791514
791515
791516
791517
791518
791519
791520
791521
791522
791523
791524
791525
791526
791527
791528
791529
791530
791531
791532
791533
791534
791535
791536
791537
791538
791539
791540
791541
791542
791543
791544
791545
791546
791547
791548
791549
791550
791551
791552
791553
791554
791555
791556
791557
791558
791559
791560
791561
791562
791563
791564
791565
791566
791567
791568
791569
791570
791571
791572
791573
791574
791575
791576
791577
791578
791579
791580
791581
791582
791583
791584
791585
791586
791587
791588
791589
791590
791591
791592
791593
791594
791595
791596
791597
791598
791599
791600
791601
791602
791603
791604
791605
791606
791607
791608
791609
791610
791611
791612
791613
791614
791615
791616
791617
791618
791619
791620
791621
791622
791623
791624
791625
791626
791627
791628
791629
791630
791631
791632
791633
791634
791635
791636
791637
791638
791639
791640
791641
791642
791643
791644
791645
791646
791647
791648
791649
791650
791651
791652
791653
791654
791655
791656
791657
791658
791659
791660
791661
791662
791663
791664
791665
791666
791667
791668
791669
791670
791671
791672
791673
791674
791675
791676
791677
791678
791679
791680
791681
791682
791683
791684
791685
791686
791687
791688
791689
791690
791691
791692
791693
791694
791695
791696
791697
791698
791699
791700
791701
791702
791703
791704
791705
791706
791707
791708
791709
791710
791711
791712
791713
791714
791715
791716
791717
791718
791719
791720
791721
791722
791723
791724
791725
791726
791727
791728
791729
791730
791731
791732
791733
791734
791735
791736
791737
791738
791739
791740
791741
791742
791743
791744
791745
791746
791747
791748
791749
791750
791751
791752
791753
791754
791755
791756
791757
791758
791759
791760
791761
791762
791763
791764
791765
791766
791767
791768
791769
791770
791771
791772
791773
791774
791775
791776
791777
791778
791779
791780
791781
791782
791783
791784
791785
791786
791787
791788
791789
791790
791791
791792
791793
791794
791795
791796
791797
791798
791799
791800
791801
791802
791803
791804
791805
791806
791807
791808
791809
791810
791811
791812
791813
791814
791815
791816
791817
791818
791819
791820
791821
791822
791823
791824
791825
791826
791827
791828
791829
791830
791831
791832
791833
791834
791835
791836
791837
791838
791839
791840
791841
791842
791843
791844
791845
791846
791847
791848
791849
791850
791851
791852
791853
791854
791855
791856
791857
791858
791859
791860
791861
791862
791863
791864
791865
791866
791867
791868
791869
791870
791871
791872
791873
791874
791875
791876
791877
791878
791879
791880
791881
791882
791883
791884
791885
791886
791887
791888
791889
791890
791891
791892
791893
791894
791895
791896
791897
791898
791899
791900
791901
791902
791903
791904
791905
791906
791907
791908
791909
791910
791911
791912
791913
791914
791915
791916
791917
791918
791919
791920
791921
791922
791923
791924
791925
791926
791927
791928
791929
791930
791931
791932
791933
791934
791935
791936
791937
791938
791939
791940
791941
791942
791943
791944
791945
791946
791947
791948
791949
791950
791951
791952
791953
791954
791955
791956
791957
791958
791959
791960
791961
791963
791964
791965
791966
791967
791968
791969
791970
791971
791972
791973
791974
791975
791976
791977
791978
791979
791980
791981
791982
791983
791984
791985
791986
791987
791988
791989
791990
791991
791992
791993
791994
791995
791996
791997
791998
791999
792000
792001
792002
792003
792004
792005
792006
792007
792008
792009
792010
792011
792012
792013
792014
792015
792016
792017
792018
792019
792020
792021
792022
792023
792024
792025
792026
792027
792028
792029
792030
792031
792032
792033
792034
792035
792036
792037
792038
792039
792040
792041
792042
792043
792044
792045
792046
792047
792048
792049
792050
792051
792052
792053
792054
792055
792056
792057
792058
792059
792060
792061
792062
792063
792064
792065
792066
792067
792068
792069
792070
792071
792072
792073
792074
792075
792076
792077
792078
792079
792080
792081
792082
792083
792084
792085
792086
792087
792088
792089
792090
792091
792092
792093
792094
792095
792096
792097
792098
792099
792100
792101
792102
792103
792104
792105
792106
792107
792108
792109
792110
792111
792112
792113
792114
792115
792116
792117
792118
792119
792120
792121
792122
792123
792124
792125
792126
792127
792128
792129
792130
792131
792132
792134
792135
792136
792137
792138
792139
792140
792141
792142
792143
792144
792145
792146
792147
792148
792149
792150
792151
792152
792153
792154
792155
792156
792157
792158
792159
792160
792161
792162
792163
792164
792165
792166
792167
792168
792169
792170
792171
792172
792173
792174
792175
792176
792177
792178
792179
792180
792181
792182
792183
792184
792185
792186
792187
792188
792189
792190
792191
792192
792193
792194
792195
792196
792197
792198
792200
792201
792202
792203
792204
792205
792206
792207
792208
792209
792210
792211
792212
792213
792214
792215
792216
792217
792218
792219
792220
792221
792222
792223
792224
792225
792226
792227
792228
792229
792230
792231
792232
792233
792234
792235
792236
792237
792238
792239
792240
792241
792242
792243
792244
792245
792246
792247
792248
792249
792250
792251
792252
792253
792254
792255
792256
792257
792258
792259
792260
792261
792262
792263
792264
792265
792266
792267
792268
792269
792270
792271
792272
792273
792274
792275
792276
792277
792278
792279
792280
792281
792282
792283
792284
792285
792286
792287
792288
792289
792290
792291
792292
792293
792294
792295
792297
792298
792299
792300
792301
792302
792303
792304
792305
792306
792307
792308
792309
792310
792311
792312
792313
792314
792315
792316
792317
792318
792319
792320
792321
792322
792323
792324
792325
792326
792327
792328
792329
792330
792331
792332
792333
792334
792335
792336
792337
792338
792339
792340
792341
792342
792343
792344
792345
792346
792347
792348
792349
792350
792351
792352
792353
792354
792355
792356
792357
792358
792359
792360
792361
792362
792363
792364
792365
792366
792367
792368
792369
792370
792371
792372
792373
792374
792375
792376
792377
792378
792379
792380
792381
792382
792383
792384
792385
792386
792387
792388
792389
792390
792391
792392
792393
792394
792395
792396
792397
792398
792399
792400
792401
792402
792403
792404
792405
792406
792407
792408
792409
792410
792411
792412
792413
792414
792415
792416
792417
792418
792419
792420
792421
792422
792423
792424
792425
792426
792427
792428
792429
792430
792431
792432
792433
792434
792435
792436
792437
792438
792439
792440
792441
792442
792443
792444
792445
792446
792447
792448
792449
792450
792451
792452
792453
792454
792455
792456
792457
792458
792459
792460
792461
792462
792463
792464
792465
792466
792467
792468
792469
792470
792471
792472
792473
792474
792475
792476
792477
792478
792479
792480
792481
792482
792483
792484
792485
792486
792487
792488
792489
792490
792491
792492
792493
792494
792495
792496
792497
792498
792499
792500
792501
792502
792503
792504
792505
792506
792507
792508
792509
792510
792511
792512
792513
792514
792516
792517
792518
792519
792520
792521
792522
792523
792524
792525
792526
792527
792528
792529
792530
792531
792532
792533
792534
792535
792536
792537
792538
792539
792540
792541
792542
792543
792544
792545
792546
792547
792548
792549
792550
792551
792552
792553
792554
792555
792556
792557
792558
792559
792560
792561
792562
792563
792564
792565
792566
792567
792568
792569
792570
792572
792573
792574
792575
792576
792577
792578
792579
792580
792581
792582
792583
792584
792585
792586
792587
792588
792589
792590
792591
792592
792593
792594
792595
792596
792597
792598
792599
792600
792601
792602
792605
792606
792607
792608
792609
792610
792611
792612
792613
792614
792615
792616
792617
792618
