771567
771568
771569
771570
771571
771572
771573
771574
771575
771576
771577
771578
771579
771580
771581
771582
771583
771584
771585
771586
771587
771588
771589
771590
771591
771592
771593
771594
771595
771596
771597
771598
771599
771600
771601
771602
771603
771604
771605
771606
771607
771608
771609
771610
771611
771612
771613
771614
771615
771616
771617
771618
771619
771620
771621
771622
771623
771624
771625
771626
771627
771628
771629
771630
771631
771632
771633
771634
771635
771636
771637
771638
771639
771640
771641
771642
771643
771644
771645
771646
771647
771648
771649
771650
771651
771652
771653
771654
771655
771656
771657
771658
771659
771660
771661
771662
771663
771664
771665
771666
771667
771668
771669
771670
771671
771672
771673
771674
771675
771676
771677
771678
771679
771680
771681
771682
771683
771684
771685
771686
771687
771688
771689
771690
771691
771692
771693
771694
771695
771696
771697
771698
771699
771700
771701
771702
771703
771704
771705
771706
771707
771708
771709
771710
771711
771712
771713
771714
771715
771716
771717
771718
771719
771720
771721
771722
771723
771724
771725
771726
771727
771728
771729
771730
771731
771732
771733
771734
771735
771736
771737
771738
771739
771740
771741
771742
771743
771744
771745
771746
771747
771748
771749
771750
771751
771752
771753
771754
771755
771756
771757
771758
771759
771760
771761
771762
771763
771764
771765
771766
771767
771768
771769
771770
771771
771772
771773
771774
771775
771776
771777
771778
771779
771780
771781
771782
771783
771784
771785
771786
771787
771788
771789
771790
771791
771792
771793
771794
771795
771796
771797
771798
771799
771800
771801
771802
771803
771804
771805
771806
771807
771808
771809
771810
771811
771812
771813
771814
771815
771816
771817
771818
771819
771820
771821
771822
771823
771824
771825
771826
771827
771828
771829
771830
771831
771832
771833
771834
771835
771836
771837
771838
771839
771840
771841
771842
771843
771844
771845
771846
771847
771848
771849
771850
771851
771852
771853
771854
771855
771856
771857
771858
771859
771860
771861
771862
771863
771864
771865
771866
771867
771868
771869
771870
771871
771872
771873
771874
771875
771876
771877
771878
771879
771880
771881
771882
771883
771884
771885
771886
771887
771888
771889
771890
771891
771892
771893
771894
771895
771896
771897
771898
771899
771900
771901
771902
771903
771904
771905
771906
771907
771908
771909
771910
771911
771912
771913
771914
771915
771916
771917
771918
771919
771920
771921
771922
771923
771924
771925
771926
771927
771928
771929
771930
771931
771932
771933
771934
771935
771936
771937
771938
771939
771940
771941
771942
771943
771944
771945
771946
771947
771948
771949
771950
771951
771952
771953
771954
771955
771956
771957
771958
771959
771960
771961
771962
771963
771964
771965
771966
771967
771968
771969
771970
771971
771972
771973
771974
771975
771976
771977
771978
771979
771980
771981
771982
771983
771984
771985
771986
771987
771988
771989
771990
771991
771992
771993
771994
771995
771996
771997
771998
771999
772000
772001
772002
772003
772004
772005
772006
772007
772008
772009
772010
772011
772012
772013
772014
772015
772016
772017
772018
772019
772020
772021
772022
772023
772024
772025
772026
772027
772028
772029
772030
772031
772032
772033
772034
772035
772036
772037
772038
772039
772040
772041
772042
772043
772044
772045
772046
772047
772048
772049
772050
772051
772052
772053
772054
772055
772056
772057
772058
772059
772060
772061
772062
772063
772064
772065
772066
772067
772068
772069
772070
772071
772072
772073
772074
772075
772076
772077
772078
772079
772080
772081
772082
772083
772084
772085
772086
772087
772088
772089
772090
772091
772092
772093
772094
772095
772096
772097
772098
772099
772100
772101
772102
772103
772104
772105
772106
772107
772108
772109
772110
772111
772112
772113
772114
772115
772116
772117
772118
772119
772120
772121
772122
772123
772124
772125
772126
772127
772128
772129
772130
772131
772132
772133
772134
772135
772136
772137
772138
772139
772140
772141
772142
772143
772144
772145
772146
772147
772148
772149
772150
772151
772152
772153
772154
772155
772156
772157
772158
772159
772160
772161
772162
772163
772164
772165
772166
772167
772168
772169
772170
772171
772172
772173
772174
772175
772176
772177
772178
772179
772180
772181
772182
772183
772184
772185
772186
772187
772188
772189
772190
772191
772192
772193
772194
772195
772196
772197
772198
772199
772200
772201
772202
772203
772204
772205
772206
772207
772208
772209
772210
772211
772212
772213
772214
772215
772216
772217
772218
772219
772220
772221
772222
772223
772224
772225
772226
772227
772228
772229
772230
772231
772232
772233
772234
772235
772236
772237
772238
772239
772240
772241
772242
772243
772244
772245
772246
772247
772248
772249
772250
772251
772252
772253
772254
772255
772256
772257
772258
772259
772260
772261
772262
772263
772264
772265
772266
772267
772268
772269
772270
772271
772272
772273
772274
772275
772276
772277
772278
772279
772280
772281
772282
772283
772284
772285
772286
772287
772288
772289
772290
772291
772292
772293
772294
772295
772296
772297
772298
772299
772300
772301
772302
772303
772304
772305
772306
772307
772308
772309
772310
772311
772312
772313
772314
772315
772316
772317
772318
772319
772320
772321
772322
772323
772324
772325
772326
772327
772328
772329
772330
772331
772332
772333
772334
772335
772336
772337
772338
772339
772340
772341
772342
772343
772344
772345
772346
772347
772348
772349
772350
772351
772352
772353
772354
772355
772356
772357
772358
772359
772360
772361
772362
772363
772364
772365
772366
772367
772368
772369
772370
772371
772372
772373
772374
772375
772376
772377
772378
772379
772380
772381
772382
772383
772384
772385
772386
772387
772388
772389
772390
772391
772392
772393
772394
772395
772396
772397
772398
772399
772400
772401
772402
772403
772404
772405
772406
772407
772408
772409
772410
772411
772412
772413
772414
772415
772416
772417
772418
772419
772420
772421
772422
772423
772424
772425
772426
772427
772428
772429
772430
772431
772432
772433
772434
772435
772436
772437
772438
772439
772440
772441
772442
772443
772444
772445
772446
772447
772448
772449
772450
772451
772452
772453
772454
772455
772456
772457
772458
772459
772460
772461
772462
772463
772464
772465
772466
772467
772468
772469
772470
772471
772472
772473
772474
772475
772476
772477
772478
772479
772480
772481
772482
772483
772484
772485
772486
772487
772488
772489
772490
772491
772492
772493
772494
772495
772496
772497
772498
772499
772500
772501
772502
772503
772504
772505
772506
772507
772508
772509
772510
772511
772512
772513
772514
772515
772516
772517
772518
772519
772520
772521
772522
772523
772524
772525
772526
772527
772528
772529
772530
772531
772532
772533
772534
772535
772536
772537
772538
772539
772540
772541
772542
772543
772544
772545
772546
772547
772548
772549
772550
772551
772552
772553
772554
772555
772556
772557
772558
772559
772560
772561
772562
772563
772564
772565
772566
772567
772568
772569
772570
772571
772572
772573
772574
772575
772576
772577
772578
772579
772580
772581
772582
772583
772584
772585
772586
772587
772588
772589
772590
772591
772592
772593
772594
772595
772596
772597
772598
772599
772600
772601
772602
772603
772604
772605
772606
772607
772608
772609
772610
772611
772612
772613
772614
772615
772616
772617
772618
772619
772620
772621
772622
772623
772624
772625
772626
772627
772628
772629
772630
772631
772632
772633
772634
772635
772636
772637
772638
772639
772640
772641
772642
772643
772644
772645
772646
772647
772648
772649
772650
772651
772652
772653
772654
772655
772656
772657
772658
772659
772660
772661
772662
772663
772664
772665
772666
772667
772668
772669
772670
772671
772672
772673
772674
772675
772676
772677
772678
772679
772680
772681
772682
772683
772684
772685
772686
772687
772688
772689
772690
772691
772692
772693
772694
772695
772696
772697
772698
772699
772700
772701
772702
772703
772704
772705
772706
772707
772708
772709
772710
772711
772712
772713
772714
772715
772716
772717
772718
772719
772720
772721
772722
772723
772724
772725
772726
772727
772728
772729
772730
772731
772732
772733
772734
772735
772736
772737
772738
772739
772740
772741
772742
772743
772744
772745
772746
772747
772748
772749
772750
772751
772752
772753
772754
772755
772756
772757
772758
772759
772760
772761
772762
772763
772764
772765
772766
772767
772768
772769
772770
772771
772772
772773
772774
772775
772776
772777
772778
772779
772780
772781
772782
772783
772784
772785
772786
772787
772788
772789
772790
772791
772792
772793
772794
772795
772796
772797
772798
772799
772800
772801
772802
772803
772804
772805
772806
772807
772808
772809
772810
772811
772812
772813
772814
772815
772816
772817
772818
772819
772820
772821
772822
772823
772824
772825
772826
772827
772828
772829
772830
772831
772832
772833
772834
772835
772836
772837
772838
772839
772840
772841
772842
772843
772844
772845
772846
772847
772848
772849
772850
772851
772852
772853
772854
772855
772856
772857
772858
772859
772860
772861
772862
772863
772864
772865
772866
772867
772868
772869
772870
772871
772872
772873
772874
772875
772876
772877
772878
772879
772880
772881
772882
772883
772884
772885
772886
772887
772888
772889
772890
772891
772892
772893
772894
772895
772896
772897
772898
772899
772900
772901
772902
772903
772904
772905
772906
772907
772908
772909
772910
772911
772912
772913
772914
772915
772916
772917
772918
772919
772920
772921
772922
772923
772924
772925
772926
772927
772928
772929
772930
772931
772932
772933
772934
772935
772936
772937
772938
772939
772940
772941
772942
772943
772944
772945
772946
772947
772948
772949
772950
772951
772952
772953
772954
772955
772956
772957
772958
772959
772960
772961
772962
772963
772964
772965
772966
772967
772968
772969
772970
772971
772972
772973
772974
772975
772976
772977
772978
772979
772980
772981
772982
772983
772984
772985
772986
772987
772988
772989
772990
772991
772992
772993
772994
772995
772996
772997
772998
772999
773000
773001
773002
773003
773004
773005
773006
773007
773008
773009
773010
773011
773012
773013
773014
773015
773016
773017
773018
773019
773020
773021
773022
773023
773024
773025
773026
773027
773028
773029
773030
773031
773032
773033
773034
773035
773036
773037
773038
773039
773040
773041
773042
773043
773044
773045
773046
773047
773048
773049
773050
773051
773052
773053
773054
773055
773056
773057
773058
773059
773060
773061
773062
773063
773064
773065
773066
773067
773068
773069
773070
773071
773072
773073
773074
773075
773076
773077
773078
773079
773080
773081
773082
773083
773084
773085
773086
773087
773088
773089
773090
773091
773092
773093
773094
773095
773096
773097
773098
773099
773100
773101
773102
773103
773104
773105
773106
773107
773108
773109
773110
773111
773112
773113
773114
773115
773116
773117
773118
773119
773120
773121
773122
773123
773124
773125
773126
773127
773128
773129
773130
773131
773132
773133
773134
773135
773136
773137
773138
773139
773140
773141
773142
773143
773144
773145
773146
773147
773148
773149
773150
773151
773152
773153
773154
773155
773156
773157
773158
773159
773160
773161
773162
773163
773164
773165
773166
773167
773168
773169
773170
773171
773172
773173
773174
773175
773176
773177
773178
773179
773180
773181
773182
773183
773184
773185
773186
773187
773188
773189
773190
773191
773192
773193
773194
773195
773196
773197
773198
773199
773200
773201
773202
773203
773204
773205
773206
773207
773208
773209
773210
773211
773212
773213
773214
773215
773216
773217
773218
773219
773220
773221
773222
773223
773224
773225
773226
773227
773228
773229
773230
773231
773232
773233
773234
773235
773236
773237
773238
773239
773240
773241
773242
773243
773244
773245
773246
773247
773248
773249
773250
773251
773252
773253
773254
773255
773256
773257
773258
773259
773260
773261
773262
773263
773264
773265
773266
773267
773268
773269
773270
773271
773272
773273
773274
773275
773276
773277
773278
773279
773280
773281
773282
773283
773284
773285
773286
773287
773288
773289
773290
773291
773292
773293
773294
773295
773296
773297
773298
773299
773300
773301
773302
773303
773304
773305
773306
773307
773308
773309
773310
773311
773312
773313
773314
773315
773316
773317
773318
773319
773320
773321
773322
773323
773324
773325
773326
773327
773328
773329
773330
773331
773332
773333
773334
773335
773336
773337
773338
773339
773340
773341
773342
773343
773344
773345
773346
773347
773348
773349
773350
773351
773352
773353
773354
773355
773356
773357
773358
773359
773360
773361
773362
773363
773364
773365
773366
773367
773368
773369
773370
773371
773372
773373
773374
773375
773376
773377
773378
773379
773380
773381
773382
773383
773384
773385
773386
773387
773388
773389
773390
773391
773392
773393
773394
773395
773396
773397
773398
773399
773400
773401
773402
773403
773404
773405
773406
773407
773408
773409
773410
773411
773412
773413
773414
773415
773416
773417
773418
773419
773420
773421
773422
773423
773424
773425
773426
773427
773428
773429
773430
773431
773432
773433
773434
773435
773436
773437
773438
773439
773440
773441
773442
773443
773444
773445
773446
773447
773448
773449
773450
773451
773452
773453
773454
773455
773456
773457
773458
773459
773460
773461
773462
773463
773464
773465
773466
773467
773468
773469
773470
773471
773472
773473
773474
773475
773476
773477
773478
773479
773480
773481
773482
773483
773484
773485
773486
773487
773488
773489
773490
773491
773492
773493
773494
773495
773496
773497
773498
773499
773500
773501
773502
773503
773504
773505
773506
773507
773508
773509
773510
773511
773512
773513
773514
773515
773516
773517
773518
773519
773520
773521
773522
773523
773524
773525
773526
773527
773528
773529
773530
773531
773532
773533
773534
773535
773536
773537
773538
773539
773540
773541
773542
773543
773544
773545
773546
773547
773548
773549
773550
773551
773552
773553
773554
773555
773556
773557
773558
773559
773560
773561
773562
773563
773564
773565
773566
773567
773568
773569
773570
773571
773572
773573
773574
773575
773576
773577
773578
773579
773580
773581
773582
773583
773584
773585
773586
773587
773588
773589
773590
773591
773592
773593
773594
773595
773596
773597
773598
773599
773600
773601
773602
773603
773604
773605
773606
773607
773608
773609
773610
773611
773612
773613
773614
773615
773616
773617
773618
773619
773620
773621
773622
773623
773624
773625
773626
773627
773628
773629
773630
773631
773632
773633
773634
773635
773636
773637
773638
773639
773640
773641
773642
773643
773644
773645
773646
773647
773648
773649
773650
773651
773652
773653
773654
773655
773656
773657
773658
773659
773660
773661
773662
773663
773664
773665
773666
773667
773668
773669
773670
773671
773672
773673
773674
773675
773676
773677
773678
773679
773680
773681
773682
773683
773684
773685
773686
773687
773688
773689
773690
773691
773692
773693
773694
773695
773696
773697
773698
773699
773700
773701
773702
773703
773704
773705
773706
773707
773708
773709
773710
773711
773712
773713
773714
773715
773716
773717
773718
773719
773720
773721
773722
773723
773724
773725
773726
773727
773728
773729
773730
773731
773732
773733
773734
773735
773736
773737
773738
773739
773740
773741
773742
773743
773744
773745
773746
773747
773748
773749
773750
773751
773752
773753
773754
773755
773756
773757
773758
773759
773760
773761
773762
773763
773764
773765
773766
773767
773768
773769
773770
773771
773772
773773
773774
773775
773776
773777
773778
773779
773780
773781
773782
773783
773784
773785
773786
773787
773788
773789
773790
773791
773792
773793
773794
773795
773796
773797
773798
773799
773800
773801
773802
773803
773804
773805
773806
773807
773808
773809
773810
773811
773812
773813
773814
773815
773816
773817
773818
773819
773820
773821
773822
773823
773824
773825
773826
773827
773828
773829
773830
773831
773832
773833
773834
773835
773836
773837
773838
773839
773840
773841
773842
773843
773844
773845
773846
773847
773848
773849
773850
773851
773852
773853
773854
773855
773856
773857
773858
773859
773860
773861
773862
773863
773864
773865
773866
773867
773868
773869
773870
773871
773872
773873
773874
773875
773876
773877
773878
773879
773880
773881
773882
773883
773884
773885
773886
773887
773888
773889
773890
773891
773892
773893
773894
773895
773896
773897
773898
773899
773900
773901
773902
773903
773904
773905
773906
773907
773908
773909
773910
773911
773912
773913
773914
773915
773916
773917
773918
773919
773920
773921
773922
773923
773924
773925
773926
773927
773928
773929
773930
773931
773932
773933
773934
773935
773936
773937
773938
773939
773940
773941
773942
773943
773944
773945
773946
773947
773948
773949
773950
773951
773952
773953
773954
773955
773956
773957
773958
773959
773960
773961
773962
773963
773964
773965
773966
773967
773968
773969
773970
773971
773972
773973
773974
773975
773976
773977
773978
773979
773980
773981
773982
773983
773984
773985
773986
773987
773988
773989
773990
773991
773992
773993
773994
773995
773996
773997
773998
773999
774000
774001
774002
774003
774004
774005
774006
774007
774008
774009
774010
774011
774012
774013
774014
774015
774016
774017
774018
774019
774020
774021
774022
774023
774024
774025
774026
774027
774028
774029
774030
774031
774032
774033
774034
774035
774036
774037
774038
774039
774040
774041
774042
774043
774044
774045
774046
774047
774048
774049
774050
774051
774052
774053
774054
774055
774056
774057
774058
774059
774060
774061
774062
774063
774064
774065
774066
774067
774068
774069
774070
774071
774072
774073
774074
774075
774076
774077
774078
774079
774080
774081
774082
774083
774084
774085
774086
774087
774088
774089
774090
774091
774092
774093
774094
774095
774096
774097
774098
774099
774100
774101
774102
774103
774104
774105
774106
774107
774108
774109
774110
774111
774112
774113
774114
774115
774116
774117
774118
774119
774120
774121
774122
774123
774124
774125
774126
774127
774128
774129
774130
774131
774132
774133
774134
774135
774136
774137
774138
774139
774140
774141
774142
774143
774144
774145
774146
774147
774148
774149
774150
774151
774152
774153
774154
774155
774156
774157
774158
774159
774160
774161
774162
774163
774164
774165
774166
774167
774168
774169
774170
774171
774172
774173
774174
774175
774176
774177
774178
774179
774180
774181
774182
774183
774184
774185
774186
774187
774188
774189
774190
774191
774192
774193
774194
774195
774196
774197
774198
774199
774200
774201
774202
774203
774204
774205
774206
774207
774208
774209
774210
774211
774212
774213
774214
774215
774216
774217
774218
774219
774220
774221
774222
774223
774224
774225
774226
774227
774228
774229
774230
774231
774232
774233
774234
774235
774236
774237
774238
774239
774240
774241
774242
774243
774244
774245
774246
774247
774248
774249
774250
774251
774252
774253
774254
774255
774256
774257
774258
774259
774260
774261
774262
774263
774264
774265
774266
774267
774268
774269
774270
774271
774272
774273
774274
774275
774276
774277
774278
774279
774280
774281
774282
774283
774284
774285
774286
774287
774288
774289
774290
774291
774292
774293
774294
774295
774296
774297
774298
774299
774300
774301
774302
774303
774304
774305
774306
774307
774308
774309
774310
774311
774312
774313
774314
774315
774316
774317
774318
774319
774320
774321
774322
774323
774324
774325
774326
774327
774328
774329
774330
774331
774332
774333
774334
774335
774336
774337
774338
774339
774340
774341
774342
774343
774344
774345
