475078
475079
475080
475081
475082
475083
475084
475085
475086
475087
475088
475089
475090
475091
475092
475093
475094
475095
475096
475097
475098
475099
475100
475101
475102
475103
475104
475105
475106
475107
475108
475109
475110
475111
475112
475113
475114
475115
475116
475117
475118
475119
475120
475121
475122
475123
475124
475125
475126
475127
475128
475129
475130
475131
475132
475133
475134
475135
475136
475137
475138
475139
475140
475141
475142
475143
475144
475145
475146
475147
475148
475149
475150
475151
475152
475153
475154
475155
475156
475157
475158
475159
475160
475161
475162
475163
475164
475165
475166
475167
475168
475169
475170
475171
475172
475173
475174
475175
475176
475177
475178
475179
475180
475181
475182
475183
475184
475185
475186
475187
475188
475189
475190
475191
475192
475193
475194
475195
475196
475197
475198
475199
475200
475201
475202
475203
475204
475205
475206
475207
475208
475209
475210
475211
475212
475213
475214
475215
475216
475217
475218
475219
475220
475221
475222
475223
475224
475225
475226
475227
475228
475229
475230
475231
475232
475233
475234
475235
475236
475237
475238
475239
475240
475241
475242
475243
475244
475245
475246
475247
475248
475249
475250
475251
475252
475253
475254
475255
475256
475257
475258
475259
475260
475261
475262
475263
475264
475265
475266
475267
475268
475269
475270
475271
475272
475273
475274
475275
475276
475277
475278
475279
475280
475281
475282
475283
475284
475285
475286
475287
475288
475289
475290
475291
475292
475293
475294
475295
475296
475297
475298
475299
475300
475301
475302
475303
475304
475305
475306
475307
475308
475309
475310
475311
475312
475313
475314
475315
475316
475317
475318
475319
475320
475321
475322
475323
475324
475325
475326
475327
475328
475329
475330
475331
475332
475333
475334
475335
475336
475337
475338
475339
475340
475341
475342
475343
475344
475345
475346
475347
475348
475349
475350
475351
475352
475353
475354
475355
475356
475357
475358
475359
475360
475361
475362
475363
475364
475365
475366
475367
475368
475369
475370
475371
475372
475373
475374
475375
475376
475377
475378
475379
475380
475381
475382
475383
475384
475385
475386
475387
475388
475389
475390
475391
475392
475393
475394
475395
475396
475397
475398
475399
475400
475401
475402
475403
475404
475405
475406
475407
475408
475409
475410
475411
475412
475413
475414
475415
475416
475417
475418
475419
475420
475421
475422
475423
475424
475425
475426
475427
475428
475429
475430
475431
475432
475433
475434
475435
475436
475437
475438
475439
475440
475441
475442
475443
475444
475445
475446
475447
475448
475449
475450
475451
475452
475453
475454
475455
475456
475457
475458
475459
475460
475461
475462
475463
475464
475465
475466
475467
475468
475469
475470
475471
475472
475473
475474
475475
475476
475477
475478
475479
475480
475481
475482
475483
475484
475485
475486
475487
475488
475489
475490
475491
475492
475493
475494
475495
475496
475497
475498
475499
475500
475501
475502
475503
475504
475505
