490051
490052
490053
490054
490055
490056
490057
490058
490059
490060
490061
490062
490063
490064
490065
490066
490067
490068
490069
490070
490071
490072
490073
490074
490075
490076
490077
490078
490079
490080
490081
490082
490083
490084
490085
490086
490087
490088
490089
490090
490091
490092
490093
490094
490095
490096
490097
490098
490099
490100
490101
490102
490103
490104
490105
490106
490107
490108
490109
490110
490111
490112
490113
490114
490115
490116
490117
490118
490119
490120
490121
490122
490123
490124
490125
490126
490127
490128
490129
490130
490131
490132
490133
490134
490135
490136
490137
490138
490139
490140
490141
490142
490143
490144
490145
490146
490147
490148
490149
490150
490151
490152
490153
490154
490155
490156
490157
490158
490159
490160
490161
490162
490163
490164
490165
490166
490167
490168
490169
490170
490171
490172
490173
490174
490175
490176
490177
490178
490179
490180
490181
490182
490183
490184
490185
490186
490187
490188
490189
490190
490191
490192
490193
490194
490195
490196
490197
490198
490199
490200
490201
490202
490203
490204
490205
490206
490207
490208
490209
490210
490211
490212
490213
490214
490215
490216
490217
490218
490219
490220
490221
490222
490223
490224
490225
490226
490227
490228
490229
490230
490231
490232
490233
490234
490235
490236
490237
490238
490239
490240
490241
490242
490243
490244
490245
490246
490247
490248
490249
490250
490251
490252
490253
490254
490255
490256
490257
490258
490259
490260
490261
490262
490263
490264
490265
490266
490267
490268
490269
490270
490271
490272
490273
490274
490275
490276
490277
490278
490279
490280
490281
490282
490283
490284
490285
490286
490287
490288
490289
490290
490291
490292
490293
490294
490295
490296
490297
490298
490299
490300
490301
490302
490303
490304
490305
490306
490307
490308
490309
490310
490311
490312
490313
490314
490315
490316
490317
490318
490319
490320
490321
490322
490323
490324
490325
490326
490327
490328
490329
490330
490331
490332
490333
490334
490335
490336
490337
490338
490339
490340
490341
490342
490343
490344
490345
490346
490347
490348
490349
490350
490351
490352
490353
490354
490355
490356
490357
490358
490359
490360
490361
490362
490363
490364
490365
490366
490367
490368
490369
490370
490371
490372
490373
490374
490375
490376
490377
490378
490379
490380
490381
490382
490383
490384
490385
490386
490387
490388
490389
490390
490391
490392
490393
490394
490395
490396
490397
490398
490399
490400
490401
490402
490403
490404
490405
490406
490407
490408
490409
490410
490411
490412
490413
490414
490415
490416
490417
490418
490419
490420
490421
490422
490423
490424
490425
490426
490427
490428
490429
490430
490431
490432
490433
490434
490435
490436
490437
490438
490439
490440
490441
490442
490443
490444
490445
490446
490447
490448
490449
490450
490451
490452
490453
490454
490455
490456
490457
490458
490459
490460
490461
490462
490463
490464
490465
490466
490467
490468
490469
490470
490471
490472
490473
490474
490475
490476
490477
490478
490479
490480
490481
490482
490483
490484
490485
490486
490487
490488
490489
490490
490491
490492
490493
490494
490495
490496
490497
490498
490499
490500
490501
490502
490503
490504
490505
490506
490507
490508
490509
490510
490511
490512
490513
490514
490515
490516
490517
490518
490519
490520
490521
490522
490523
490524
490525
490526
490527
490528
490529
490530
490531
490532
490533
490534
490535
490536
490537
490538
490539
490540
490541
490542
490543
490544
490545
490546
490547
490548
490549
490550
490551
490552
490553
490554
490555
490556
490557
490558
490559
490560
490561
490562
490563
490564
490565
490566
490567
490568
490569
490570
490571
490572
490573
490574
490575
490576
490577
490578
490579
490580
490581
490582
490583
490584
490585
490586
490587
490588
490589
490590
490591
490592
490593
490594
490595
490596
490597
490598
490599
490600
490601
490602
490603
490604
490605
490606
490607
490608
490609
490610
490611
490612
490613
490614
490615
490616
490617
490618
490619
490620
490621
490622
490623
490624
490625
490626
490627
490628
490629
490630
490631
490632
490633
490634
490635
490636
490637
490638
490639
490640
490641
490642
490643
490644
490645
490646
490647
490648
490649
490650
490651
490652
490653
490654
490655
490656
490657
490658
490659
490660
490661
490662
490663
490664
490665
490666
490667
490668
490669
490670
490671
490672
490673
490674
490675
490676
490677
490678
490679
490680
490681
490682
490683
490684
490685
490686
490687
490688
490689
490690
490691
490692
490693
490694
490695
490696
490697
490698
490699
490700
490701
490702
490703
490704
490705
490706
490707
490708
490709
490710
490711
490712
490713
490714
490715
490716
490717
490718
490719
490720
490721
490722
490723
490724
490725
490726
490727
490728
490729
490730
490731
490732
490733
490734
490735
490736
490737
490738
490739
490740
490741
490742
490743
490744
490745
490746
490747
490748
490749
490750
490751
490752
490753
490754
490755
490756
490757
490758
490759
490760
490761
490762
490763
490764
490765
490766
490767
490768
490769
490770
490771
490772
490773
490774
490775
490776
490777
490778
490779
490780
490781
490782
490783
490784
490785
490786
490787
490788
490789
490790
490791
490792
490793
490794
490795
490796
490797
490798
490799
490800
490801
490802
490803
490804
490805
490806
490807
490808
490809
490810
490811
490812
490813
490814
490815
490816
490817
490818
490819
490820
490821
490822
490823
490824
490825
490826
490827
490828
490829
490830
490831
490832
490833
490834
490835
490836
490837
490838
490839
490840
490841
490842
490843
490844
490845
490846
490847
490848
490849
490850
490851
490852
490853
490854
490855
490856
490857
490858
490859
490860
490861
490862
490863
490864
490865
490866
490867
490868
490869
490870
490871
490872
490873
490874
490875
490876
490877
490878
490879
490880
490881
490882
490883
490884
490885
490886
490887
490888
490889
490890
490891
490892
490893
490894
490895
490896
490897
490898
490899
490900
490901
490902
490903
490904
490905
490906
490907
490908
490909
490910
490911
490912
490913
490914
490915
490916
490917
490918
490919
490920
490921
490922
490923
490924
490925
490926
490927
490928
490929
490930
490931
490932
490933
490934
490935
490936
490937
490938
490939
490940
490941
490942
490943
490944
490945
490946
490947
490948
490949
490950
490951
490952
490953
490954
490955
490956
490957
490958
490959
490960
490961
490962
490963
490964
490965
490966
490967
490968
490969
490970
490971
490972
490973
490974
490975
490976
490977
490978
490979
490980
490981
490982
490983
490984
490985
490986
490987
490988
490989
490990
490991
490992
490993
490994
490995
490996
490997
490998
490999
491000
491001
491002
491003
491004
491005
491006
491007
491008
491009
491010
491011
491012
491013
491014
491015
491016
491017
491018
491019
491020
491021
491022
491023
491024
491025
491026
491027
491028
491029
491030
491031
491032
491033
491034
491035
491036
491037
491038
491039
491040
491041
491042
491043
491044
491045
491046
491047
491048
491049
491050
491051
491052
491053
491054
491055
491056
491057
491058
491059
491060
491061
491062
491063
491064
491065
491066
491067
491068
491069
491070
491071
491072
491073
491074
491075
491076
491077
491078
491079
491080
491081
491082
491083
491084
491085
491086
491087
491088
491089
491090
491091
491092
491093
491094
491095
491096
491097
491098
491099
491100
491101
491102
491103
491104
491105
491106
491107
491108
491109
491110
491111
491112
491113
491114
491115
491116
491117
491118
491119
491120
491121
491122
491123
491124
491125
491126
491127
491128
491129
491130
491131
491132
491133
491134
491135
491136
491137
491138
491139
491140
491141
491142
491143
491144
491145
491146
491147
491148
491149
491150
491151
491152
491153
491154
491155
491156
491157
491158
491159
491160
491161
491162
491163
491164
491165
491166
491167
491168
491169
491170
491171
491172
491173
491174
491175
491176
491177
491178
491179
491180
491181
491182
491183
491184
491185
491186
491187
491188
491189
491190
491191
491192
491193
491194
491195
491196
491197
491198
491199
491200
491201
491202
491203
491204
491205
491206
491207
491208
491209
491210
491211
491212
491213
491214
491215
491216
491217
491218
491219
491220
491221
491222
491223
491224
491225
491226
491227
491228
491229
491230
491231
491232
491233
491234
491235
491236
491237
491238
491239
491240
491241
491242
491243
491244
491245
491246
491247
491248
491249
491250
491251
491252
491253
491254
491255
491256
491257
491258
491259
491260
491261
491262
491263
491264
491265
491266
491267
491268
491269
491270
491271
491272
491273
491274
491275
491276
491277
491278
491279
491280
491281
491282
491283
491284
491285
491286
491287
491288
491289
491290
491291
491292
491293
491294
491295
491296
491297
491298
491299
491300
491301
491302
491303
491304
491305
491306
491307
491308
491309
491310
491311
491312
491313
491314
491315
491316
491317
491318
491319
491320
491321
491322
491323
491324
491325
491326
491327
491328
491329
491330
491331
491332
491333
491334
491335
491336
491337
491338
491339
491340
491341
491342
491343
491344
491345
491346
491347
491348
491349
491350
491351
491352
491353
491354
491355
491356
491357
491358
491359
491360
491361
491362
491363
491364
491365
491366
491367
491368
491369
491370
491371
491372
491373
491374
491375
491376
491377
491378
491379
491380
491381
491382
491383
491384
491385
491386
491387
491388
491389
491390
491391
491392
491393
491394
491395
491396
491397
491398
491399
491400
491401
491402
491403
491404
491405
491406
491407
491408
491409
491410
491411
491412
491413
491414
491415
491416
491417
491418
491419
491420
491421
491422
491423
491424
491425
491426
491427
491428
491429
491430
491431
491432
491433
491434
491435
491436
491437
491438
491439
491440
491441
491442
491443
491444
491445
491446
491447
491448
491449
491450
491451
491452
491453
491454
491455
491456
491457
491458
491459
491460
491461
491462
491463
491464
491465
491466
491467
491468
491469
491470
491471
491472
491473
491474
491475
491476
491477
491478
491479
491480
491481
491482
491483
491484
491485
491486
491487
491488
491489
491490
491491
491492
491493
491494
491495
491496
491497
491498
491499
491500
491501
491502
491503
491504
491505
491506
491507
491508
491509
491510
491511
491512
491513
491514
491515
491516
491517
491518
491519
491520
491521
491522
491523
491524
491525
491526
491527
491528
491529
491530
491531
491532
491533
491534
491535
491536
491537
491538
491539
491540
491541
491542
491543
491544
491545
491546
491547
491548
491549
491550
491551
491552
491553
491554
491555
491556
491557
491558
491559
491560
491561
491562
491563
491564
491565
491566
491567
491568
491569
491570
491571
491572
491573
491574
491575
491576
491577
491578
491579
491580
491581
491582
491583
491584
491585
491586
491587
491588
491589
491590
491591
491592
491593
491594
491595
491596
491597
491598
491599
491600
491601
491602
491603
491604
491605
491606
491607
491608
491609
491610
491611
491612
491613
491614
491615
491616
491617
491618
491619
491620
491621
491622
491623
491624
491625
491626
491627
491628
491629
491630
491631
491632
491633
491634
491635
491636
491637
491638
491639
491640
491641
491642
491643
491644
491645
491646
491647
491648
491649
491650
491651
491652
491653
491654
491655
491656
491657
491658
491659
491660
491662
491663
491664
491665
491666
491667
491668
491669
491670
491671
491672
491673
491674
491675
491676
491677
491678
491679
491680
491681
491682
491683
491684
491685
491686
491687
491688
491689
491690
491691
491692
491693
491694
491695
491696
491697
491698
491699
491700
491701
491702
491703
491704
491705
491706
491707
491708
491709
491710
491711
491712
491713
491714
491715
491716
491717
491718
491719
491720
491721
491722
491723
491724
491725
491726
491727
491728
491729
491730
491731
491732
491733
491734
491735
491736
491737
491738
491739
491740
491741
491742
491743
491744
491745
491746
491747
491748
491749
491750
491751
491752
491753
491754
491755
491756
491757
491758
491759
491760
491761
491762
491763
491764
491765
491766
491767
491768
491769
491770
491771
491772
491773
491774
491775
491776
491777
491778
491779
491780
491781
491782
491783
491784
491785
491786
491787
491788
491789
491790
491791
491792
491793
491794
491795
491796
491797
491798
491799
491800
491801
491802
491803
491804
491805
491806
491807
491808
491809
491810
491811
491812
491813
491814
491815
491816
491817
491818
491819
491820
491821
491822
491823
491824
491825
491826
491827
491828
491829
491830
491831
491832
491833
491834
491835
491836
491837
491838
491839
491840
491841
491842
491843
491844
491845
491846
491847
491848
491849
491850
491851
491852
491853
491854
491855
491856
491857
491858
491859
491860
491861
491862
491863
491864
491865
491866
491867
491868
491869
491870
491871
491872
491873
491874
491875
491876
491877
491878
491879
491880
491881
491882
491883
491884
491885
491886
491887
491888
491889
491890
491891
491892
491893
491894
491895
491896
491897
491898
491899
491900
491901
491902
491903
491904
491905
491906
491907
491908
491909
491910
491911
491912
491913
491914
491915
491916
491917
491918
491919
491920
491921
491922
491923
491924
491925
491926
491927
491928
491929
491930
491931
491932
491933
491934
491935
491936
491937
491938
491939
491940
491941
491942
491943
491944
491945
491946
491947
491948
491949
491950
491951
491952
491953
491954
491955
491956
491957
491958
491959
491960
491961
491962
491963
491964
491965
491966
491967
491968
491969
491970
491971
491972
491973
491974
491975
491976
491977
491978
491979
491980
491981
491982
491983
491984
491985
491986
491987
491988
491989
491990
491991
491992
491993
491994
491995
491996
491997
491998
491999
492000
492001
492002
492003
492004
492005
492006
492007
492008
492009
492010
492011
492012
492013
492014
492015
492016
492017
492018
492019
492020
492021
492022
492023
492024
492025
492026
492027
492028
492029
492030
492031
492032
492033
492034
492035
492036
492037
492038
492039
492040
492041
492042
492043
492044
492045
492046
492047
492048
492049
492050
492051
492052
492053
492054
492055
492056
492057
492058
492059
492060
492061
492062
492063
492064
492065
492066
492067
492068
492069
492070
492071
492072
492073
492074
492075
492076
492077
492078
492079
492080
492081
492082
492083
492084
492085
492086
492087
492088
492089
492090
492091
492092
492093
492094
492095
492096
492097
492098
492099
492100
492101
492102
492103
492104
492105
492106
492107
492108
492109
492110
492111
492112
492113
492114
492115
492116
492117
492118
492119
492120
492121
492122
492123
492124
492125
492126
492127
492128
492129
492130
492131
492132
492133
492134
492135
492136
492137
492138
492139
492140
492141
492142
492143
492144
492145
492146
492147
492148
492149
492150
492151
492152
492153
492154
492155
492156
492157
492158
492159
492160
492161
492162
492163
492164
492165
492166
492167
492168
492169
492170
492171
492172
492173
492174
492175
492176
492177
492178
492179
492180
492181
492182
492183
492184
492185
492186
492187
492188
492189
492190
492191
492192
492193
492194
492195
492196
492197
492198
492199
492200
492201
492202
492203
492204
492205
492206
492207
492208
492209
492210
492211
492212
492213
492214
492215
492216
492217
492218
492219
492220
492221
492222
492223
492224
492225
492226
492227
492228
492229
492230
492231
492232
492233
492234
492235
492236
492237
492238
492239
492240
492241
492242
492243
492245
492246
492247
492248
492249
492250
492251
492252
492253
492254
492255
492256
492257
492258
492259
492260
492261
492262
492263
492264
492265
492266
492267
492268
492269
492270
492271
492272
492273
492274
492275
492276
492277
492278
492279
492280
492281
492282
492283
492284
492285
492286
492287
492288
492289
492290
492291
492292
492293
492294
492295
492296
492297
492298
492299
492300
492301
492302
492303
492304
492305
492306
492307
492308
492309
492310
492311
492312
492313
492314
492315
492316
492317
492318
492319
492320
492321
492322
492323
492324
492325
492326
492327
492328
492329
492330
492331
492332
492333
492334
492335
492336
492337
492338
492339
492340
492341
492342
492343
492344
492345
492346
492347
492348
492349
492350
492351
492352
492353
492354
492355
492356
492357
492358
492359
492360
492361
492362
492363
492364
492365
492366
492367
492368
492369
492370
492371
492372
492373
492374
492375
492376
492377
492378
492379
492380
492381
492382
492383
492384
492385
492386
492387
492388
492389
492390
492391
492392
492393
492394
492395
492396
492397
492398
492399
492400
492401
492402
492403
492404
492405
492406
492407
492408
492409
492410
492411
492412
492413
492414
492415
492416
492417
492418
492419
492420
492421
492422
492423
492424
492425
492426
492427
492428
492429
492430
492431
492432
492433
492434
492435
492436
492437
492438
492439
492440
492441
492442
492443
492444
492445
492446
492447
492448
492449
492450
492451
492452
492453
492454
492455
492456
492457
492458
492459
492460
492461
492462
492463
492464
492465
492466
492467
492468
492469
492470
492471
492472
492473
492474
492475
492476
492477
492478
492479
492480
492481
492482
492483
492484
492485
492486
492487
492488
492489
492490
492491
492492
492493
492494
492495
492496
492497
492498
492499
492500
492501
492502
492503
492504
492505
492506
492507
492508
492509
492510
492511
492512
492513
492514
492515
492516
492517
492518
492519
492520
492521
492522
492523
492524
492525
492526
492527
492528
492529
492530
492531
492532
492533
492534
492535
492536
492537
492538
492539
492540
492541
492542
492543
492544
492545
492546
492547
492548
492549
492550
492551
492552
492553
492554
492555
492556
492557
492558
492559
492560
492561
492562
492563
492564
492565
492566
492567
492568
492569
492570
492571
492572
492573
492574
492575
492576
492577
492578
492579
492580
492581
492582
492583
492584
492585
492586
492587
492588
492589
492590
492591
492592
492593
492594
492595
492596
492597
492598
492599
492600
492601
492602
492603
492604
492605
492606
492607
492608
492609
492610
492611
492612
492613
492614
492615
492616
492617
492618
492619
492620
492621
492622
492623
492624
492625
492626
492627
492628
492629
492630
492631
492632
492633
492634
492635
492636
492637
492638
492639
492640
492641
492642
492643
492644
492645
492646
492647
492648
492649
492650
492651
492652
492653
492654
492655
492656
492657
492658
492659
492660
492661
492662
492663
492664
492665
492666
492667
492668
492669
492670
492671
492672
492673
492674
492675
492676
492677
492678
492679
492680
492681
492682
492683
492684
492685
492686
492687
492688
492689
492690
492691
492692
492693
492694
492695
492696
492697
492698
492699
492700
492701
492702
492703
492704
492705
492706
492707
492708
492709
492710
492711
492712
492713
492714
492715
492716
492717
492718
492719
492720
492721
492722
492723
492724
492725
492726
492727
492728
492729
492730
492731
492732
492733
492734
492735
492736
492737
492738
492739
492740
492741
492742
492743
492744
