578001
578002
578003
578004
578005
578006
578007
578008
578009
578010
578011
578012
578013
578014
578015
578016
578017
578018
578019
578020
578021
578022
578023
578024
578025
578026
578027
578028
578029
578030
578031
578032
578033
578034
578035
578036
578037
578038
578039
578040
578041
578042
578043
578044
578045
578046
578047
578048
578049
578050
578051
578052
578053
578054
578055
578056
578057
578058
578059
578060
578061
578062
578063
578064
578065
578066
578067
578068
578069
578070
578071
578072
578073
578074
578075
578076
578077
578078
578079
578080
578081
578082
578083
578084
578085
578086
578087
578088
578089
578090
578091
578092
578093
578094
578095
578096
578097
578098
578099
578100
578101
578102
578103
578104
578105
578106
578107
578108
578109
578110
578111
578112
578113
578114
578115
578116
578117
578118
578119
578120
578121
578122
578123
578124
578125
578126
578127
578128
578129
578130
578131
578132
578133
578134
578135
578136
578137
578138
578139
578140
578141
578142
578143
578144
578145
578146
578147
578148
578149
578150
578151
578152
578153
578154
578155
578156
578157
578158
578159
578160
578161
578162
578163
578164
578165
578166
578167
578168
578169
578170
578171
578172
578173
578174
578175
578176
578177
578178
578179
578180
578181
578182
578183
578184
578185
578186
578187
578188
578189
578190
578191
578192
578193
578194
578195
578196
578197
578198
578199
578200
578201
578202
578203
578204
578205
578206
578207
578208
578209
578210
578211
578212
578213
578214
578215
578216
578217
578218
578219
578220
578221
578222
578223
578224
578225
578226
578227
578228
578229
578230
578231
578232
578233
578234
578235
578236
578237
578238
578239
578240
578241
578242
578243
578244
578245
578246
578247
578248
578249
578250
578251
578252
578253
578254
578255
578256
578257
578258
578259
578260
578261
578262
578263
578264
578265
578266
578267
578268
578269
578270
578271
578272
578273
578274
578275
578276
578277
578278
578279
578280
578281
578282
578283
578284
578285
578286
578287
578288
578289
578290
578291
578292
578293
578294
578295
578296
578297
578298
578299
578300
578301
578302
578303
578304
578305
578306
578307
578308
578309
578310
578311
578312
578313
578314
578315
578316
578317
578318
578319
578320
578321
578322
578323
578324
578325
578326
578327
578328
578329
578330
578331
578332
578333
578334
578335
578336
578337
578338
578339
578340
578341
578342
578343
578344
578345
578346
578347
578348
578349
578350
578351
578352
578353
578354
578355
578356
578357
578358
578359
578360
578361
578362
578363
578364
578365
578366
578367
578368
578369
578370
578371
578372
578373
578374
578375
578376
578377
578378
578379
578380
578381
578382
578383
578384
578385
578386
578387
578388
578389
578390
578391
578392
578393
578394
578395
578396
578397
578398
578399
578400
578401
578402
578403
578404
578405
578406
578407
578408
578409
578410
578411
578412
578413
578414
578415
578416
578417
578418
578419
578420
578421
578422
578423
578424
578425
578426
578427
578428
578429
578430
578431
578432
578433
578434
578435
578436
578437
578438
578439
578440
578441
578442
578443
578444
578445
578446
578447
578448
578449
578450
578451
578452
578453
578454
578455
578456
578457
578458
578459
578460
578461
578462
578463
578464
578465
578466
578467
578468
578469
578470
578471
578472
578473
578474
578475
578476
578477
578478
578479
578480
578481
578482
578483
578484
578485
578486
578487
578488
578489
578490
578491
578492
578493
578494
578495
578496
578497
578498
578499
578500
578501
578502
578503
578504
578505
578506
578507
578508
578509
578510
578511
578512
578513
578514
578515
578516
578517
578518
578519
578520
578521
578522
578523
578524
578525
578526
578527
578528
578529
578530
578531
578532
578533
578534
578535
578536
578537
578538
578539
578540
578541
578542
578543
578544
578545
578546
578547
578548
578549
578550
578551
578552
578553
578554
578555
578556
578557
578558
578559
578560
578561
578562
578563
578564
578565
578566
578567
578568
578569
578570
578571
578572
578573
578574
578575
578576
578577
578578
578579
578580
578581
578582
578583
578584
578585
578586
578587
578588
578589
578590
578591
578592
578593
578594
578595
578596
578597
578598
578599
578600
578601
578602
578603
578604
578605
578606
578607
578608
578609
578610
578611
578612
578613
578614
578615
578616
578617
578618
578619
578620
578621
578622
578623
578624
578625
578626
578627
578628
578629
578630
578631
578632
578633
578634
578635
578636
578637
578638
578639
578640
578641
578642
578643
578644
578645
578646
578647
578648
578649
578650
578651
578652
578653
578654
578655
578656
578657
578658
578659
578660
578661
578662
578663
578664
578665
578666
578667
578668
578669
578670
578671
578672
578673
578674
578675
578676
578677
578678
578679
578680
578681
578682
578683
578684
578685
578686
578687
578688
578689
578690
578691
578692
578693
578694
578695
578696
578697
578698
578699
578700
578701
578702
578703
578704
578705
578706
578707
578708
578709
578710
578711
578712
578713
578714
578715
578716
578717
578718
578719
578720
578721
578722
578723
578724
578725
578726
578727
578728
578729
578730
578731
578732
578733
578734
578735
578736
578737
578738
578739
578740
578741
578742
578743
578744
578745
578746
578747
578748
578749
578750
578751
578752
578753
578754
578755
578756
578757
578758
578759
578760
578761
578762
578763
578764
578765
578766
578767
578768
578769
578770
578771
578772
578773
578774
578775
578776
578777
578778
578779
578780
578781
578782
578783
578784
578785
578786
578787
578788
578789
578790
578791
578792
578793
578794
578795
578796
578797
578798
578799
578800
578801
578802
578803
578804
578805
578806
578807
578808
578809
578810
578811
578812
578813
578814
578815
578816
578817
578818
578819
578820
578821
578822
578823
578824
578825
578826
578827
578828
578829
578830
578831
578832
578833
578834
578835
578836
578837
578838
578839
578840
578841
578842
578843
578844
578845
578846
578847
578848
578849
578850
578851
578852
578853
578854
578855
578856
578857
578858
578859
578860
578861
578862
578863
578864
578865
578866
578867
578868
578869
578870
578871
578872
578873
578874
578875
578876
578877
578878
578879
578880
578881
578882
578883
578884
578885
578886
578887
578888
578889
578890
578891
578892
578893
578894
578895
578896
578897
578898
578899
578900
578901
578902
578903
578904
578905
578906
578907
578908
578909
578910
578911
578912
578913
578914
578915
578916
578917
578918
578919
578920
578921
578922
578923
578924
578925
578926
578927
578928
578929
578930
578931
578932
578933
578934
578935
578936
578937
578938
578939
578940
578941
578942
578943
578944
578945
578946
578947
578948
578949
578950
578951
578952
578953
578954
578955
578956
578957
578958
578959
578960
578961
578962
578963
578964
578965
578966
578967
578968
578969
578970
578971
578972
578973
578974
578975
578976
578977
578978
578979
578980
578981
578982
578983
578984
578985
578986
578987
578988
578989
578990
578991
578992
578993
578994
578995
578996
578997
578998
578999
579000
579001
579002
579003
579004
579005
579006
579007
579008
579009
579010
579011
579012
579013
579014
579015
579016
579017
579018
579019
579020
579021
579022
579023
579024
579025
579026
579027
579028
579029
579030
579031
579032
579033
579034
579035
579036
579037
579038
579039
579040
579041
579042
579043
579044
579045
579046
579047
579048
579049
579050
579051
579052
579053
579054
579055
579056
579057
579058
579059
579060
579061
579062
579063
579064
579065
579066
579067
579068
579069
579070
579071
579072
579073
579074
579075
579076
579077
579078
579079
579080
579081
579082
579083
579084
579085
579086
579087
579088
579089
579090
579091
579092
579093
579094
579095
579096
579097
579098
579099
579100
579101
579102
579103
579104
579105
579106
579107
579108
579109
579110
579111
579112
579113
579114
579115
579116
579117
579118
579119
579120
579121
579122
579123
579124
579125
579126
579127
579128
579129
579130
579131
579132
579133
579134
579135
579136
579137
579138
579139
579140
579141
579142
579143
579144
579145
579146
579147
579148
579149
579150
579151
579152
579153
579154
579155
579156
579157
579158
579159
579160
579161
579162
579163
579164
579165
579166
579167
579168
579169
579170
579171
579172
579173
579174
579175
579176
579177
579178
579179
579180
579181
579182
579183
579184
579185
579186
579187
579188
579189
579190
579191
579192
579193
579194
579195
579196
579197
579198
579199
579200
579201
579202
579203
579204
579205
579206
579207
579208
579209
579210
579211
579212
579213
579214
579215
579216
579217
579218
579219
579220
579221
579222
579223
579224
579225
579226
579227
579228
579229
579230
579231
579232
579233
579234
579235
579236
579237
579238
579239
579240
579241
579242
579243
579244
579245
579246
579247
579248
579249
579250
579251
579252
579253
579254
579255
579256
579257
579258
579259
579260
579261
579262
579263
579264
579265
579266
579267
579268
579269
579270
579271
579272
579273
579274
579275
579276
579277
579278
579279
579280
579281
579282
579283
579284
579285
579286
579287
579288
579289
579290
579291
579292
579293
579294
579295
579296
579297
579298
579299
579300
579301
579302
579303
579304
579305
579306
579307
579308
579309
579310
579311
579312
579313
579314
579315
579316
579317
579318
579319
579320
579321
579322
579323
579324
579325
579326
579327
579328
579329
579330
579331
579332
579333
579334
579335
579336
579337
579338
579339
579340
579341
579342
579343
579344
579345
579346
579347
579348
579349
579350
579351
579352
579353
579354
579355
579356
579357
579358
579359
579360
579361
579362
579363
579364
579365
579366
579367
579368
579369
579370
579371
579372
579373
579374
579375
579376
579377
579378
579379
579380
579381
579382
579383
579384
579385
579386
579387
579388
579389
579390
579391
579392
579393
579394
579395
579396
579397
579398
579399
579400
579401
579402
579403
579404
579405
579406
579407
579408
579409
579410
579411
579412
579413
579414
579415
579416
579417
579418
579419
579420
579421
579422
579423
579424
579425
579426
579427
579428
579429
579430
579431
579432
579433
579434
579435
579436
579437
579438
579439
579440
579441
579442
579443
579444
579445
579446
579447
579448
579449
579450
579451
579452
579453
579454
579455
579456
579457
579458
579459
579460
579461
579462
579463
579464
579465
579466
579467
579468
579469
579470
579471
579472
579473
579474
579475
579476
579477
579478
579479
579480
579481
579482
579483
579484
579485
579486
579487
579488
579489
579490
579491
579492
579493
579494
579495
579496
579497
579498
579499
579500
579501
579502
579503
579504
579505
579506
579507
579508
579509
579510
579511
579512
579513
579514
579515
579516
579517
579518
579519
579520
579521
579522
579523
579524
579525
579526
579527
579528
579529
579530
579531
579532
579533
579534
579535
579536
579537
579538
579539
579540
579541
579542
579543
579544
579545
579546
579547
579548
579549
579550
579551
579552
579553
579554
579555
579556
579557
579558
579559
579560
579561
579562
579563
579564
579565
579566
579567
579568
579569
579570
579571
579572
579573
579574
579575
579576
579577
579578
579579
579580
579581
579582
579583
579584
579585
579586
579587
579588
579589
579590
579591
579592
579593
579594
579595
579596
579597
579598
579599
579600
579601
579602
579603
579604
579605
579606
579607
579608
579609
579610
579611
579612
579613
579614
579615
579616
579617
579618
579619
579620
579621
579622
579623
579624
579625
579626
579627
579628
579629
579630
579631
579632
579633
579634
579635
579636
579637
579638
579639
579640
579641
579642
579643
579644
579645
579646
579647
579648
579649
579650
579651
579652
579653
579654
579655
579656
579657
579658
579659
579660
579661
579662
579663
579664
579665
579666
579667
579668
579669
579670
579671
579672
579673
579674
579675
579676
579677
579678
579679
579680
579681
579682
579683
579684
579685
579686
579687
579688
579689
579690
579691
579692
579693
579694
579695
579696
579697
579698
579699
579700
579701
579702
579703
579704
579705
579706
579707
579708
579709
579710
579711
579712
579713
579714
579715
579716
579717
579718
579719
579720
579721
579722
579723
579724
579725
579726
579727
579728
579729
579730
579731
579732
579733
579734
579735
579736
579737
579738
579739
579740
579741
579742
579743
579744
579745
579746
579747
579748
579749
579750
579751
579752
579753
579754
579755
579756
579757
579758
579759
579760
579761
579762
579763
579764
579765
579766
579767
579768
579769
579770
579771
579772
579773
579774
579775
579776
579777
579778
579779
579780
579781
579782
579783
579784
579785
579786
579787
579788
579789
579790
579791
579792
579793
579794
579795
579796
579797
579798
579799
579800
579801
579802
579803
579804
579805
579806
579807
579808
579809
579810
579811
579812
579813
579814
579815
579816
579817
579818
579819
579820
579821
579822
579823
579824
579825
579826
579827
579828
579829
579830
579831
579832
579833
579834
579835
579836
579837
579838
579839
579840
579841
579842
579843
579844
579845
579846
579847
579848
579849
579850
579851
579852
579853
579854
579855
579856
579857
579858
579859
579860
579861
579862
579863
579864
579865
579866
579867
579868
579869
579870
579871
579872
579873
579874
579875
579876
579877
579878
579879
579880
579881
579882
579883
579884
579885
579886
579887
579888
579889
579890
579891
579892
579893
579894
579895
579896
579897
579898
579899
579900
579901
579902
579903
579904
579905
579906
579907
579908
579909
579910
579911
579912
579913
579914
579915
579916
579917
579918
579919
579920
579921
579922
579923
579924
579925
579926
579927
579928
579929
579930
579931
579932
579933
579934
579935
579936
579937
579938
579939
579940
579941
579942
579943
579944
579945
579946
579947
579948
579949
579950
579951
579952
579953
579954
579955
579956
579957
579958
579959
579960
579961
579962
579963
579964
579965
579966
579967
579968
579969
579970
579971
579972
579973
579974
579975
579976
579977
579978
579979
579980
579981
579982
579983
579984
579985
579986
579987
579988
579989
579990
579991
579992
579993
579994
579995
579996
579997
579998
579999
580000
580001
580002
580003
580004
580005
580006
580007
580008
580009
580010
580011
580012
580013
580014
580015
580016
580017
580018
580019
580020
580021
580022
580023
580024
580025
580026
580027
580028
580029
580030
580031
580032
580033
580034
580035
580036
580037
580038
580039
580040
580041
580042
580043
580044
580045
580046
580047
580048
580049
580050
580051
580052
580053
580054
580055
580056
580057
580058
580059
580060
580061
580062
580063
580064
580065
580066
580067
580068
580069
580070
580071
580072
580073
580074
580075
580076
580077
580078
580079
580080
580081
580082
580083
580084
580085
580086
580087
580088
580089
580090
580091
580092
580093
580094
580095
580096
580097
580098
580099
580100
580101
580102
580103
580104
580105
580106
580107
580108
580109
580110
580111
580112
580113
580114
580115
580116
580117
580118
580119
580120
580121
580122
580123
580124
580125
580126
580127
580128
580129
580130
580131
580132
580133
580134
580135
580136
580137
580138
580139
580140
580141
580142
580143
580144
580145
580146
580147
580148
580149
580150
580151
580152
580153
580154
580155
580156
580157
580158
580159
580160
580161
580162
580163
580164
580165
580166
580167
580168
580169
580170
580171
580172
580173
580174
580175
580176
580177
580178
580179
580180
580181
580182
580183
580184
580185
580186
580187
580188
580189
580190
580191
580192
580193
580194
580195
580196
580197
580198
580199
580200
580201
580202
580203
580204
580205
580206
580207
580208
580209
580210
580211
580212
580213
580214
580215
580216
580217
580218
580219
580220
580221
580222
580223
580224
580225
580226
580227
580228
580229
580230
580231
580232
580233
580234
580235
580236
580237
580238
580239
580240
580241
580242
580243
580244
580245
580246
580247
580248
580249
580250
580251
580252
580253
580254
580255
580256
580257
580258
580259
580260
580261
580262
580263
580264
580265
580266
580267
580268
580269
580270
580271
580272
580273
580274
580275
580276
580277
580278
580279
580280
580281
580282
580283
580284
580285
580286
580287
580288
580289
580290
580291
580292
580293
580294
580295
580296
580297
580298
580299
580300
580301
580302
580303
580304
580305
580306
580307
580308
580309
580310
580311
580312
580313
580314
580315
580316
580317
580318
580319
580320
580321
580322
580323
580324
580325
580326
580327
580328
580329
580330
580331
580332
580333
580334
580335
580336
580337
580338
580339
580340
580341
580342
580343
580344
580345
580346
580347
580348
580349
580350
580351
580352
580353
580354
580355
580356
580357
580358
580359
580360
580361
580362
580363
580364
580365
580366
580367
580368
580369
580370
580371
580372
580373
580374
580375
580376
580377
580378
580379
580380
580381
580382
580383
580384
580385
580386
580387
580388
580389
580390
580391
580392
580393
580394
580395
580396
580397
580398
580399
580400
580401
580402
580403
580404
580405
580406
580407
580408
580409
580410
580411
580412
580413
580414
580415
580416
580417
580418
580419
580420
580421
580422
580423
580424
580425
580426
580427
580428
580429
580430
580431
580432
580433
580434
580435
580436
580437
580438
580439
580440
580441
580442
580443
580444
580445
580446
580447
580448
580449
580450
580451
580452
580453
580454
580455
580456
580457
580458
580459
580460
580461
580462
580463
580464
580465
580466
580467
580468
580469
580470
580471
580472
580473
580474
580475
580476
580477
580478
580479
580480
580481
580482
580483
580484
580485
580486
580487
580488
580489
580490
580491
580492
580493
580494
580495
580496
580497
580498
580499
580500
580501
580502
580503
580504
580505
580506
580507
580508
580509
580510
580511
580512
580513
580514
580515
580516
580517
580518
580519
580520
580521
580522
580523
580524
580525
580526
580527
580528
580529
580530
580531
580532
580533
580534
580535
580536
580537
580538
580539
580540
580541
580542
580543
580544
580545
580546
580547
580548
580549
580550
580551
580552
580553
580554
580555
580556
580557
580558
580559
580560
580561
580562
580563
580564
580565
580566
580567
580568
580569
580570
580571
580572
580573
580574
580575
580576
580577
580578
580579
580580
580581
580582
580583
580584
580585
580586
580587
580588
580589
580590
580591
580592
580593
580594
580595
580596
580597
580598
580599
580600
580601
580602
580603
580604
580605
580606
580607
580608
580609
580610
580611
580612
580613
580614
580615
580616
580617
580618
580619
580620
580621
580622
580623
580624
580625
580626
580627
580628
580629
580630
580631
580632
580633
580634
580635
580636
580637
580638
580639
580640
580641
580642
580643
580644
580645
580646
580647
580648
580649
580650
580651
580652
580653
580654
580655
580656
580657
580658
580659
580660
580661
580662
580663
580664
580665
580666
580667
580668
580669
580670
580671
580672
580673
580674
580675
580676
580677
580678
580679
580680
580681
580682
580683
580684
580685
580686
580687
580688
580689
580690
580691
580692
580693
580694
580695
580696
580697
580698
580699
580700
580701
580702
580703
580704
580705
580706
580707
580708
580709
580710
580711
580712
580713
580714
580715
580716
580717
580718
580719
580720
580721
580722
580723
580724
580725
580726
580727
580728
580729
580730
580731
580732
580733
580734
580735
580736
580737
580738
580739
580740
580741
580742
580743
580744
580745
580746
580747
580748
580749
580750
580751
580752
580753
580754
580755
580756
580757
580758
580759
580760
580761
580762
580763
580764
580765
580766
580767
580768
580769
580770
580771
580772
580773
580774
580775
580776
580777
580778
580779
580780
580781
580782
580783
580784
580785
580786
580787
580788
580789
580790
580791
580792
580793
580794
580795
580796
580797
580798
580799
580800
580801
580802
580803
580804
580805
580806
580807
580808
580809
580810
580811
580812
580813
580814
580815
580816
580817
580818
580819
580820
580821
580822
580823
580824
580825
580826
580827
580828
580829
580830
580831
580832
580833
580834
580835
580836
580837
580838
580839
580840
580841
580842
580843
580844
580845
580846
580847
580848
580849
580850
580851
580852
580853
580854
580855
580856
580857
580858
580859
580860
580861
580862
580863
580864
580865
580866
580867
580868
580869
580870
580871
580872
580873
580874
580875
580876
580877
580878
580879
580880
580881
580882
580883
580884
580885
580886
580887
580888
580889
580890
580891
580892
580893
580894
580895
580896
580897
580898
580899
580900
580901
580902
580903
580904
580905
580906
580907
580908
580909
580910
580911
580912
580913
580914
580915
580916
580917
580918
580919
580920
580921
580922
580923
580924
580925
580926
580927
580928
580929
580930
580931
580932
580933
580934
580935
580936
580937
580938
580939
580940
580941
580942
580943
580944
580945
580946
580947
580948
580949
580950
580951
580952
580953
580954
580955
580956
580957
580958
580959
580960
580961
580962
580963
580964
580965
580966
580967
580968
580969
580970
580971
580972
580973
580974
580975
580976
580977
580978
580979
580980
580981
580982
580983
580984
580985
580986
580987
580988
580989
580990
580991
580992
580993
580994
580995
580996
580997
580998
580999
581000
581001
581002
581003
581004
581005
581006
581007
581008
581009
581010
581011
581012
581013
581014
581015
581016
581017
581018
581019
581020
581021
581022
581023
581024
581025
581026
581027
581028
581029
581030
581031
581032
581033
581034
581035
581036
581037
581038
581039
581040
581041
581042
581043
581044
581045
581046
581047
581048
581049
581050
581051
581052
581053
581054
581055
581056
581057
581058
581059
581060
581061
581062
581063
581064
581065
581066
581067
581068
581069
581070
581071
581072
581073
581074
581075
581076
581077
581078
581079
581080
581081
581082
581083
581084
581085
581086
581087
581088
581089
581090
581091
581092
581093
581094
581095
581096
581097
581098
581099
581100
581101
581102
581103
581104
581105
581106
581107
581108
581109
581110
581111
581112
581113
581114
581115
581116
581117
581118
581119
581120
581121
581122
581123
581124
581125
581126
581127
581128
581129
581130
581131
581132
581133
581134
581135
581136
581137
581138
581139
581140
581141
581142
581143
581144
581145
581146
581147
581148
581149
581150
581151
581152
581153
581154
581155
581156
581157
581158
581159
581160
581161
581162
581163
581164
581165
581166
581167
581168
581169
581170
581171
581172
581173
581174
581175
581176
581177
581178
581179
581180
581181
581182
581183
581184
581185
581186
581187
581188
581189
581190
581191
581192
581193
581194
581195
581196
581197
581198
581199
581200
581201
581202
581203
581204
581205
581206
581207
581208
581209
581210
581211
581212
581213
581214
581215
581216
581217
581218
581219
581220
581221
581222
581223
581224
581225
581226
581227
581228
581229
581230
581231
581232
581233
581234
581235
581236
581237
581238
581239
581240
581241
581242
581243
581244
581245
581246
581247
581248
581249
581250
581251
581252
581253
581254
581255
581256
581257
581258
581259
581260
581261
581262
581263
581264
581265
581266
581267
581268
581269
581270
581271
581272
581273
581274
581275
581276
581277
581278
581279
581280
581281
581282
581283
581284
581285
581286
581287
581288
581289
581290
581291
581292
581293
581294
581295
581296
581297
581298
581299
581300
581301
581302
581303
581304
581305
581306
581307
581308
581309
581310
581311
581312
581313
581314
581315
581316
581317
581318
581319
581320
581321
581322
581323
581324
581325
581326
581327
581328
581329
581330
581331
581332
581333
581334
581335
581336
581337
581338
581339
581340
581341
581342
581343
581344
581345
581346
581347
581348
581349
581350
581351
581352
581353
581354
581355
581356
