386664
386665
386666
386667
386668
386669
386670
386671
386672
386673
386674
386675
386676
386677
386678
386679
386680
386681
386682
386683
386684
386685
386686
386687
386688
386689
386690
386691
386692
386693
386694
386695
386696
386697
386698
386699
386700
386701
386702
386703
386704
386705
386706
386707
386708
386709
386710
386711
386712
386713
386714
386715
386716
386717
386718
386719
386720
386721
386722
386723
386724
386725
386726
386727
386728
386729
386730
386731
386732
386733
386734
386735
386736
386737
386738
386739
386740
386741
386742
386743
386744
386745
386746
386747
386748
386749
386750
386751
386752
386753
386754
386755
386756
386757
386758
386759
386760
386761
386762
386763
386764
386765
386766
386767
386768
386769
386770
386771
386772
386773
386774
386775
386776
386777
386778
386779
386780
386781
386782
386783
386784
386785
386786
386787
386788
386789
386790
386791
386792
386793
386794
386795
386796
386797
386798
386799
386800
386801
386802
386803
386804
386805
386806
386807
386808
386809
386810
386811
386812
386813
386814
386815
386816
386817
386818
386819
386820
386821
386822
386823
386824
386825
386826
386827
386828
386829
386830
386831
386832
386833
386834
386835
386836
386837
386838
386839
386840
386841
386842
386843
386844
386845
386846
386847
386848
386849
386850
386851
386852
386853
386854
386855
386856
386857
386858
386859
386860
386861
386862
386863
386864
386865
386866
386867
386868
386869
386870
386871
386872
386873
386874
386875
386876
386877
386878
386879
386880
386881
386882
386883
386884
386885
386886
386887
386888
386889
386890
386891
386892
386893
386894
386895
386896
386897
386898
386899
386900
386901
386902
386903
386904
386905
386906
386907
386908
386909
386910
386911
386912
386913
386914
386915
386916
386917
386918
386919
386920
386921
386922
386923
386924
386925
386926
386927
386928
386929
386930
386931
386932
386933
386934
386935
386936
386937
386938
386939
386940
386941
386942
386943
386944
386945
386946
386947
386948
386949
386950
386951
386952
386953
386954
386955
386956
386957
386958
386959
386960
386961
386962
386963
386964
386965
386966
386967
386968
386969
386970
386971
386972
386973
386974
386975
386976
386977
386978
386979
386980
386981
386982
386983
386984
386985
386986
386987
386988
386989
386990
386991
386992
386993
386994
386995
386996
386997
386998
386999
387000
387001
387002
387003
387004
387005
387006
387007
387008
387009
387010
387011
387012
387013
387014
387015
387016
387017
387018
387019
387020
387021
387022
387023
387024
387025
387026
387027
387028
387029
387030
387031
387032
387033
387034
387035
387036
387037
387038
387039
387040
387041
387042
387043
387044
387045
387046
387047
387048
387049
387050
387051
387052
387053
387054
387055
387056
387057
387058
387059
387060
387061
387062
387063
387064
387065
387066
387067
387068
387069
387070
387071
387072
387073
387074
387075
387076
387077
387078
387079
387080
387081
387082
387083
387084
387085
387086
387087
387088
387089
387090
387091
387092
387093
387094
387095
387096
387097
387098
387099
387100
387101
387102
387103
387104
387105
387106
387107
387108
387109
387110
387111
387112
387113
387114
387115
387116
387117
387118
387119
387120
387121
387122
387123
387124
387125
387126
387127
387128
387129
387130
387131
387132
387133
387134
387135
387136
387137
387138
387139
387140
387141
387142
387143
387144
387145
387146
387147
387148
387149
387150
387151
387152
387153
387154
387155
387156
387157
387158
387159
387160
387161
387162
387163
387164
387165
387166
387167
387168
387169
387170
387171
387172
387173
387174
387175
387176
387177
387178
387179
387180
387181
387182
387183
387184
387185
387186
387187
387188
387189
387190
387191
387192
387193
387194
387195
387196
387197
387198
387199
387200
387201
387202
387203
387204
387205
387206
387207
387208
387209
387210
387211
387212
387213
387214
387215
387216
387217
387218
387219
387220
387221
387222
387223
387224
387225
387226
387227
387228
387229
387230
387231
387232
387233
387234
387235
387236
387237
387238
387239
387240
387241
387242
387243
387244
387245
387246
387247
387248
387249
387250
387251
387252
387253
387254
387255
387256
387257
387258
387259
387260
387261
387262
387263
387264
387265
387266
387267
387268
387269
387270
387271
387272
387273
387274
387275
387276
387277
387278
387279
387280
387281
387282
387283
387284
387285
387286
387287
387288
387289
387290
387291
387292
387293
387294
387295
387296
387297
387298
387299
387300
387301
387302
387303
387304
387305
387306
387307
387308
387309
387310
387311
387312
387313
387314
387315
387316
387317
387318
387319
387320
387321
387322
387323
387324
387325
387326
387327
387328
387329
387330
387331
387332
387333
387334
387335
387336
387337
387338
387339
387340
387341
387342
387343
387344
387345
387346
387347
387348
387349
387350
387351
387352
387353
387354
387355
387356
387357
387358
387359
387360
387361
387362
387363
387364
387365
387366
387367
387368
387369
387370
387371
387372
387373
387374
387375
387376
387377
387378
387379
387380
387381
387382
387383
387384
387385
387386
387387
387388
387389
387390
387391
387392
387393
387394
387395
387396
387397
387398
387399
387400
387401
387402
387403
387404
387405
387406
387407
387408
387409
387410
387411
387412
387413
387414
387415
387416
387417
387418
387419
387420
387421
387422
387423
387424
387425
387426
387427
387428
387429
387430
387431
387432
387433
387434
387435
387436
387437
387438
387439
387440
387441
387442
387443
387444
387445
387446
387447
387448
387449
387450
387451
387452
387453
387454
387455
387456
387457
387458
387459
387460
387461
387462
387463
387464
387465
387466
387467
387468
387469
387470
387471
387472
387473
387474
387475
387476
387477
387478
387479
387480
387481
387482
387483
387484
387485
387486
387487
387488
387489
387490
387491
387492
387493
387494
387495
387496
387497
387498
387499
387500
387501
387502
387503
387504
387505
387506
387507
387508
387509
387510
387511
387512
387513
387514
387515
387516
387517
387518
387519
387520
387521
387522
387523
387524
387525
387526
387527
387528
387529
387530
387531
387532
387533
387534
387535
387536
387537
387538
387539
387540
387541
387542
387543
387544
387545
387546
387547
387548
387549
387550
387551
387552
387553
387554
387555
387556
387557
387558
387559
387560
387561
387562
387563
387564
387565
387566
387567
387568
387569
387570
387571
387572
387573
387574
387575
387576
387577
387578
387579
387580
387581
387582
387583
387584
387585
387586
387587
387588
387589
387590
387591
387592
387593
387594
387595
387596
387597
387598
387599
387600
387601
387602
387603
387604
387605
387606
387607
387608
387609
387610
387611
387612
387613
387614
387615
387616
387617
387618
387619
387620
387621
387622
387623
387624
387625
387626
387627
387628
387629
387630
387631
387632
387633
387634
387635
387636
387637
387638
387639
387640
387641
387642
387643
387644
387645
387646
387647
387648
387649
387650
387651
387652
387653
387654
387655
387656
387657
387658
387659
387660
387661
387662
387663
387664
387665
387666
387667
387668
387669
387670
387671
387672
387673
387674
387675
387676
387677
387678
387679
387680
387681
387682
387683
387684
387685
387686
387687
387688
387689
387690
387691
387692
387693
387694
387695
387696
387697
387698
387699
387700
387701
387702
387703
387704
387705
387706
387707
387708
387709
387710
387711
387712
387713
387714
387715
387716
387717
387718
387719
387720
387721
387722
387723
387724
387725
387726
387727
387728
387729
387730
387731
387732
387733
387734
387735
387736
387737
387738
387739
387740
387741
387742
387743
387744
387745
387746
387747
387748
387749
387750
387751
387752
387753
387754
387755
387756
387757
387758
387759
387760
387761
387762
387763
387764
387765
387766
387767
387768
387769
387770
387771
387772
387773
387774
387775
387776
387777
387778
387779
387780
387781
387782
387783
387784
387785
387786
387787
387788
387789
387790
387791
387792
387793
387794
387795
387796
387797
387798
387799
387800
387801
387802
387803
387804
387805
387806
387807
387808
387809
387810
387811
387812
387813
387814
387815
387816
387817
387818
387819
387820
387821
387822
387823
387824
387825
387826
387827
387828
387829
387830
387831
387832
387833
387834
387835
387836
387837
387838
387839
387840
387841
387842
387843
387844
387845
387846
387847
387848
387849
387850
387851
387852
387853
387854
387855
387856
387857
387858
387859
387860
387861
387862
387863
387864
387865
387866
387867
387868
387869
387870
387871
387872
387873
387874
387875
387876
387877
387878
387879
387880
387881
387882
387883
387884
387885
387886
387887
387888
387889
387890
387891
387892
387893
387894
387895
387896
387897
387898
387899
387900
387901
387902
387903
387904
387905
387906
387907
387908
387909
387910
387911
387912
387913
387914
387915
387916
387917
387918
387919
387920
387921
387922
387923
387924
387925
387926
387927
387928
387929
387930
387931
387932
387933
387934
387935
387936
387937
387938
387939
387940
387941
387942
387943
387944
387945
387946
387947
387948
387949
387950
387951
387952
387953
387954
387955
387956
387957
387958
387959
387960
387961
387962
387963
387964
387965
387966
387967
387968
387969
387970
387971
387972
387973
387974
387975
387976
387977
387978
387979
387980
387981
387982
387983
387984
387985
387986
387987
387988
387989
387990
387991
387992
387993
387994
387995
387996
387997
387998
387999
388000
388001
388002
388003
388004
388005
388006
388007
388008
388009
388010
388011
388012
388013
388014
388015
388016
388017
388018
388019
388020
388021
388022
388023
388024
388025
388026
388027
388028
388029
388030
388031
388032
388033
388034
388035
388036
388037
388038
388039
388040
388041
388042
388043
388044
388045
388046
388047
388048
388049
388050
388051
388052
388053
388054
388055
388056
388057
388058
388059
388060
388061
388062
388063
388064
388065
388066
388067
388068
388069
388070
388071
388072
388073
388074
388075
388076
388077
388078
388079
388080
388081
388082
388083
388084
388085
388086
388087
388088
388089
388090
388091
388092
388093
388094
388095
388096
388097
388098
388099
388100
388101
388102
388103
388104
388105
388106
388107
388108
388109
388110
388111
388112
388113
388114
388115
388116
388117
388118
388119
388120
388121
388122
388123
388124
388125
388126
388127
388128
388129
388130
388131
388132
388133
388134
388135
388136
388137
388138
388139
388140
388141
388142
388143
388144
388145
388146
388147
388148
388149
388150
388151
388152
388153
388154
388155
388156
388157
388158
388159
388160
388161
388162
388163
388164
388165
388166
388167
388168
388169
388170
388171
388172
388173
388174
388175
388176
388177
388178
388179
388180
388181
388182
388183
388184
388185
388186
388187
388188
388189
388190
388191
388192
388193
388194
388195
388196
388197
388198
388199
388200
388201
388202
388203
388204
388205
388206
388207
388208
388209
388210
388211
388212
388213
388214
388215
388216
388217
388218
388219
388220
388221
388222
388223
388224
388225
388226
388227
388228
388229
388230
388231
388232
388233
388234
388235
388236
388237
388238
388239
388240
388241
388242
388243
388244
388245
388246
388247
388248
388249
388250
388251
388252
388253
388254
388255
388256
388257
388258
388259
388260
388261
388262
388263
388264
388265
388266
388267
388268
388269
388270
388271
388272
388273
388274
388275
388276
388277
388278
388279
388280
388281
388282
388283
388284
388285
388286
388287
388288
388289
388290
388291
388292
388293
388294
388295
388296
388297
388298
388299
388300
388301
388302
388303
388304
388305
388306
388307
388308
388309
388310
388311
388312
388313
388314
388315
388316
388317
388318
388319
388320
388321
388322
388323
388324
388325
388326
388327
388328
388329
388330
388331
388332
388333
388334
388335
388336
388337
388338
388339
388340
388341
388342
388343
388344
388345
388346
388347
388348
388349
388350
388351
388352
388353
388354
388355
388356
388357
388358
388359
388360
388361
388362
388363
388364
388365
388366
388367
388368
388369
388370
388371
388372
388373
388374
388375
388376
388377
388378
388379
388380
388381
388382
388383
388384
388385
388386
388387
388388
388389
388390
388391
388392
388393
388394
388395
388396
388397
388398
388399
388400
388401
388402
388403
388404
388405
388406
388407
388408
388409
388410
388411
388412
388413
388414
388415
388416
388417
388418
388419
388420
388421
388422
388423
388424
388425
388426
388427
388428
388429
388430
388431
388432
388433
388434
388435
388436
388437
388438
388439
388440
388441
388442
388443
388444
388445
388446
388447
388448
388449
388450
388451
388452
388453
388454
388455
388456
388457
388458
388459
388460
388461
388462
388463
388464
388465
388466
388467
388468
388469
388470
388471
388472
388473
388474
388475
388476
388477
388478
388479
388480
388481
388482
388483
388484
388485
388486
388487
388488
388489
388490
388491
388492
388493
388494
388495
388496
388497
388498
388499
388500
388501
388502
388503
388504
388505
388506
388507
388508
388509
388510
388511
388512
388513
388514
388515
388516
388517
388518
388519
388520
388521
388522
388523
388524
388525
388526
388527
388528
388529
388530
388531
388532
388533
388534
388535
388536
388537
388538
388539
388540
388541
388542
388543
388544
388545
388546
388547
388548
388549
388550
388551
388552
388553
388554
388555
388556
388557
388558
388559
388560
388561
388562
388563
388564
388565
388566
388567
388568
388569
388570
388571
388572
388573
388574
388575
388576
388577
388578
388579
388580
388581
388582
388583
388584
388585
388586
388587
388588
388589
388590
388591
388592
388593
388594
388595
388596
388597
388598
388599
388600
388601
388602
388603
388604
388605
388606
388607
388608
388609
388610
388611
388612
388613
388614
388615
388616
388617
388618
388619
388620
388621
388622
388623
388624
388625
388626
388627
388628
388629
388630
388631
388632
388633
388634
388635
388636
388637
388638
388639
388640
388641
388642
388643
388644
388645
388646
388647
388648
388649
388650
388651
388652
388653
388654
388655
388656
388657
388658
388659
388660
388661
388662
388663
388664
388665
388666
388667
388668
388669
388670
388671
388672
388673
388674
388675
388676
388677
388678
388679
388680
388681
388682
388683
388684
388685
388686
388687
388688
388689
388690
388691
388692
388694
388695
388696
388697
388698
388699
388700
388701
388702
388703
388704
388705
388706
388707
388708
388709
388710
388711
388712
388713
388714
388715
388716
388717
388718
388719
388720
388721
388722
388723
388724
388725
388726
388727
388728
388729
388730
388731
388732
388733
388734
388735
388736
388737
388738
388739
388740
388741
388742
388743
388744
388745
388746
388747
388748
388749
388750
388751
388752
388753
388754
388755
388756
388757
388758
388759
388760
388761
388762
388763
388764
388765
388766
388767
388768
388769
388770
388771
388772
388773
388774
388775
388776
388777
388778
388779
388780
388781
388782
388783
388784
388785
388786
388787
388788
388789
388790
388791
388792
388793
388794
388795
388796
388797
388798
388799
388800
388801
388802
388803
388804
388805
388806
388807
388808
388809
388810
388811
388812
388813
388814
388815
388816
388817
388818
388819
388820
388821
388822
388823
388824
388825
388826
388827
388828
388829
388830
388831
388832
388833
388834
388835
388836
388837
388838
388839
388840
388841
388842
388843
388844
388845
388846
388847
388848
388849
388850
388851
388852
388853
388854
388855
388856
388857
388858
388859
388860
388861
388862
388863
388864
388865
388866
388867
388868
388869
388870
388871
388872
388873
388874
388875
388876
388877
388878
388879
388880
388881
388882
388883
388884
388885
388886
388887
388888
388889
388890
388891
388892
388893
388894
388895
388896
388897
388898
388899
388900
388901
388902
388903
388904
388905
388906
388907
388908
388909
388910
388911
388912
388913
388914
388915
388916
388917
388918
388919
388920
388921
388922
388923
388924
388925
388926
388927
388928
388929
388930
388931
388932
388933
388934
388935
388936
388937
388938
388939
388940
388941
388942
388943
388944
388945
388946
388947
388948
388949
388950
388951
388952
388953
388954
388955
388956
388957
388958
388959
388960
388961
388962
388963
388964
388965
388966
388967
388968
388969
388970
388971
388972
388973
388974
388975
388976
388977
388978
388979
388980
388981
388982
388983
388984
388985
388986
388987
388988
388989
388990
388991
388992
388993
388994
388995
388996
388997
388998
388999
389000
389001
389002
389003
389004
389005
389006
389007
389008
389009
389010
389011
389012
389013
389014
389015
389016
389017
389018
389019
389020
389021
389022
389023
389024
389025
389026
389027
389028
389029
389030
389031
389032
389033
389034
389035
389036
389037
389038
389039
389040
389041
389042
389043
389044
389045
389046
389047
389048
389049
389050
389051
389052
389053
389054
389055
389056
389057
389058
389059
389060
389061
389062
389063
389064
389065
389066
389067
389068
389069
389070
389071
389072
389073
389074
389075
389076
389077
389078
389079
389080
389081
389082
389083
389084
389085
389086
389087
389088
389089
389090
389091
389092
389093
389094
389095
389096
389097
389098
389099
389100
389101
389102
389103
389104
389105
389106
389107
389108
389109
389110
389111
389112
389113
389114
389115
389116
389117
389118
389119
389120
389121
389122
389123
389124
389125
389126
389127
389128
389129
389130
389131
389132
389133
389134
389135
389136
389137
389138
389139
389140
389141
389142
389143
389144
389145
389146
389147
389148
389149
389150
389151
389152
389153
389154
389155
389156
389157
389158
389159
389160
389161
389162
389163
389164
389165
389166
389167
389168
389169
389170
389171
389172
389173
389174
389175
389176
389177
389178
389179
389180
389181
389182
389183
389184
389185
389186
389187
389188
389189
389190
389191
389192
389193
389194
389195
389196
389197
389198
389199
389200
389201
389202
389203
389204
389205
389206
389207
389208
389209
389210
389211
389212
389213
389214
389215
389216
389217
389218
389219
389220
389221
389222
389223
389225
389226
389227
389228
389229
389230
389231
389232
389233
389234
389235
389236
389237
389238
389239
389240
389241
389242
389243
389244
389245
389246
389247
389248
389249
389250
389251
389252
389253
389254
389255
389256
389257
389258
389259
389260
389261
389262
389263
389264
389265
389266
389267
389268
389269
389270
389271
389272
389273
389274
389275
389276
389277
389278
389279
389280
389281
389282
389283
389284
389285
389286
389287
389288
389289
389290
389291
389292
389293
389294
389295
389296
389297
389298
389299
389300
389301
389302
389303
389304
389305
389306
389307
389308
389309
389310
389311
389312
389313
389314
389315
389316
389317
389318
389319
389320
389321
389322
389323
389324
389325
389326
389327
389328
389329
389330
389331
389332
389333
389334
389335
389336
389337
389338
389339
389340
389341
389342
389343
389344
389345
389346
389347
389348
389349
389350
389351
389352
389353
389354
389355
389356
389357
389358
389359
389360
389361
389362
389363
389364
389365
389366
389367
389368
389369
389370
389371
389372
389373
389374
389375
389376
389377
389378
389379
389380
389381
389382
389383
389384
389385
389386
389387
389388
389389
389390
389391
389392
389393
389394
389395
389396
389397
389398
389399
389400
389401
389402
389403
389404
389405
389406
389407
389408
389409
389410
389411
389412
389413
389414
389415
389416
389417
389418
389419
389420
389421
389422
389423
389424
389425
389426
389427
389428
389429
389430
389431
389432
389433
389434
389435
389436
389437
389438
389439
389440
389441
389442
389443
389444
389445
389446
389447
389448
389449
389450
389451
389452
389453
389454
389455
389456
389457
389458
389459
389460
389461
389462
389463
389464
389465
389466
389467
389468
389469
389470
389471
389472
389473
389474
389475
389476
389477
389478
389479
389480
389481
389482
389483
389484
389485
389486
389487
389488
389489
389490
389491
389492
389493
389494
389495
389496
389497
389498
389499
389500
389501
389502
389503
389504
389505
389506
389507
389508
389509
389510
389511
389512
389513
389514
389515
389516
389517
389518
389519
389520
389521
389522
389523
389524
389525
389526
389527
389528
389529
389530
389531
389532
389533
389534
389535
389536
389537
389538
389539
389540
389541
389542
389543
389544
389545
389546
389547
389548
389549
389550
389551
389552
389553
389554
389555
389556
389557
389558
389559
389560
389561
389562
389563
389564
389565
389566
389567
389568
389569
389570
389571
389572
389573
389574
389575
389576
389577
389578
389579
389580
389581
389582
389583
389584
389585
389586
389587
389588
389589
389590
389591
389592
389593
389594
389595
389596
389597
389598
389599
389600
389601
389602
389603
389604
389605
389606
389607
389608
389609
389610
389611
389612
389613
389614
389615
389616
389617
389618
389619
389620
389621
389622
389623
389624
389625
389626
389627
389628
389629
389630
389631
389632
389633
389634
389635
389636
389637
389638
389639
389640
389641
389642
389643
389644
389645
389646
389647
389648
389649
389650
389651
389652
389653
389654
389655
389656
389657
389658
389659
389660
389661
389662
389663
389664
389665
389666
389667
389668
389669
389670
389671
389672
389673
389674
389675
389676
389677
389678
389679
389680
389681
389682
389683
389684
389685
389686
389687
389688
389689
389690
389691
389692
389693
389694
389695
389696
389697
389698
389699
389700
389701
389702
389703
389704
389705
389706
389707
389708
389709
389710
389711
389712
389713
389714
389715
389716
389717
389718
389719
389720
389721
389722
389723
389724
389725
389726
389727
389728
389729
389730
389731
389732
389733
389734
389735
389736
389737
389738
389739
389740
389741
389742
389743
389744
389745
389746
389747
389748
389749
389750
389751
389752
389753
389754
389755
389756
389757
389758
389759
389760
389761
389762
389763
389764
389765
389766
389767
389768
389769
389770
389771
389772
389773
389774
389775
389776
389777
389778
389779
389780
389781
389782
389783
389784
389785
389786
389787
389788
389789
389790
389791
389792
389793
389794
389795
389796
389797
389798
389799
389800
389801
389802
389803
389804
389805
389806
389807
389808
389809
389810
389811
389812
389813
389814
389815
389816
389817
389818
389819
389820
389821
389822
389823
389824
389825
389826
