804334
804335
804336
804337
804338
804339
804340
804341
804342
804343
804344
804345
804346
804347
804348
804349
804350
804351
804352
804353
804354
804355
804356
804357
804358
804359
804360
804361
804362
804363
804364
804365
804366
804367
804368
804369
804370
804371
804372
804373
804374
804375
804376
804377
804378
804379
804380
804381
804382
804383
804384
804385
804386
804387
804388
804389
804390
804391
804392
804393
804394
804395
804396
804397
804398
804399
804400
804401
804402
804403
804404
804405
804406
804407
804408
804409
804410
804411
804412
804413
804414
804415
804416
804417
804418
804419
804420
804421
804422
804423
804424
804425
804426
804427
804428
804429
804430
804431
804432
804433
804434
804435
804436
804437
804438
804439
804440
804441
804442
804443
804444
804445
804446
804447
804448
804449
804450
804451
804452
804453
804454
804455
804456
804457
804458
804459
804460
804461
804462
804463
804464
804465
804466
804467
804468
804469
804470
804471
804472
804473
804474
804475
804476
804477
804478
804479
804480
804481
804482
804483
804484
804485
804486
804487
804488
804489
804490
804491
804492
804493
804494
804495
804496
804497
804498
804499
804500
804501
804502
804503
804504
804505
804506
804507
804508
804509
804510
804511
804512
804513
804514
804515
804516
804517
804518
804519
804520
804521
804522
804523
804524
804525
804526
804527
804528
804529
804530
804531
804532
804533
804534
804535
804536
804537
804538
804539
804540
804541
804542
804543
804544
804545
804546
804547
804548
804549
804550
804551
804552
804553
804554
804555
804556
804557
804558
804559
804560
804561
804562
804563
804564
804565
804566
804567
804568
804569
804570
804571
804572
804573
804574
804575
804576
804577
804578
804579
804580
804581
804582
804583
804584
804585
804586
804587
804588
804589
804590
804591
804592
804593
804594
804595
804596
804597
804598
804599
804600
804601
804602
804603
804604
804605
804606
804607
804608
804609
804610
804611
804612
804613
804614
804615
804616
804617
804618
804619
804620
804621
804622
804623
804624
804625
804626
804627
804628
804629
804630
804631
804632
804633
804634
804635
804636
804637
804638
804639
804640
804641
804642
804643
804644
804645
804646
804647
804648
804649
804650
804651
804652
804653
804654
804655
804656
804657
804658
804659
804660
804661
804662
804663
804664
804665
804666
804667
804668
804669
804670
804671
804672
804673
804674
804675
804676
804677
804678
804679
804680
804681
804682
804683
804684
804685
804686
804687
804688
804689
804690
804691
804692
804693
804694
804695
804696
804697
804698
804699
804700
804701
804702
804703
804704
804705
804706
804707
804708
804709
804710
804711
804712
804713
804714
804715
804716
804717
804718
804719
804720
804721
804722
804723
804724
804725
804726
804727
804728
804729
804730
804731
804732
804733
804734
804735
804736
804737
804738
804739
804740
804741
804742
804743
804744
804745
804746
804747
804748
804749
804750
804751
804752
804753
804754
804755
804756
804757
804758
804759
804760
804761
804762
804763
804764
804765
804766
804767
804768
804769
804770
804771
804772
804773
804774
804775
804776
804777
804778
804779
804780
804781
804782
804783
804784
804785
804786
804787
804788
804789
804790
804791
804792
