761729
761730
761731
761732
761733
761734
761735
761736
761737
761738
761739
761740
761741
761742
761743
761744
761745
761746
761747
761748
761749
761750
761751
761752
761753
761754
761755
761756
761757
761758
761760
761761
761762
761763
761764
761765
761766
761767
761768
761769
761770
761771
761772
761773
761774
761775
761776
761777
761778
761779
761780
761781
761782
761783
761784
761785
761786
761787
761788
761789
761790
761791
761792
761793
761794
761795
761796
761797
761798
761799
761800
761801
761802
761803
761804
761805
761806
761807
761808
761809
761810
761811
761812
761813
761814
761815
761816
761817
761818
761819
761820
761821
761822
761823
761824
761825
761826
761827
761828
761829
761830
761831
761832
761833
761834
761835
761836
761837
761838
761839
761840
761841
761842
761843
761844
761845
761846
761847
761848
761849
761850
761851
761852
761853
761854
761855
761856
761857
761858
761859
761860
761861
761862
761863
761864
761865
761866
761867
761868
761869
761870
761871
761872
761873
761874
761875
761876
761877
761878
761879
761880
761881
761882
761883
761884
761885
761886
761887
761888
761889
761890
761891
761892
761893
761894
761895
761896
761897
761898
761899
761900
761901
761902
761903
761904
761905
761906
761907
761908
761909
761910
761911
761912
761913
761914
761915
761916
761917
761918
761919
761920
761921
761922
761923
761924
761925
761926
761927
761928
761929
761930
761931
761932
761933
761934
761935
761936
761937
761938
761939
761940
761941
761942
761943
761944
761945
761946
761947
761948
761949
761950
761951
761952
761953
761954
761955
761956
761957
761958
761959
761960
761961
761962
761963
761964
761965
761966
761967
761968
761969
761970
761971
761972
761973
761974
761975
761976
761977
761978
761979
761980
761981
761982
761983
761984
761985
761986
761987
761988
761989
761990
761991
761992
761993
761994
761995
761996
761997
761998
761999
762000
762001
762002
762003
762004
762005
762006
762007
762008
762009
762010
762011
762012
762013
762014
762015
762016
762017
762018
762019
762020
762021
762022
762023
762024
762025
762026
762027
762028
762029
762030
762031
762032
762033
762034
762035
762036
762037
762038
762039
762040
762041
762042
762043
762044
762045
762046
762047
762048
762049
762050
762051
762052
762053
762054
762055
762056
762057
762058
762059
762060
762061
762062
762063
762064
762065
762066
762067
762068
762069
762070
762071
762072
762073
762074
762075
762076
762077
762078
762079
762080
762081
762082
762083
762084
762085
762086
762087
762088
762089
762090
762091
762092
762093
762094
762095
762096
762097
762098
762099
762100
762101
762102
762103
762104
762105
762106
762107
762108
762109
762110
762111
762112
762113
762114
762115
762116
762117
762118
762119
762120
762121
762122
762123
762124
762125
762126
762127
762128
762129
762130
762131
762132
762133
762134
762135
762136
762137
762138
762139
762140
762141
762142
762143
762144
762145
762146
762147
762148
762149
762150
762151
762152
762153
762154
762155
762156
762157
762158
762159
762160
762161
762162
762163
762164
762165
762166
762167
762168
762169
762170
762171
762172
762173
762174
762175
762176
762177
762178
762179
762180
762181
762182
762183
762184
762185
762186
762187
762188
762189
762190
762191
762192
762193
762194
762195
762196
762197
762198
762199
762200
762201
762202
762203
762204
762205
762206
762207
762208
762209
762210
762211
762212
762213
762214
762215
762216
762217
762218
762219
762220
762221
762222
762223
762224
762225
762226
762227
762228
762229
762230
762231
762232
762233
762234
762235
762236
762237
762238
762239
762240
762241
762242
762243
762244
762245
762246
762247
762248
762249
762250
762251
762252
762253
762254
762255
762256
762257
762258
762259
762260
762261
762262
762263
762264
762265
762266
762267
762268
762269
762270
762271
762272
762273
762274
762275
762276
762277
762278
762279
762280
762281
762282
762283
762284
762285
762286
762287
762288
762289
762290
762291
762292
762293
762294
762295
762296
762297
762298
762299
762300
762301
762302
762303
762304
762305
762306
762307
762308
762309
762310
762311
762312
762313
762314
762315
762316
762317
762318
762319
762320
762321
762322
762323
762324
762325
762326
762327
762328
762329
762330
762331
762332
762333
762334
762335
762336
762337
762338
762339
762340
762341
762342
762343
762344
762345
762346
762347
762348
762349
762350
762351
762352
762353
762354
762355
762356
762357
762358
762359
762360
762361
762362
762363
762364
762365
762366
762367
762368
762369
762370
762371
762372
762373
762374
762375
762376
762377
762378
762379
762380
762381
762382
762383
762384
762385
762386
762387
762388
762389
762390
762391
762392
762393
762394
762395
762396
762397
762398
762399
762400
762401
762402
762403
762404
762405
762406
762407
762408
762409
762410
762411
762412
762413
762414
762415
762416
762417
762418
762419
762420
762421
762422
762423
762424
762425
762426
762427
762428
762429
762430
762431
762432
762433
762434
762435
762436
762437
762438
762439
762440
762441
762442
762443
762444
762445
762446
762447
762448
762449
762450
762451
762452
762453
762454
762455
762456
762457
762458
762459
762460
762461
762462
762463
762464
762465
762466
762467
762468
762469
762470
762471
762472
762473
762474
762475
762476
762477
762478
762479
762480
762481
762482
762483
762484
762485
762486
762487
762488
762489
762490
762491
762492
762493
762494
762495
762496
762497
762498
762499
762500
762501
762502
762503
762504
762505
762506
762507
762508
762509
762510
762511
762512
762513
762514
762515
762516
762517
762518
762519
762520
762521
762522
762523
762524
762525
762526
762527
762528
762529
762530
762531
762532
762533
762534
762535
762536
762537
762538
762539
762540
762541
762542
762543
762544
762545
762546
762547
762548
762549
762550
762551
762552
762553
762554
762555
762556
762557
762558
762559
762560
762561
762562
762563
762564
762565
762566
762567
762568
762569
762570
762571
762572
762573
762574
762575
762576
762577
762578
762579
762580
762581
762582
762583
762584
762585
762586
762587
762588
762589
762590
762591
762592
762593
762594
762595
762596
762597
762598
762599
762600
762601
762602
762603
762604
762605
762606
762607
762608
762609
762610
762611
762612
762613
762614
762615
762616
762617
762618
762619
762620
762621
762622
762623
762624
762625
762626
762627
762628
762629
762630
762631
762632
762633
762634
762635
762636
762637
762638
762639
762640
762641
762642
762643
762644
762645
762646
762647
762648
762649
762650
762651
762652
762653
762654
762655
762656
762657
762658
762659
762660
762661
762662
762663
762664
762665
762666
762667
762668
762669
762670
762671
762672
762673
762674
762675
762676
762677
762678
762679
762680
762681
762682
762683
762684
762685
762686
762687
762688
762689
762690
762691
762692
762693
762694
762695
762696
762697
762698
762699
762700
762701
762702
762703
762704
762705
762706
762707
762708
762709
762710
762711
762712
762713
762714
762715
762716
762717
762718
762719
762720
762721
762722
762723
762724
762725
762726
762727
762728
762729
762730
762731
762732
762733
762734
762735
762736
762737
762738
762739
762740
762741
762742
762743
762744
762745
762746
762747
762748
762749
762750
762751
762752
762753
762754
762755
762756
762757
762758
762759
762760
762761
762762
762763
762764
762765
762766
762767
762768
762769
762770
762771
762772
762773
762774
762775
762776
762777
762778
762779
762780
762781
762782
762783
762784
762785
762786
762787
762788
762789
762790
762791
762792
762793
762794
762795
762796
762797
762798
762799
762800
762801
762802
762803
762804
762805
762806
762807
762808
762809
762810
762811
762812
762813
762814
762815
762816
762817
762818
762819
762820
762821
762822
762823
762824
762825
762826
762827
762828
762829
762830
762831
762832
762833
762834
762835
762836
762837
762838
762839
762840
762841
762842
762843
762844
762845
762846
762847
762848
762849
762850
762851
762852
762853
762854
762855
762856
762857
762858
762859
762860
762861
762862
762863
762864
762865
762866
762867
762868
762869
762870
762871
762872
762873
762874
762875
762876
762877
762878
762879
762880
762881
762882
762883
762884
762885
762886
762887
762888
762889
762890
762891
762892
762893
762894
762895
762896
762897
762898
762899
762900
762901
762902
762903
762904
762905
762906
762907
762908
762909
762910
762911
762912
762913
762914
762915
762916
762917
762918
762919
762920
762921
762922
762923
762924
762925
762926
762927
762928
762929
762930
762931
762932
762933
762934
762935
762936
762937
762938
762939
762940
762941
762942
762943
762944
762945
762946
762947
762948
762949
762950
762951
762952
762953
762954
762955
762956
762957
762958
762959
762960
762961
762962
762963
762964
762965
762966
762967
762968
762969
762970
762971
762972
762973
762974
762975
762976
762977
762978
762979
762980
762981
762982
762983
762984
762985
762986
762987
762988
762989
762990
762991
762992
762993
762994
762995
762996
762997
762998
762999
763000
763001
763002
763003
763004
763005
763006
763007
763008
763009
763010
763011
763012
763013
763014
763015
763016
763017
763018
763019
763020
763021
763022
763023
763024
763025
763026
763027
763028
763029
763030
763031
763032
763033
763034
763035
763036
763037
763038
763039
763040
763041
763042
763043
763044
763045
763046
763047
763048
763049
763050
763051
763052
763053
763054
763055
763056
763057
763058
763059
763060
763061
763062
763063
763064
763065
763066
763067
763068
763069
763070
763071
763072
763073
763074
763075
763076
763077
763078
763079
763080
763081
763082
763083
763084
763085
763086
763087
763088
763089
763090
763091
763092
763093
763094
763095
763096
763097
763098
763099
763100
763101
763102
763103
763104
763105
763106
763107
763108
763109
763110
763111
763112
763113
763114
763115
763116
763117
763118
763119
763120
763121
763122
763123
763124
763125
763126
763127
763128
763129
763130
763131
763132
763133
763134
763135
763136
763137
763138
763139
763140
763141
763142
763143
763144
763145
763146
763147
763148
763149
763150
763151
763152
763153
763154
763155
763156
763157
763158
763159
763160
763161
763162
763163
763164
763165
763166
763167
763168
763169
763170
763171
763172
763173
763174
763175
763176
763177
763178
763179
763180
763181
763182
763183
763184
763185
763186
763187
763188
763189
763190
763191
763192
763193
763194
763195
763196
763197
763198
763199
763200
763201
763202
763203
763204
763205
763206
763207
763208
763209
763210
763211
763212
763213
763214
763215
763216
763217
763218
763219
763220
763221
763222
763223
763224
763225
763226
763227
763228
763229
763230
763231
763232
763233
763234
763235
763236
763237
763238
763239
763240
763241
763242
763243
763244
763245
763246
763247
763248
763249
763250
763251
763252
763253
763254
763255
763256
763257
763258
763259
763260
763261
763262
763263
763264
763265
763266
763267
763268
763269
763270
763271
763272
763273
763274
763275
763276
763277
763278
763279
763280
763281
763282
763283
763284
763285
763286
763287
763288
763289
763290
763291
763292
763293
763294
763295
763296
763297
763298
763299
763300
763301
763302
763303
763304
763305
763306
763307
763308
763309
763310
763311
763312
763313
763314
763315
763316
763317
763318
763319
763320
763321
763322
763323
763324
763325
763326
763327
763328
763329
763330
763331
763332
763333
763334
763335
763336
763337
763338
763339
763340
763341
763342
763343
763344
763345
763346
763347
763348
763349
763350
763351
763352
763353
763354
763355
763356
763357
763358
763359
763360
763361
763362
763363
763364
763365
763366
763367
763368
763369
763370
763371
763372
763373
763374
763375
763376
763377
763378
763379
763380
763381
763382
763383
763384
763385
763386
763387
763388
763389
763390
763391
763392
763393
763394
763395
763396
763397
763398
763399
763400
763401
763402
763403
763404
763405
763406
763407
763408
763409
763410
763411
763412
763413
763414
763415
763416
763417
763418
763419
763420
763421
763422
763423
763424
763425
763426
763427
763428
763429
763430
763431
763432
763433
763434
763435
763436
763437
763438
763439
763440
763441
763442
763443
763444
763445
763446
763447
763448
763449
763450
763451
763452
763453
763454
763455
763456
763457
763458
763459
763460
763461
763462
763463
763464
763465
763466
763467
763468
763469
763470
763471
763472
763473
763474
763475
763476
763477
763478
763479
763480
763481
763482
763483
763484
763485
763486
763487
763488
763489
763490
763491
763492
763493
763494
763495
763496
763497
763498
763499
763500
763501
763502
763503
763504
763505
763506
763507
763508
763509
763510
763511
763512
763513
763514
763515
763516
763517
763518
763519
763520
763521
763522
763523
763524
763525
763526
763527
763528
763529
763530
763531
763532
763533
763534
763535
763536
763537
763538
763539
763540
763541
763542
763543
763544
763545
763546
763547
763548
763549
763550
763551
763552
763553
763554
763555
763556
763557
763558
763559
763560
763561
763562
763563
763564
763565
763566
763567
763568
763569
763570
763571
763572
763573
763574
763575
763576
763577
763578
763579
763580
763581
763582
763583
763584
763585
763586
763587
763588
763589
763590
763591
763592
763593
763594
763595
763596
763597
763598
763599
763600
763601
763602
763603
763604
763605
763606
763607
763608
763609
763610
763611
763612
763613
763614
763615
763616
763617
763618
763619
763620
763621
763622
763623
763624
763625
763626
763627
763628
763629
763630
763631
763632
763633
763634
763635
763636
763637
763638
763639
763640
763641
763642
763643
763644
763645
763646
763647
763648
763649
763650
763651
763652
763653
763654
763655
763656
763657
763658
763659
763660
763661
763662
763663
763664
763665
763666
763667
763668
763669
763670
763671
763672
763673
763674
763675
763676
763677
763678
763679
763680
763681
763682
763683
763684
763685
763686
763687
763688
763689
763690
763691
763692
763693
763694
763695
763696
763697
763698
763699
763700
763701
763702
763703
763704
763705
763706
763707
763708
763709
763710
763711
763712
763713
763714
763715
763716
763717
763718
763719
763720
763721
763722
763723
763724
763725
763726
763727
763728
763729
763730
763731
763732
763733
763734
763735
763736
763737
763738
763739
763740
763741
763742
763743
763744
763745
763746
763747
763748
763749
763750
763751
763752
763753
763754
763755
763756
763757
763758
763759
763760
763761
763762
763763
763764
763765
763766
763767
763768
763769
763770
763771
763772
763773
763774
763775
763776
763777
763778
763779
763780
763781
763782
763783
763784
763785
763786
763787
763788
763789
763790
763791
763792
763793
763794
763795
763796
763797
763798
763799
763800
763801
763802
763803
763804
763805
763806
763807
763808
763809
763810
763811
763812
763813
763814
763815
763816
763817
763818
763819
763820
763821
763822
763823
763824
763825
763826
763827
763828
763829
763830
763831
763832
763833
763834
763835
763836
763837
763838
763839
763840
763841
763842
763843
763844
763845
763846
763847
763848
763849
763850
763851
763852
763853
763854
763855
763856
763857
763858
763859
763860
763861
763862
763863
763864
763865
763866
763867
763868
763869
763870
763871
763872
763873
763874
763875
763876
763877
763878
763879
763880
763881
763882
763883
763884
763885
763886
763887
763888
763889
763890
763891
763892
763893
763894
763895
763896
763897
763898
763899
763900
763901
763902
763903
763904
763905
763906
763907
763908
763909
763910
763911
763912
763913
763914
763915
763916
763917
763918
763919
763920
763921
763922
763923
763924
763925
763926
763927
763928
763929
763930
763931
763932
763933
763934
763935
763936
763937
763938
763939
763940
763941
763942
763943
763944
763945
763946
763947
763948
763949
763950
763951
763952
763953
763954
763955
763956
763957
763958
763959
763960
763961
763962
763963
763964
763965
763966
763967
763968
763969
763970
763971
763972
763973
763974
763975
763976
763977
763978
763979
763980
763981
763982
763983
763984
763985
763986
763987
763988
763989
763990
763991
763992
763993
763994
763995
763996
763997
763998
763999
764000
764001
764002
764003
764004
764005
764006
764007
764008
764009
764010
764011
764012
764013
764014
764015
764016
764017
764018
764019
764020
764021
764022
764023
764024
764025
764026
764027
764028
764029
764030
764031
764032
764033
764034
764035
764036
764037
764038
764039
764040
764041
764042
764043
764044
764045
764046
764047
764048
764049
764050
764051
764052
764053
764054
764055
764056
764057
764058
764059
764060
764061
764062
764063
764064
764065
764066
764067
764068
764069
764070
764071
764072
764073
764074
764075
764076
764077
764078
764079
764080
764081
764082
764083
764084
764085
764086
764087
764088
764089
764090
764091
764092
764093
764094
764095
764096
764097
764098
764099
764100
764101
764102
764103
764104
764105
764106
764107
764108
764109
764110
764111
764112
764113
764114
764115
764116
764117
764118
764119
764120
764121
764122
764123
764124
764125
764126
764127
764128
764129
764130
764131
764132
764133
764134
764135
764136
764137
764138
764139
764140
764141
764142
764143
764144
764145
764146
764147
764148
764149
764150
764151
764152
764153
764154
764155
764156
764157
764158
764159
764160
764161
764162
764163
764164
764165
764166
764167
764168
764169
764170
764171
764172
764173
764174
764175
764176
764177
764178
764179
764180
764181
764182
764183
764184
764185
764186
764187
764188
764189
764190
764191
764192
764193
764194
764195
764196
764197
764198
764199
764200
764201
764202
764203
764204
764205
764206
764207
764208
764209
764210
764211
764212
764213
764214
764215
764216
764217
764218
764219
764220
764221
764222
764223
764224
764225
764226
764227
764228
764229
764230
764231
764232
764233
764234
764235
764236
764237
764238
764239
764240
764241
764242
764243
764244
764245
764246
764247
764248
764249
764250
764251
764252
764253
764254
764255
764256
764257
764258
764259
764260
764261
764262
764263
764264
764265
764266
764267
764268
764269
764270
764271
764272
764273
764274
764275
764276
764277
764278
764279
764280
764281
764282
764283
764284
764285
764286
764287
764288
764289
764290
764291
764292
764293
764294
764295
764296
764297
764298
764299
764300
764301
764302
764303
764304
764305
764306
764307
764308
764309
764310
764311
764312
764313
764314
764315
764316
764317
764318
764319
764320
764321
764322
764323
764324
764325
764326
764327
764328
764329
764330
764331
764332
764333
764334
764335
764336
764337
764338
764339
764340
764341
764342
764343
764344
764345
764346
764347
764348
764349
764350
764351
764352
764353
764354
764355
764356
764357
764358
764359
764360
764361
764362
764363
764364
764365
764366
764367
764368
764369
764370
764371
764372
764373
764374
764375
764376
764377
764378
764379
764380
764381
764382
764383
764384
764385
764386
764387
764388
764389
764390
764391
764392
764393
764394
764395
764396
764397
764398
764399
764400
764401
764402
764403
764404
764405
764406
764407
764408
764409
764410
764411
764412
764413
764414
764415
764416
764417
764418
764419
764420
764421
764422
764423
764424
764425
764426
764427
764428
764429
764430
764431
764432
764433
764434
764435
764436
764437
764438
764439
764440
764441
764442
764443
764444
764445
764446
764447
764448
764449
764450
764451
764452
764453
764454
764455
764456
764457
764458
764459
764460
764461
764462
764463
764464
764465
764466
764467
764468
764469
764470
764471
764472
764473
764474
764475
764476
764477
764478
764479
764480
764481
764482
764483
764484
764485
764486
764487
764488
764489
764490
764491
764492
764493
764494
764495
764496
764497
764498
764499
764500
764501
764502
764503
764504
764505
764506
764507
764508
764509
764510
764511
764512
764513
764514
764515
764516
764517
764518
764519
764520
764521
764522
764523
764524
764525
764526
764527
764528
764529
764530
764531
764532
764533
764534
764535
764536
764537
764538
764539
764540
764541
764542
764543
764544
764545
764546
764547
764548
764549
764550
764551
764552
764553
764554
764555
764556
764557
764558
764559
764560
764561
764562
764563
764564
764565
764566
764567
764568
764569
764570
764571
764572
764573
764574
764575
764576
764577
764578
764579
764580
764581
764582
764583
764584
764585
764586
764587
764588
764589
764590
764591
764592
764593
764594
764595
764596
764597
764598
764599
764600
764601
764602
764603
764604
764605
764606
764607
764608
764609
764610
764611
764612
764613
764614
764615
764616
764617
764618
764619
764620
764621
764622
764623
764624
764625
764626
764627
764628
764629
764630
764631
764632
764633
764634
764635
764636
764637
764638
764639
764640
764641
764642
764643
764644
764645
764646
764647
764648
764649
764650
764651
764652
764653
764654
764655
764656
764657
764658
764659
764660
764661
764662
764663
764664
764665
764666
764667
764668
764669
764670
764671
764672
764673
764674
764675
764676
764677
764678
764679
764680
764681
764682
764683
764684
764685
764686
764687
764688
764689
764690
764691
764692
764693
764694
764695
764696
764697
764698
764699
764700
764701
764702
764703
764704
764705
764706
764707
764708
764709
764710
764711
764712
764713
764714
764715
764716
764717
764718
764719
764720
764721
764722
764723
764724
764725
764726
764727
764728
764729
764730
764731
764732
764733
764734
764735
764736
764737
764738
764739
764740
764741
764742
764743
764744
764745
764746
764747
764748
764749
764750
764751
764752
764753
764754
764755
764756
764757
764758
764759
764760
764761
764762
764763
764764
764765
764766
764767
764768
764769
764770
764771
764772
764773
764774
764775
764776
764777
764778
764779
764780
764781
764782
764783
764784
764785
764786
764787
764788
764789
764790
764791
764792
764793
764794
764795
764796
764797
764798
764799
764800
764801
764802
764803
764804
764805
764806
764807
764808
764809
764810
764811
764812
764813
764814
764815
764816
764817
764818
764819
764820
764821
764822
764823
764824
764825
764826
764827
764828
764829
764830
764831
764832
764833
764834
764835
764836
764837
764838
764839
764840
764841
764842
764843
764844
764845
764846
764847
764848
764849
764850
764851
764852
764853
764854
764855
764856
764857
764858
764859
764860
764861
764862
764863
764864
764865
764866
764867
764868
764869
764870
764871
764872
764873
764874
764875
764876
764877
764878
764879
764880
764881
764882
764883
764884
764885
764886
764887
764888
764889
764890
764891
764892
764893
764894
764895
764896
764897
764898
764899
764900
764901
764902
764903
764904
764905
764906
764907
764908
764909
764910
764911
