688147
688148
688149
688150
688151
688152
688153
688154
688155
688156
688157
688158
688159
688160
688161
688162
688163
688164
688165
688166
688167
688168
688169
688170
688171
688172
688173
688174
688175
688176
688177
688178
688179
688180
688181
688182
688183
688184
688185
688186
688187
688188
688189
688190
688191
688192
688193
688194
688195
688196
688197
688198
688199
688200
688201
688202
688203
688204
688205
688206
688207
688208
688209
688210
688211
688212
688213
688214
688215
688216
688217
688218
688219
688220
688221
688222
688223
688224
688225
688226
688227
688228
688229
688230
688231
688232
688233
688234
688235
688236
688237
688238
688239
688240
688241
688242
688243
688244
688245
688246
688247
688248
688249
688250
688251
688252
688253
688254
688255
688256
688257
688258
688259
688260
688261
688262
688263
688264
688265
688266
688267
688268
688269
688270
688271
688272
688273
688274
688275
688276
688277
688278
688279
688280
688281
688282
688283
688284
688285
688286
688287
688288
688289
688290
688291
688292
688293
688294
688295
688296
688297
688298
688299
688300
688301
688302
688303
688304
688305
688306
688307
688308
688309
688310
688311
688312
688313
688314
688315
688316
688317
688318
688319
688320
688321
688322
688323
688324
688325
688326
688327
688328
688329
688330
688331
688332
688333
688334
688335
688336
688337
688338
688339
688340
688341
688342
688343
688344
688345
688346
688347
688348
688349
688350
688351
688352
688353
688354
688355
688356
688357
688358
688359
688360
688361
688362
688363
688364
688365
688366
688367
688368
688369
688370
688371
688372
688373
688374
688375
688376
688377
688378
688379
688380
688381
688382
688383
688384
688385
688386
688387
688388
688389
688390
688391
688392
688393
688394
688395
688396
688397
688398
688399
688400
688401
688402
688403
688404
688405
688406
688407
688408
688409
688410
688411
688412
688413
688414
688415
688416
688417
688418
688419
688420
688421
688422
688423
688424
688425
688426
688427
688428
688429
688430
688431
688432
688433
688434
688435
688436
688437
688438
688439
688440
688441
688442
688443
688444
688445
688446
688447
688448
688449
688450
688451
688452
688453
688454
688455
688456
688457
688458
688459
688460
688461
688462
688463
688464
688465
688466
688467
688468
688469
688470
688471
688472
688473
688474
688475
688476
688477
688478
688479
688480
688481
688482
688483
688484
688485
688486
688487
688488
688489
688490
688491
688492
688493
688494
688495
688496
688497
688498
688499
688500
688501
688502
688503
688504
688505
688506
688507
688508
688509
688510
688511
688512
688513
688514
688515
688516
688517
688518
688519
688520
688521
688522
688523
688524
688525
688526
688527
688528
688529
688530
688531
688532
688533
688534
688535
688536
688537
688538
688539
688540
688541
688542
688543
688544
688545
688546
688547
688548
688549
688550
688551
688552
688553
688554
688555
688556
688557
688558
688559
688560
688561
688562
688563
688564
688565
688566
688567
688568
688569
688570
688571
688572
688573
688574
688575
688576
688577
688578
688579
688580
688581
688582
688583
688584
688585
688586
688587
688588
688589
688590
688591
688592
688593
688594
688595
688596
688597
688598
688599
688600
688601
688602
688603
688604
688605
688606
688607
688608
688609
688610
688611
688612
688613
688614
688615
688616
688617
688618
688619
688620
688621
688622
688623
688624
688625
688626
688627
688628
688629
688630
688631
688632
688633
688634
688635
688636
688637
688638
688639
688640
688641
688642
688643
688644
688645
688646
688647
688648
688649
688650
688651
688652
688653
688654
688655
688656
688657
688658
688659
688660
688661
688662
688663
688664
688665
688666
688667
688668
688669
688670
688671
688672
688673
688674
688675
688676
688677
688678
688679
688680
688681
688682
688683
688684
688685
688686
688687
688688
688689
688690
688691
688692
688693
688694
688695
688696
688697
688698
688699
688700
688701
688702
688703
688704
688705
688706
688707
688708
688709
688710
688711
688712
688713
688714
688715
688716
688717
688718
688719
688720
688721
688722
688723
688724
688725
688726
688727
688728
688729
688730
688731
688732
688733
688734
688735
688736
688737
688738
688739
688740
688741
688742
688743
688744
688745
688746
688747
688748
688749
688750
688751
688752
688753
688754
688755
688756
688757
688758
688759
688760
688761
688762
688763
688764
688765
688766
688767
688768
688769
688770
688771
688772
688773
688774
688775
688776
688777
688778
688779
688780
688781
688782
688783
688784
688785
688786
688787
688788
688789
688790
688791
688792
688793
688794
688795
688796
688797
688798
688799
688800
688801
688802
688803
688804
688805
688806
688807
688808
688809
688810
688811
688812
688813
688814
688815
688816
688817
688818
688819
688820
688821
688822
688823
688824
688825
688826
688827
688828
688829
688830
688831
688832
688833
688834
688835
688836
688837
688838
688839
688840
688841
688842
688843
688844
688845
688846
688847
688848
688849
688850
688851
688852
688853
688854
688855
688856
688857
688858
688859
688860
688861
688862
688863
688864
688865
688866
688867
688868
688869
688870
688871
688872
688873
688874
688875
688876
688877
688878
688879
688880
688881
688882
688883
688884
688885
688886
688887
688888
688889
688890
688891
688892
688893
688894
688895
688896
688897
688898
688899
688900
688901
688902
688903
688904
688905
688906
688907
688908
688909
688910
688911
688912
688913
688914
688915
688916
688917
688918
688919
688920
688921
688922
688923
688924
688925
688926
688927
688928
688929
688930
688931
688932
688933
688934
688935
688936
688937
688938
688939
688940
688941
688942
688943
688944
688945
688946
688947
688948
688949
688950
688951
688952
688953
688954
688955
688956
688957
688958
688959
688960
688961
688962
688963
688964
688965
688966
688967
688968
688969
688970
688971
688972
688973
688974
688975
688976
688977
688978
688979
688980
688981
688982
688983
688984
688985
688986
688987
688988
688989
688990
688991
688992
688993
688994
688995
688996
688997
688998
688999
689000
689001
689002
689003
689004
689005
689006
689007
689008
689009
689010
689011
689012
689013
689014
689015
689016
689017
689018
689019
689020
689021
689022
689023
689024
689025
689026
689027
689028
689029
689030
689031
689032
689033
689034
689035
689036
689037
689038
689039
689040
689041
689042
689043
689044
689045
689046
689047
689048
689049
689050
689051
689052
689053
689054
689055
689056
689057
689058
689059
689060
689061
689062
689063
689064
689065
689066
689067
689068
689069
689070
689071
689072
689073
689074
689075
689076
689077
689078
689079
689080
689081
689082
689083
689084
689085
689086
689087
689088
689089
689090
689091
689092
689093
689094
689095
689096
689097
689098
689099
689100
689101
689102
689103
689104
689105
689106
689107
689108
689109
689110
689111
689112
689113
689114
689115
689116
689117
689118
689119
689120
689121
689122
689123
689124
689125
689126
689127
689128
689129
689130
689131
689132
689133
689134
689135
689136
689137
689138
689139
689140
689141
689142
689143
689144
689145
689146
689147
689148
689149
689150
689151
689152
689153
689154
689155
689156
689157
689158
689159
689160
689161
689162
689163
689164
689165
689166
689167
689168
689169
689170
689171
689172
689173
689174
689175
689176
689177
689178
689179
689180
689181
689182
689183
689184
689185
689186
689187
689188
689189
689190
689191
689192
689193
689194
689195
689196
689197
689198
689199
689200
689201
689202
689203
689204
689205
689206
689207
689208
689209
689210
689211
689212
689213
689214
689215
689216
689217
689218
689219
689220
689221
689222
689223
689224
689225
689226
689227
689228
689229
689230
689231
689232
689233
689234
689235
689236
689237
689238
689239
689240
689241
689242
689243
689244
689245
689246
689247
689248
689249
689250
689251
689252
689253
689254
689255
689256
689257
689258
689259
689260
689261
689262
689263
689264
689265
689266
689267
689268
689269
689270
689271
689272
689273
689274
689275
689276
689277
689278
689279
689280
689281
689282
689283
689284
689285
689286
689287
689288
689289
689290
689291
689292
689293
689294
689295
689296
689297
689298
689299
689300
689301
689302
689303
689304
689305
689306
689307
689308
689309
689310
689311
689312
689313
689314
689315
689316
689317
689318
689319
689320
689321
689322
689323
689324
689325
689326
689327
689328
689329
689330
689331
689332
689333
689334
689335
689336
689337
689338
689339
689340
689341
689342
689343
689344
689345
689346
689347
689348
689349
689350
689351
689352
689353
689354
689355
689356
689357
689358
689359
689360
689361
689362
689363
689364
689365
689366
689367
689368
689369
689370
689371
689372
689373
689374
689375
689376
689377
689378
689379
689380
689381
689382
689383
689384
689385
689386
689387
689388
689389
689390
689391
689392
689393
689394
689395
689396
689397
689398
689399
689400
689401
689402
689403
689404
689405
689406
689407
689408
689409
689410
689411
689412
689413
689414
689415
689416
689417
689418
689419
689420
689421
689422
689423
689424
689425
689426
689427
689428
689429
689430
689431
689432
689433
689434
689435
689436
689437
689438
689439
689440
689441
689442
689443
689444
689445
689446
689447
689448
689449
689450
689451
689452
689453
689454
689455
689456
689457
689458
689459
689460
689461
689462
689463
689464
689465
689466
689467
689468
689469
689470
689471
689472
689473
689474
689475
689476
689477
689478
689479
689480
689481
689482
689483
689484
689485
689486
689487
689488
689489
689490
689491
689492
689493
689494
689495
689496
689497
689498
689499
689500
689501
689502
689503
689504
689505
689506
689507
689508
689509
689510
689511
689512
689513
689514
689515
689516
689517
689518
689519
689520
689521
689522
689523
689524
689525
689526
689527
689528
689529
689530
689531
689532
689533
689534
689535
689536
689537
689538
689539
689540
689541
689542
689543
689544
689545
689546
689547
689548
689549
689550
689551
689552
689553
689554
689555
689556
689557
689558
689559
689560
689561
689562
689563
689564
689565
689566
689567
689568
689569
689570
689571
689572
689573
689574
689575
689576
689577
689578
689579
689580
689581
689582
689583
689584
689585
689586
689587
689588
689589
689590
689591
689592
689593
689594
689595
689596
689597
689598
689599
689600
689601
689602
689603
689604
689605
689606
689607
689608
689609
689610
689611
689612
689613
689614
689615
689616
689617
689618
689619
689620
689621
689622
689623
689624
689625
689626
689627
689628
689629
689630
689631
689632
689633
689634
689635
689636
689637
689638
689639
689640
689641
689642
689643
689644
689645
689646
689647
689648
689649
689650
689651
689652
689653
689654
689655
689656
689657
689658
689659
689660
689661
689662
689663
689664
689665
689666
689667
689668
689669
689670
689671
689672
689673
689674
689675
689676
689677
689678
689679
689680
689681
689682
689683
689684
689685
689686
689687
689688
689689
689690
689691
689692
689693
689694
689695
689696
689697
689698
689699
689700
689701
689702
689703
689704
689705
689706
689707
689708
689709
689710
689711
689712
689713
689714
689715
689716
689717
689718
689719
689720
689721
689722
689723
689724
689725
689726
689727
689728
689729
689730
689731
689732
689733
689734
689735
689736
689737
689738
689739
689740
689741
689742
689743
689744
689745
689746
689747
689748
689749
689750
689751
689752
689753
689754
689755
689756
689757
689758
689759
689760
689761
689762
689763
689764
689765
689766
689767
689768
689769
689770
689771
689772
689773
689774
689775
689776
689777
689778
689779
689780
689781
689782
689783
689784
689785
689786
689787
689788
689789
689790
689791
689792
689793
689794
689795
689796
689797
689798
689799
689800
689801
689802
689803
689804
689805
689806
689807
689808
689809
689810
689811
689812
689813
689814
689815
689816
689817
689818
689819
689820
689821
689822
689823
689824
689825
689826
689827
689828
689829
689830
689831
689832
689833
689834
689835
689836
689837
689838
689839
689840
689841
689842
689843
689844
689845
689846
689847
689848
689849
689850
689851
689852
689853
689854
689855
689856
689857
689858
689859
689860
689861
689862
689863
689864
689865
689866
689867
689868
689869
689870
689871
689872
689873
689874
689875
689876
689877
689878
689879
689880
689881
689882
689883
689884
689885
689886
689887
689888
689889
689890
689891
689892
689893
689894
689895
689896
689897
689898
689899
689900
689901
689902
689903
689904
689905
689906
689907
689908
689909
689910
689911
689912
689913
689914
689915
689916
689917
689918
689919
689920
689921
689922
689923
689924
689925
689926
689927
689928
689929
689930
689931
689932
689933
689934
689935
689936
689937
689938
689939
689940
689941
689942
689943
689944
689945
689946
689947
689948
689949
689950
689951
689952
689953
689954
689955
689956
689957
689958
689959
689960
689961
689962
689963
689964
689965
689966
689967
689968
689969
689970
689971
689972
689973
689974
689975
689976
689977
689978
689979
689980
689981
689982
689983
689984
689985
689986
689987
689988
689989
689990
689991
689992
689993
689994
689995
689996
689997
689998
689999
690000
690001
690002
690003
690004
690005
690006
690007
690008
690009
690010
690011
690012
690013
690014
690015
690016
690017
690018
690019
690020
690021
690022
690023
690024
690025
690026
690027
690028
690029
690030
690031
690032
690033
690034
690035
690036
690037
690038
690039
690040
690041
690042
690043
690044
690045
690046
690047
690048
690049
690050
690051
690052
690053
690054
690055
690056
690057
690058
690059
690060
690061
690062
690063
690064
690065
690066
690067
690068
690069
690070
690071
690072
690073
690074
690075
690076
690077
690078
690079
690080
690081
690082
690083
690084
690085
690086
690087
690088
690089
690090
690091
690092
690093
690094
690095
690096
690097
690098
690099
690100
690101
690102
690103
690104
690105
690106
690107
690108
690109
690110
690111
690112
690113
690114
690115
690116
690117
690118
690119
690120
690121
690122
690123
690124
690125
690126
690127
690128
690129
690130
690131
690132
690133
690134
690135
690136
690137
690138
690139
690140
690141
690142
690143
690144
690145
690146
690147
690148
690149
690150
690151
690152
690153
690154
690155
690156
690157
690158
690159
690160
690161
690162
690163
690164
690165
690166
690167
690168
690169
690170
690171
690172
690173
690174
690175
690176
690178
690179
690180
690181
690182
690183
690184
690185
690186
690187
690188
690189
690190
690191
690192
690193
690194
690195
690196
690197
690198
690199
690200
690201
690202
690203
690204
690205
690206
690207
690208
690209
690210
690211
690212
690213
690214
690215
690216
690217
690218
690219
690220
690221
690222
690223
690224
690225
690226
690227
690228
690229
690230
690231
690232
690233
690234
690235
690236
690237
690238
690239
690240
690241
690242
690243
690244
690245
690246
690247
690248
690249
690250
690251
690252
690253
690254
690255
690256
690257
690258
690259
690260
690261
690262
690263
690264
690265
690266
690267
690268
690269
690270
690271
690272
690273
690274
690275
690276
690277
690278
690279
690280
690281
690282
690283
690284
690285
690286
690287
690288
690289
690290
690291
690292
690293
690294
690295
690296
690297
690298
690299
690300
690301
690302
690303
690304
690305
690306
690307
690308
690309
690310
690311
690312
690313
690314
690315
690316
690317
690318
690319
690320
690321
690322
690323
690324
690325
690326
690327
690328
690329
690330
690331
690332
690333
690334
690335
690336
690337
690338
690339
690340
690341
690342
690343
690344
690345
690346
690347
690348
690349
690350
690351
690352
690353
690354
690355
690356
690357
690358
690359
690360
690361
690362
690363
690364
690365
690366
690367
690368
690369
690370
690371
690372
690373
690374
690375
690376
690377
690378
690379
690380
690381
690382
690383
690384
690385
690386
690387
690388
690389
690390
690391
690392
690393
690394
690395
690396
690397
690398
690399
690400
690401
690402
690403
690404
690405
690406
690407
690408
690409
690410
690411
690412
690413
690414
690415
690416
690417
690418
690419
690420
690421
690422
690423
690424
690425
690426
690427
690428
690429
690430
690431
690432
690433
690434
690435
690436
690437
690438
690439
690440
690441
690442
690443
690444
690445
690446
690447
690448
690449
690450
690451
690452
690453
690454
690455
690456
690457
690458
690459
690460
690461
690462
690463
690464
690465
690466
690467
690468
690469
690470
690471
690472
690473
690474
690475
690476
690477
690478
690479
690480
690481
690482
690483
690484
690485
690486
690487
690488
690489
690490
690491
690492
690493
690494
690495
690496
690497
690498
690499
690500
690501
690502
690503
690504
690505
690506
690507
690508
690509
690510
690511
690512
690513
690514
690515
690516
690517
690518
690519
690520
690521
690522
690523
690524
690525
690526
690527
690528
690529
690530
690531
690532
690533
690534
690535
690536
690537
690538
690539
690540
690541
690542
690543
690544
690545
690546
690547
690548
690549
690550
690551
690552
690553
690554
690555
690556
690557
690558
690559
690560
690561
690562
690563
690564
690565
690566
690567
690568
690569
690570
690571
690572
690573
690574
690575
690576
690577
690578
690579
690580
690581
690582
690583
690584
690585
690586
690587
690588
690589
690590
690591
690592
690593
690594
690595
690596
690597
690598
690599
690600
690601
690602
690603
690604
690605
690606
690607
690608
690609
690610
690611
690612
690613
690614
690615
690616
690617
690618
690619
690620
690621
690622
690623
690624
690625
690626
690627
690628
690629
690630
690631
690632
690633
690634
690635
690636
690637
690638
690639
690640
690641
690642
690643
690644
690645
690646
690647
690648
690649
690650
690651
690652
690653
690654
690655
690656
690657
690658
690659
690660
690661
690662
690663
690664
690665
690666
690667
690668
690669
690670
690671
690672
690673
690674
690675
690676
690677
690678
690679
690680
690681
690682
690683
690684
690685
690686
690687
690688
690689
690690
690691
690692
690693
690694
690695
690696
690697
690698
690699
690700
690701
690702
690703
690704
690705
690706
690707
690708
690709
690710
690711
690712
690713
690714
690715
690716
690717
690718
690719
690720
690721
690722
690723
690724
690725
690726
690727
690728
690729
690730
690731
690732
690733
690734
690735
690736
690737
690738
690739
690740
690741
690742
690743
690744
690745
690746
690747
690748
690749
690750
690751
690752
690753
690754
690755
690756
690757
690758
690759
690760
690761
690762
690763
690764
690765
690766
690767
690768
690769
690770
690771
690772
690773
690774
690775
690776
690777
690778
690779
690780
690781
690782
690783
690784
690785
690786
690787
690788
690789
690790
690791
690792
690793
690794
690795
690796
690797
690798
690799
690800
690801
690802
690803
690804
690805
690806
690807
690808
690809
690810
690811
690812
690813
690814
690815
690816
690817
690818
690819
690820
690821
690822
690823
690824
690825
690826
690827
690828
690829
690830
690831
690832
690833
690834
690835
690836
690837
690838
690839
690840
690841
690842
690843
690844
690845
690846
690847
690848
690849
690850
690851
690852
690853
690854
690855
690856
690857
690858
690859
690860
690861
690862
690863
690864
690865
690866
690867
690868
690869
690870
690871
690872
690873
690874
690875
690876
690877
690878
690879
690880
690881
690882
690883
690884
690885
690886
690887
690888
690889
690890
690891
690892
690893
690894
690895
690896
690897
690898
690899
690900
690901
690902
690903
690904
690905
690906
690907
690908
690909
690910
690911
690912
690913
690914
690915
690916
690917
690918
690919
690920
690921
690922
690923
690924
690925
690926
690927
690928
690929
690930
690931
690932
690933
690934
690935
690936
690937
690938
690939
690940
690941
690942
690943
690944
690945
690946
690947
690948
690949
690950
690951
690952
690953
690954
690955
690956
690957
690958
690959
690960
690961
690962
690963
690964
690965
690966
690967
690968
690969
690970
690971
690972
690973
690974
690975
690976
690977
690978
690979
690980
690981
690982
690983
690984
690985
690986
690987
690988
690989
690990
690991
690992
690993
690994
690995
690996
690997
690998
690999
691000
691001
691002
691003
691004
691005
691006
691007
691008
691009
691010
691011
691012
691013
691014
691015
691016
691017
691018
691019
691020
691021
691022
691023
691024
691025
691026
691027
691028
691029
691030
691031
691032
691033
691034
691035
691036
691037
691038
691039
691040
691041
691042
691043
691044
691045
691046
691047
691048
691049
691050
691051
691052
691053
691054
691055
691056
691057
691058
691059
691060
691061
691062
691063
691064
691065
691066
691067
691068
691069
691070
691071
691072
691073
691074
691075
691076
691077
691078
691079
691080
691081
691082
691083
691084
691085
691086
691087
691088
691089
691090
691091
691092
691093
691094
691095
691096
691097
691098
691099
691100
691101
691102
691103
691104
691105
691106
691107
691108
691109
691110
691111
691112
691113
691114
691115
691116
691117
691118
691119
691120
691121
691122
691123
691124
691125
691126
691127
691128
691129
691130
691131
691132
691133
691134
691135
691136
691137
691138
691139
691140
691141
691142
691143
691144
691145
691146
691147
691148
691149
691150
691151
691152
691153
691154
691155
691156
691157
691158
691159
691160
691161
691162
691163
691164
691165
691166
691167
691168
691169
691170
691171
691172
691173
691174
691175
691176
691177
691178
691179
691180
691181
691182
691183
691184
691185
691186
691187
691188
691189
691190
691191
691192
691193
691194
691195
691196
691197
691198
691199
691200
691201
691202
691203
691204
691205
691206
691207
691208
691209
691210
691211
691212
691213
691214
691215
691216
691217
691218
691219
691220
691221
691222
691223
691224
691225
691226
691227
691228
691229
691230
691231
691232
691233
691234
691235
691236
691237
691238
691239
691240
691241
691242
691243
691244
691245
691246
691247
691248
691249
691250
691251
691252
691253
691254
691255
691256
691257
691258
691259
691260
691261
691262
691263
691264
691265
691266
691267
691268
691269
691270
691271
691272
691273
691274
691275
691276
691277
691278
691279
691280
691281
691282
691283
691284
691285
691286
691287
691288
691289
691290
691291
691292
691293
691294
691295
691296
691297
691298
691299
691300
691301
691302
691303
691304
691305
691306
691307
691308
691309
691310
691311
691312
691313
691314
691315
691316
691317
691318
691319
691320
691321
691322
691323
691324
691325
691326
691327
691328
691329
691330
691331
691332
691333
691334
691335
691336
691337
691338
691339
691340
691341
691342
691343
691344
691345
691346
691347
691348
691349
691350
691351
691352
691353
691354
691355
691356
691357
691358
691359
691360
691361
691362
691363
691364
691365
691366
691367
691368
691369
691370
691371
691372
691373
691374
691375
691376
691377
691378
691379
691380
691381
691382
691383
691384
691385
691386
691387
691388
691389
691390
691391
691392
691393
691394
691395
691396
691397
691398
