803987
803988
803989
803990
803991
803992
803993
803994
803995
803996
803997
803998
803999
804000
804001
804002
804003
804004
804005
804006
804007
804008
804009
804010
804011
804012
804013
804014
804015
804016
804017
804018
804019
804020
804021
804022
804023
804024
804025
804026
804027
804028
804029
804030
804031
804032
804033
804034
804035
804036
804037
804038
804039
804040
804041
804042
804043
804044
804045
804046
804047
804048
804049
804050
804051
804052
804053
804054
804055
804056
804057
804058
804059
804060
804061
804062
804063
804064
804065
804066
804067
804068
804069
804070
804071
804072
804073
804074
804075
804076
804077
804078
804079
804080
804081
804082
804083
804084
804085
804086
804087
804088
804089
804090
804091
804092
804093
804094
804095
804096
804097
804098
804099
804100
804101
804102
804103
804104
804105
804106
804107
804108
804109
804110
804111
804112
804113
804114
804115
804116
804117
804118
804119
804120
804121
804122
804123
804124
804125
804126
804127
804128
804129
804130
804131
804132
804133
804134
804135
804136
804137
804138
804139
804140
804141
804142
804143
804144
804145
804146
804147
804148
804149
804150
804151
804152
804153
804154
804155
804156
804157
804158
804159
804160
804161
804162
804163
804164
804165
804166
804167
804168
804169
804170
804171
804172
804173
804174
804175
804176
804177
804178
804179
804180
804181
804182
804183
804184
804185
804186
804187
804188
804189
804190
804191
804192
804193
804194
804195
804196
804197
804198
804199
804200
804201
804202
804203
804204
804205
804206
804207
804208
804209
804210
804211
804212
804213
804214
804215
804216
804217
804218
804219
804220
804221
804222
804223
804224
804225
804226
804227
804228
804229
804230
804231
804232
804233
804234
804235
804236
804237
804238
804239
804240
804241
804242
804243
804244
804245
804246
804247
804248
804249
804250
804251
804252
804253
804254
804255
804256
804257
804258
804259
804260
804261
804262
804263
804264
804265
804266
804267
804268
804269
804270
804271
804272
804273
804274
804275
804276
804277
804278
804279
804280
804281
804282
804283
804284
804285
804286
804287
804288
804289
804290
804291
804292
804293
804294
804295
804296
804297
804298
804299
804300
804301
804302
804303
804304
804305
804306
804307
804308
804309
804310
804311
804312
804313
804314
804315
804316
804317
804318
804319
804320
804321
804322
804323
804324
804325
804326
804327
804328
804329
804330
804331
804332
804333
