613161
613162
613163
613164
613165
613166
613167
613168
613169
613170
613171
613172
613173
613174
613175
613176
613177
613178
613179
613180
613181
613182
613183
613184
613185
613186
613187
613188
613189
613190
613191
613192
613193
613194
613195
613196
613197
613198
613199
613200
613201
613202
613203
613204
613205
613206
613207
613208
613209
613210
613211
613212
613213
613214
613215
613216
613217
613218
613219
613220
613221
613222
613223
613224
613225
613226
613227
613228
613229
613230
613231
613232
613233
613234
613235
613236
613237
613238
613239
613240
613241
613242
613243
613244
613245
613246
613247
613248
613249
613250
613251
613252
613253
613254
613255
613256
613257
613258
613259
613260
613261
613262
613263
613264
613265
613266
613267
613268
613269
613270
613271
613272
613273
613274
613275
613276
613277
613278
613279
613280
613281
613282
613283
613284
613285
613286
613287
613288
613289
613290
613291
613292
613293
613294
613295
613296
613297
613298
613299
613300
613301
613302
613303
613304
613305
613306
613307
613308
613309
613310
613311
613312
613313
613314
613315
613316
613317
613318
613319
613320
613321
613322
613323
613324
613325
613326
613327
613328
613329
613330
613331
613332
613333
613334
613335
613336
613337
613338
613339
613340
613341
613342
613343
613344
613345
613346
613347
613348
613349
613350
613351
613352
613353
613354
613355
613356
613357
613358
613359
613360
613361
613362
613363
613364
613365
613366
613367
613368
613369
613370
613371
613372
613373
613374
613375
613376
613377
613378
613379
613380
613381
613382
613383
613384
613385
613386
613387
613388
613389
613390
613391
613392
613393
613394
613395
613396
613397
613398
613399
613400
613401
613402
613403
613404
613405
613406
613407
613408
613409
613410
613411
613412
613413
613414
613415
613416
613417
613418
613419
613420
613421
613422
613423
613424
613425
613426
613427
613428
613429
613430
613431
613432
613433
613434
613435
613436
613437
613438
613439
613440
613441
613442
613443
613444
613445
613446
613447
613448
613449
613450
613451
613452
613453
613454
613455
613456
613457
613458
613459
613460
613461
613462
613463
613464
613465
613466
613467
613468
613469
613470
613471
613472
613473
613474
613475
613476
613477
613478
613479
613480
613481
613482
613483
613484
613485
613486
613487
613488
613489
613490
613491
613492
613493
613494
613495
613496
613497
613498
613499
613500
613501
613502
613503
613504
613505
613506
613507
613508
613509
613510
613511
613512
613513
613514
613515
613516
613517
613518
613519
613520
613521
613522
613523
613524
613525
613526
613527
613528
613529
613530
613531
613532
613533
613534
613535
613536
613537
613538
613539
613540
613541
613542
613543
613544
613545
613546
613547
613548
613549
613550
613551
613552
613553
613554
613555
613556
613557
613558
613559
613560
613561
613562
613563
613564
613565
613566
613567
613568
613569
613570
613571
613572
613573
613574
613575
613576
613577
613578
613579
613580
613581
613582
613583
613584
613585
613586
613587
613588
613589
613590
613591
613592
613593
613594
613595
613596
613597
613598
613599
613600
613601
613602
613603
613604
613605
613606
613607
613608
613609
613610
613611
613612
613613
613614
613615
613616
613617
613618
613619
613620
613621
613622
613623
613624
613625
613626
613627
613628
613629
613630
613631
613632
613633
613634
613635
613636
613637
613638
613639
613640
613641
613642
613643
613644
613645
613646
613647
613648
613649
613650
613651
613652
613653
613654
613655
613656
613657
613658
613659
613660
613661
613662
613663
613664
613665
613666
613667
613668
613669
613670
613671
613672
613673
613674
613675
613676
613677
613678
613679
613680
613681
613682
613683
613684
613685
613686
613687
613688
613689
613690
613691
613692
613693
613694
613695
613696
613697
613698
613699
613700
613701
613702
613703
613704
613705
613706
613707
613708
613709
613710
613711
613712
613713
613714
613715
613716
613717
613718
613719
613720
613721
613722
613723
613724
613725
613726
613727
613728
613729
613730
613731
613732
613733
613734
613735
613736
613737
613738
613739
613740
613741
613742
613743
613744
613745
613746
613747
613748
613749
613750
613751
613752
613753
613754
613755
613756
613757
613758
613759
613760
613761
613762
613763
613764
613765
613766
613767
613768
613769
613770
613771
613772
613773
613774
613775
613776
613777
613778
613779
613780
613781
613782
613783
613784
613785
613786
613787
613788
613789
613790
613791
613792
613793
613794
613795
613796
613797
613798
613799
613800
613801
613802
613803
613804
613805
613806
613807
613808
613809
613810
613811
613812
613813
613814
613815
613816
613817
613818
613819
613820
613821
613822
613823
613824
613825
613826
613827
613828
613829
613830
613831
613832
613833
613834
613835
613836
613837
613838
613839
613840
613841
613842
613843
613844
613845
613846
613847
613848
613849
613850
613851
613852
613853
613854
613855
613856
613857
613858
613859
613860
613861
613862
613863
613864
613865
613866
613867
613868
613869
613870
613871
613872
613873
613874
613875
613876
613877
613878
613879
613880
613881
613882
613883
613884
613885
613886
613887
613888
613889
613890
613891
613892
613893
613894
613895
613896
613897
613898
613899
613900
613901
613902
613903
613904
613905
613906
613907
613908
613909
613910
613911
613912
613913
613914
613915
613916
613917
613918
613919
613920
613921
613922
613923
613924
613925
613926
613927
613928
613929
613930
613931
613932
613933
613934
613935
613936
613937
613938
613939
613940
613941
613942
613943
613944
613945
613946
613947
613948
613949
613950
613951
613952
613953
613954
613955
613956
613957
613958
613959
613960
613961
613962
613963
613964
613965
613966
613967
613968
613969
613970
613971
613972
613973
613974
613975
613976
613977
613978
613979
613980
613981
613982
613983
613984
613985
613986
613987
613988
613989
613990
613991
613992
613993
613994
613995
613996
613997
613998
613999
614000
614001
614002
614003
614004
614005
614006
614007
614008
614009
614010
614011
614012
614013
614014
614015
614016
614017
614018
614019
614020
614021
614022
614023
614024
614025
614026
614027
614028
614029
614030
614031
614032
614033
614034
614035
614036
614037
614038
614039
614040
614041
614042
614043
614044
614045
614046
614047
614048
614049
614050
614051
614052
614053
614054
614055
614056
614057
614058
614059
614060
614061
614062
614063
614064
614065
614066
614067
614068
614069
614070
614071
614072
614073
614074
614075
614076
614077
614078
614079
614080
614081
614082
614083
614084
614085
614086
614087
614088
614089
614090
614091
614092
614093
614094
614095
614096
614097
614098
614099
614100
614101
614102
614103
614104
614105
614106
614107
614108
614109
614110
614111
614112
614113
614114
614115
614116
614117
614118
614119
614120
614121
614122
614123
614124
614125
614126
614127
614128
614129
614130
614131
614132
614133
614134
614135
614136
614137
614138
614139
614140
614141
614142
614143
614144
614145
614146
614147
614148
614149
614150
614151
614152
614153
614154
614155
614156
614157
614158
614159
614160
614161
614162
614163
614164
614165
614166
614167
614168
614169
614170
614171
614172
614173
614174
614175
614176
614177
614178
614179
614180
614181
614182
614183
614184
614185
614186
614187
614188
614189
614190
614191
614192
614193
614194
614195
614196
614197
614198
614199
614200
614201
614202
614203
614204
614205
614206
614207
614208
614209
614210
614211
614212
614213
614214
614215
614216
614217
614218
614219
614220
614221
614222
614223
614224
614225
614226
614227
614228
614229
614230
614231
614232
614233
614234
614235
614236
614237
614238
614239
614240
614241
614242
614243
614244
614245
614246
614247
614248
614249
614250
614251
614252
614253
614254
614255
614256
614257
614258
614259
614260
614261
614262
614263
614264
614265
614266
614267
614268
614269
614270
614271
614272
614273
614274
614275
614276
614277
614278
614279
614280
614281
614282
614283
614284
614285
614286
614287
614288
614289
614290
614291
614292
614293
614294
614295
614296
614297
614298
614299
614300
614301
614302
614303
614304
614305
614306
614307
614308
614309
614310
614311
614312
614313
614314
614315
614316
614317
614318
614319
614320
614321
614322
614323
614324
614325
614326
614327
614328
614329
614330
614331
614332
614333
614334
614335
614336
614337
614338
614339
614340
614341
614342
614343
614344
614345
614346
614347
614348
614349
614350
614351
614352
614353
614354
614355
614356
614357
614358
614359
614360
614361
614362
614363
614364
614365
614366
614367
614368
614369
614370
614371
614372
614373
614374
614375
614376
614377
614378
614379
614380
614381
614382
614383
614384
614385
614386
614387
614388
614389
614390
614391
614392
614393
614394
614395
614396
614397
614398
614399
614400
614401
614402
614403
614404
614405
614406
614407
614408
614409
614410
614411
614412
614413
614414
614415
614416
614417
614418
614419
614420
614421
614422
614423
614424
614425
614426
614427
614428
614429
614430
614431
614432
614433
614434
614435
614436
614437
614438
614439
614440
614441
614442
614443
614444
614445
614446
614447
614448
614449
614450
614451
614452
614453
614454
614455
614456
614457
614458
614459
614460
614461
614462
614463
614464
614465
614466
614467
614468
614469
614470
614471
614472
614473
614474
614475
614476
614477
614478
614479
614480
614481
614482
614483
614484
614485
614486
614487
614488
614489
614490
614491
614492
614493
614494
614495
614496
614497
614498
614499
614500
614501
614502
614503
614504
614505
614506
614507
614508
614509
614510
614511
614512
614513
614514
614515
614516
614517
614518
614519
614520
614521
614522
614523
614524
614525
614526
614527
614528
614529
614530
614531
614532
614533
614534
614535
614536
614537
614538
614539
614540
614541
614542
614543
614544
614545
614546
614547
614548
614549
614550
614551
614552
614553
614554
614555
614556
614557
614558
614559
614560
614561
614562
614563
614564
614565
614566
614567
614568
614569
614570
614571
614572
614573
614574
614575
614576
614577
614578
614579
614580
614581
614582
614583
614584
614585
614586
614587
614588
614589
614590
614591
614592
614593
614594
614595
614596
614597
614598
614599
614600
614601
614602
614603
614604
614605
614606
614607
614608
614609
614610
614611
614612
614613
614614
614615
614616
614617
614618
614619
614620
614621
614622
614623
614624
614625
614626
614627
614628
614629
614630
614631
614632
614633
614634
614635
614636
614637
614638
614639
614640
614641
614642
614643
614644
614645
614646
614647
614648
614649
614650
614651
614652
614653
614654
614655
614656
614657
614658
614659
614660
614661
614662
614663
614664
614665
614666
614667
614668
614669
614670
614671
614672
614673
614674
614675
614676
614677
614678
614679
614680
614681
614682
614683
614684
614685
614686
614687
614688
614689
614690
614691
614692
614693
614694
614695
614696
614697
614698
614699
614700
614701
614702
614703
614704
614705
614706
614707
614708
614709
614710
614711
614712
614713
614714
614715
614716
614717
614718
614719
614720
614721
614722
614723
614724
614725
614726
614727
614728
614729
614730
614731
614732
614733
614734
614735
614736
614737
614738
614739
614740
614741
614742
614743
614744
614745
614746
614747
614748
614749
614750
614751
614752
614753
614754
614755
614756
614757
614758
614759
614760
614761
614762
614763
614764
614765
614766
614767
614768
614769
614770
614771
614772
614773
614774
614775
614776
614777
614778
614779
614780
614781
614782
614783
614784
614785
614786
614787
614788
614789
614790
614791
614792
614793
614794
614795
614796
614797
614798
614799
614800
614801
614802
614803
614804
614805
614806
614807
614808
614809
614810
614811
614812
614813
614814
614815
614816
614817
614818
614819
614820
614821
614822
614823
614824
614825
614826
614827
614828
614829
614830
614831
614832
614833
614834
614835
614836
614837
614838
614839
614840
614841
614842
614843
614844
614845
614846
614847
614848
614849
614850
614851
614852
614853
614854
614855
614856
614857
614858
614859
614860
614861
614862
614863
614864
614865
614866
614867
614868
614869
614870
614871
614872
614873
614874
614875
614876
614877
614878
614879
614880
614881
614882
614883
614884
614885
614886
614887
614888
614889
614890
614891
614892
614893
614894
614895
614896
614897
614898
614899
614900
614901
614902
614903
614904
614905
614906
614907
614908
614909
614910
614911
614912
614913
614914
614915
614916
614917
614918
614919
614920
614921
614922
614923
614924
614925
614926
614927
614928
614929
614930
614931
614932
614933
614934
614935
614936
614937
614938
614939
614940
614941
614942
614943
614944
614945
614946
614947
614948
614949
614950
614951
614952
614953
614954
614955
614956
614957
614958
614959
614960
614961
614962
614963
614964
614965
614966
614967
614968
614969
614970
614971
614972
614973
614974
614975
614976
614977
614978
614979
614980
614981
614982
614983
614984
614985
614986
614987
614988
614989
614990
614991
614992
614993
614994
614995
614996
614997
614998
614999
615000
615001
615002
615003
615004
615005
615006
615007
615008
615009
615010
615011
615012
615013
615014
615015
615016
615017
615018
615019
615020
615021
615022
615023
615024
615025
615026
615027
615028
615029
615030
615031
615032
615033
615034
615035
615036
615037
615038
615039
615040
615041
615042
615043
615044
615045
615046
615047
615048
615049
615050
615051
615052
615053
615054
615055
615056
615057
615058
615059
615060
615061
615062
615063
615064
615065
615066
615067
615068
615069
615070
615071
615072
615073
615074
615075
615076
615077
615078
615079
615080
615081
615082
615083
615084
615085
615086
615087
615088
615089
615090
615091
615092
615093
615094
615095
615096
615097
615098
615099
615100
615101
615102
615103
615104
615105
615106
615107
615108
615109
615110
615111
615112
615113
615114
615115
615116
615117
615118
615119
615120
615121
615122
615123
615124
615125
615126
615127
615128
615129
615130
615131
615132
615133
615134
615135
615136
615137
615138
615139
615140
615141
615142
615143
615144
615145
615146
615147
615148
615149
615150
615151
615152
615153
615154
615155
615156
615157
615158
615159
615160
615161
615162
615163
615164
615165
615166
615167
615168
615169
615170
615171
615172
615173
615174
615175
615176
615177
615178
615179
615180
615181
615182
615183
615184
615185
615186
615187
615188
615189
615190
615191
615192
615193
615194
615195
615196
615197
615198
615199
615200
615201
615202
615203
615204
615205
615206
615207
615208
615209
615210
615211
615212
615213
615214
615215
615216
615217
615218
615219
615220
615221
615222
615223
615224
615225
615226
615227
615228
615229
615230
615231
615232
615233
615234
615235
615236
615237
615238
615239
615240
615241
615242
615243
615244
615245
615246
615247
615248
615249
615250
615251
615252
615253
615254
615255
615256
615257
615258
615259
615260
615261
615262
615263
615264
615265
615266
615267
615268
615269
615270
615271
615272
615273
615274
615275
615276
615277
615278
615279
615280
615281
615282
615283
615284
615285
615286
615287
615288
615289
615290
615291
615292
615293
615294
615295
615296
615297
615298
615299
615300
615301
615302
615303
615304
615305
615306
615307
615308
615309
615310
615311
615312
615313
615314
615315
615316
615317
615318
615319
615320
615321
615322
615323
615324
615325
615326
615327
615328
615329
615330
615331
615332
615333
615334
615335
615336
615337
615338
615339
615340
615341
615342
615343
615344
615345
615346
615347
615348
615349
615350
615351
615352
615353
615354
615355
615356
615357
615358
615359
615360
615361
615362
615363
615364
615365
615366
615367
615368
615369
615370
615371
615372
615373
615374
615375
615376
615377
615378
615379
615380
615381
615382
615383
615384
615385
615386
615387
615388
615389
615390
615391
615392
615393
615394
615395
615396
615397
615398
615399
615400
615401
615402
615403
615404
615405
615406
615407
615408
615409
615410
615411
615412
615413
615414
615415
615416
615417
615418
615419
615420
615421
615422
615423
615424
615425
615426
615427
615428
615429
615430
615431
615432
615433
615434
615435
615436
615437
615438
615439
615440
615441
615442
615443
615444
615445
615446
615447
615448
615449
615450
615451
615452
615453
615454
615455
615456
615457
615458
615459
615460
615461
615462
615463
615464
615465
615466
615467
615468
615469
615470
615471
615472
615473
615474
615475
615476
615477
615478
615479
615480
615481
615482
615483
615484
615485
615486
615487
615488
615489
615490
615491
615492
615493
615494
615495
615496
615497
615498
615499
615500
615501
615502
615503
615504
615505
615506
615507
615508
615509
615510
615511
615512
615513
615514
615515
615516
615517
615518
615519
615520
615521
615522
615523
615524
615525
615526
615527
615528
615529
615530
615531
615532
615533
615534
615535
615536
615537
615538
615539
615540
615541
615542
615543
615544
615545
615546
615547
615548
615549
615550
615551
615552
615553
615554
615555
615556
615557
615558
615559
615560
615561
615562
615563
615564
615565
615566
615567
615568
615569
615570
615571
615572
615573
615574
615575
615576
615577
615578
615579
615580
615581
615582
615583
615584
615585
615586
615587
615588
615589
615590
615591
615592
615593
615594
615595
615596
615597
615598
615599
615600
615601
615602
615603
615604
615605
615606
615607
615608
615609
615610
615611
615612
615613
615614
615615
615616
615617
615618
615619
615620
615621
615622
615623
615624
615625
615626
615627
615628
615629
615630
615631
615632
615633
615634
615635
615636
615637
615638
615639
615640
615641
615642
615643
615644
615645
615646
615647
615648
615649
615650
615651
615652
615653
615654
615655
615656
615657
615658
615659
615660
615661
615662
615663
615664
615665
615666
615667
615668
615669
615670
615671
