786895
786896
786897
786898
786899
786900
786901
786902
786903
786904
786905
786906
786907
786908
786909
786910
786911
786912
786913
786914
786915
786916
786917
786918
786919
786920
786921
786922
786923
786924
786925
786926
786927
786928
786929
786930
786931
786932
786933
786934
786935
786936
786937
786938
786939
786940
786941
786942
786943
786944
786945
786946
786947
786948
786949
786950
786951
786952
786953
786954
786955
786956
786957
786958
786959
786960
786961
786962
786963
786964
786965
786966
786967
786968
786969
786970
786971
786972
786973
786974
786975
786976
786977
786978
786979
786980
786981
786982
786983
786984
786985
786986
786987
786988
786989
786990
786991
786992
786993
786994
786995
786996
786997
786998
786999
787000
787001
787002
787003
787004
787005
787006
787007
787008
787009
787010
787011
787012
787013
787014
787015
787016
787017
787018
787019
787020
787021
787022
787023
787024
787025
787026
787027
787028
787029
787030
787031
787032
787033
787034
787035
787036
787037
787038
787039
787040
787041
787042
787043
787044
787045
787046
787047
787048
787049
787050
787051
787052
787053
787054
787055
787056
787057
787058
787059
787060
787061
787062
787063
787064
787065
787066
787067
787068
787069
787070
787071
787072
787073
787074
787075
787076
787077
787078
787079
787080
787081
787082
787083
787084
787085
787086
787087
787088
787089
787090
787091
787092
787093
787094
787095
787096
787097
787098
787099
787100
787101
787102
787103
787104
787105
787106
787107
787108
787109
787110
787111
787112
787113
787114
787115
787116
787117
787118
787119
787120
787121
787122
787123
787124
787125
787126
787127
787128
787129
787130
787131
787132
787133
787134
787135
787136
787137
787138
787139
787140
787141
787142
787143
787144
787145
787146
787147
787148
787149
787150
787151
787152
787153
787154
787155
787156
787157
787158
787159
787160
787161
787162
787163
787164
787165
787166
787167
787168
787169
787170
787171
787172
787173
787174
787175
787176
787177
787178
787179
787180
787181
787182
787183
787184
787185
787186
787187
787188
787189
787190
787191
787192
787193
787194
787195
787196
787197
787198
787199
787200
787201
787202
787203
787204
787205
787206
787207
787208
787209
787210
787211
787212
787213
787214
787215
787216
787217
787218
787219
787220
787221
787222
787223
787224
787225
787226
787227
787228
787229
787230
787231
787232
787233
787234
787235
787236
787237
787238
787239
787240
787241
787242
787243
787244
787245
787246
787247
787248
787249
787250
787251
787252
787253
787254
787255
787256
787257
787258
787259
787260
787261
787262
787263
787264
787265
787266
787267
787268
787269
787270
787271
787272
787273
787274
787275
787276
787277
787278
787279
787280
787281
787282
787283
787284
787285
787286
787287
787288
787289
787290
787291
787292
787293
787294
787295
787296
787297
787298
787299
787300
787301
787302
787303
787304
787305
787306
787307
787308
787309
787310
787311
787312
787313
787314
787315
787316
787317
787318
787319
787320
787321
787322
787323
787324
787325
787326
787327
787328
787329
787330
787331
787332
787333
787334
787335
787336
787337
787338
787339
787340
787341
787342
787343
787344
787345
787346
787347
787348
787349
787350
787351
787352
787353
787354
787355
787356
787357
787358
787359
787360
787361
787362
787363
787364
787365
787366
787367
787368
787369
787370
787371
787372
787373
787374
787375
787376
787377
787378
787379
787380
787381
787382
787383
787384
787385
787386
787387
787388
787389
787390
787391
787392
787393
787394
787395
787396
787397
787398
787399
787400
787401
787402
787403
787404
787405
787406
787407
787408
787409
787410
787411
787412
787413
787414
787415
787416
787417
787418
787419
787420
787421
787422
787423
787424
787425
787426
787427
787428
787429
787430
787431
787432
787433
787434
787435
787436
787437
787438
787439
787440
787441
787442
787443
787444
787445
787446
787447
787448
787449
787450
787451
787452
787453
787454
787455
787456
787457
787458
787459
787460
787461
787462
787463
787464
787465
787466
787467
787468
787469
787470
787471
787472
787473
787474
787475
787476
787477
787478
787479
787480
787481
787482
787483
787484
787485
787486
787487
787488
787489
787490
787491
787492
787493
787494
787495
787496
787497
787498
787499
787500
787501
787502
787503
787504
787505
787506
787507
787508
787509
787510
787511
787512
787513
787514
787515
787516
787517
787518
787519
787520
787521
787522
787523
787524
787525
787526
787527
787528
787529
787530
787531
787532
787533
787534
787535
787536
787537
787538
787539
787540
787541
787542
787543
787544
787545
787546
787547
787548
787549
787550
787551
787552
787553
787554
787555
787556
787557
787558
787559
787560
787561
787562
787563
787564
787565
787566
787567
787568
787569
787570
787571
787572
787573
787574
787575
787576
787577
787578
787579
787580
787581
787582
787583
787584
787585
787586
787587
787588
787589
787590
787591
787592
787593
787594
787595
787596
787597
787598
787599
787600
787601
787602
787603
787604
787605
787606
787607
787608
787609
787610
787611
787612
787613
787614
787615
787616
787617
787618
787619
787620
787621
787622
787623
787624
787625
787626
787627
787628
787629
787630
787631
787632
787633
787634
787635
787636
787637
787638
787639
787640
787641
787642
787643
787644
787645
787646
787647
787648
787649
787650
787651
787652
787653
787654
787655
787656
787657
787658
787659
787660
787661
787662
787663
787664
787665
787666
787667
787668
787669
787670
787671
787672
787673
787674
787675
787676
787677
787678
787679
787680
787681
787682
787683
787684
787685
787686
787687
787688
787689
787690
787691
787692
787693
787694
787695
787696
787697
787698
787699
787700
787701
787702
787703
787704
787705
787706
787707
787708
787709
787710
787711
787712
787713
787714
787715
787716
787717
787718
787719
787720
787721
787722
787723
787724
787725
787726
787727
787728
787729
787730
787731
787732
787733
787734
787735
787736
787737
787738
787739
787740
787741
787742
787743
787744
787745
787746
787747
787748
787749
787750
787751
787752
787753
787754
787755
787756
787757
787758
787759
787760
787761
787762
787763
787764
787765
787766
787767
787768
787769
787770
787771
787772
787773
787774
787775
787776
787777
787778
787779
787780
787781
787782
787783
787784
787785
787786
787787
787788
787789
787790
787791
787792
787793
787794
787795
787796
787797
787798
787799
787800
787801
787802
787803
787804
787805
787806
787807
787808
787809
787810
787811
787812
787813
787814
787815
787816
787817
787818
787819
787820
787821
787822
787823
787824
787825
787826
787827
787828
787829
787830
787831
787832
787833
787834
787835
787836
787837
787838
787839
787840
787841
787842
787843
787844
787845
787846
787847
787848
787849
787850
787851
787852
787853
787854
787855
787856
787857
787858
787859
787860
787861
787862
787863
787864
787865
787866
787867
787868
787869
787870
787871
787872
787873
787874
787875
787876
787877
787878
787879
787880
787881
787882
787883
787884
787885
787886
787887
787888
787889
787890
787891
787892
787893
787894
787895
787896
787897
787898
787899
787900
787901
787902
787903
787904
787905
787906
787907
787908
787909
787910
787911
787912
787913
787914
787915
787916
787917
787918
787919
787920
787921
787922
787923
787924
787925
787926
787927
787928
787929
787930
787931
787932
787933
787934
787935
787936
787937
787938
787939
787940
787941
787942
787943
787944
787945
787946
787947
787948
787949
787950
787951
787952
787953
787954
787955
787956
787957
787958
787959
787960
787961
787962
787963
787964
787965
787966
787967
787968
787969
787970
787971
787972
787973
787974
787975
787976
787977
787978
787979
787980
787981
787982
787983
787984
787985
787986
787987
787988
787989
787990
787991
787992
787993
787994
787995
787996
787997
787998
787999
788000
788001
788002
788003
788004
788005
788006
788007
788008
788009
788010
788011
788012
788013
788014
788015
788016
788017
788018
788019
788020
788021
788022
788023
788024
788025
788026
788027
788028
788029
788030
788031
788032
788033
788034
788035
788036
788037
788038
788039
788040
788041
788042
788043
788044
788045
788046
788047
788048
788049
788050
788051
788052
788053
788054
788055
788056
788057
788058
788059
788060
788061
788062
788063
788064
788065
788066
788067
788068
788069
788070
788071
788072
788073
788074
788075
788076
788077
788078
788079
788080
788081
788082
788083
788084
788085
788086
788087
788088
788089
788090
788091
788092
788093
788094
788095
788096
788097
788098
788099
788100
788101
788102
788103
788104
788105
788106
788107
788108
788109
788110
788111
788112
788113
788114
788115
788116
788117
788118
788119
788120
788121
788122
788123
788124
788125
788126
788127
788128
788129
788130
788131
788132
788133
788134
788135
788136
788137
788138
788139
788140
788141
788142
788143
788144
788145
788146
788147
788148
788149
788150
788151
788152
788153
788154
788155
788156
788157
788158
788159
788160
788161
788162
788163
788164
788165
788166
788167
788168
788169
788170
788171
788172
788173
788174
788175
788176
788177
788178
788179
788180
788181
788182
788183
788184
788185
788186
788187
788188
788189
788190
788191
788192
788193
788194
788195
788196
788197
788198
788199
788200
788201
788202
788203
788204
788205
788206
788207
788208
788209
788210
788211
788212
788213
788214
788215
788216
788217
788218
788219
788220
788221
788222
788223
788224
788225
788226
788227
788228
788229
788230
788231
788232
788233
788234
788235
788236
788237
788238
788239
788240
788241
788242
788243
788244
788245
788246
788247
788248
788249
788250
788251
788252
788253
788254
788255
788256
788257
788258
788259
788260
788261
788262
788263
788264
788265
788266
788267
788268
788269
788270
788271
788272
788273
788274
788275
788276
788277
788278
788279
788280
788281
788282
788283
788284
788285
788286
788287
788288
788289
788290
788291
788292
788293
788294
788295
788296
788297
788298
788299
788300
788301
788302
788303
788304
788305
788306
788307
788308
788309
788310
788311
788312
788313
788314
788315
788316
788317
788318
788319
788320
788321
788322
788323
788324
788325
788326
788327
788328
788329
788330
788331
788332
788333
788334
788335
788336
788337
788338
788339
788340
788341
788342
788343
788344
788345
788346
788347
788348
788349
788350
788351
788352
788353
788354
788355
788356
788357
788358
788359
788360
788361
788362
788363
788364
788365
788366
788367
788368
788369
788370
788371
788372
788373
788374
788375
788376
788377
788378
788379
788380
788381
788382
788383
788384
788385
788386
788387
788388
788389
788390
788391
788392
788393
788394
788395
788396
788397
788398
788399
788400
788401
788402
788403
788404
788405
788406
788407
788408
788409
788410
788411
788412
788413
788414
788415
788416
788417
788418
788419
788420
788421
788422
788423
788424
788425
788426
788427
788428
788429
788430
788431
788432
788433
788434
788435
788436
788437
788438
788439
788440
788441
788442
788443
788444
788445
788446
788447
788448
788449
788450
788451
788452
788453
788454
788455
788456
788457
788458
788459
788460
788461
788462
788463
788464
788465
788466
788467
788468
788469
788470
788471
788472
788473
788474
788475
788476
788477
788478
788479
788480
788481
788483
788484
788485
788486
788487
788488
788489
788490
788491
788492
788493
788494
788495
788496
788497
788498
788499
788500
788501
788502
788503
788504
788505
788506
788507
788508
788509
788510
788511
788512
788513
788514
788515
788516
788517
788518
788519
788520
788521
788522
788523
788524
788525
788526
788527
788528
788529
788530
788531
788532
788533
788534
788535
788536
788537
788538
788539
788540
788541
788542
788543
788544
788545
788546
788547
788548
788549
788550
788551
788552
788553
788554
788555
788556
788557
788558
788559
788560
788561
788562
788563
788564
788565
788566
788567
788568
788569
788570
788571
788572
788573
788574
788575
788576
788577
788578
788579
788580
788581
788582
788583
788584
788585
788586
788587
788588
788589
788590
788591
788592
788593
788594
788595
788596
788597
788598
788599
788600
788601
788602
788603
788604
788605
788606
788607
788608
788609
788610
788611
788612
788613
788614
788615
788616
788617
788618
788619
788620
788621
788622
788623
788624
788625
788626
788627
788628
788629
788630
788631
788632
788633
788634
788635
788636
788637
788638
788639
788640
788641
788642
788643
788644
788645
788646
788647
788648
788649
788650
788651
788652
788653
788654
788655
788656
788657
788658
788659
788660
788661
788662
788663
788664
788665
788666
788667
788668
788669
788670
788671
788672
788673
788674
788675
788676
788677
788678
788679
788680
788681
788682
788683
788684
788685
788686
788687
788688
788689
788690
788691
788692
788693
788694
788695
788696
788697
788698
788699
788700
788701
788702
788703
788704
788705
788706
788707
788708
788709
788710
788711
788712
788713
788714
788715
788716
788717
788718
788719
788720
788721
788722
788723
788724
788725
788726
788727
788728
788729
788730
788731
788732
788733
788734
788735
788736
788737
788738
788739
788740
788741
788742
788743
788744
788745
788746
788747
788748
788749
788750
788751
788752
788753
788754
788755
788756
788757
788758
788759
788760
788761
788762
788763
788764
788765
788766
788767
788768
788769
788770
788771
788772
788773
788774
788775
788776
788777
788778
788779
788780
788781
788782
788783
788784
788785
788786
788787
788788
788789
788790
788791
788792
788793
788794
788795
788796
788797
788798
788799
788800
788801
788802
788803
788804
788805
788806
788807
788808
788809
788810
788811
788812
788813
788814
788815
788816
788817
788818
788819
788820
788821
788822
788823
788824
788825
788826
788827
788828
788829
788830
788831
788832
788833
788834
788835
788836
788837
788838
788839
788840
788841
788842
788843
788844
788845
788846
788847
788848
788849
788850
788851
788852
788853
788854
788855
788856
788857
788858
788859
788860
788861
788862
788863
788864
788865
788866
788867
788868
788869
788870
788871
788872
788873
788874
788875
788876
788877
788878
788879
788880
788881
788882
788883
788884
788885
788886
788887
788888
788889
788890
788891
788892
788893
788894
788895
788896
788897
788898
788899
788900
788901
788902
788903
788904
788905
788906
788907
788908
788909
788910
788911
788912
788913
788914
788915
788916
788917
788918
788919
788920
788921
788922
788923
788924
788925
788926
788927
788928
788929
788930
788931
788932
788933
788934
788935
788936
788937
788938
788939
788940
788941
788942
788943
788944
788945
788946
788947
788948
788949
788950
788951
788952
788953
788954
788955
788956
788957
788958
788959
788960
788961
788962
788963
788964
788965
788966
788967
788968
788969
788970
788971
788972
788973
788974
788975
788976
788977
788978
788979
788980
788981
788982
788983
788984
788985
788986
788987
788988
788989
788990
788991
788992
788993
788994
788995
788996
788997
788998
788999
789000
789001
789002
789003
789004
789005
789006
789007
789008
789009
789010
789011
789012
789013
789014
789015
789016
789017
789018
789019
789020
789021
789022
789023
789024
789025
789026
789027
789028
789029
789030
789031
789032
789033
789034
789035
789036
789037
789038
789039
789040
789041
789042
789043
789044
789045
789046
789047
789048
789049
789050
789051
789052
789053
789054
789055
789056
789057
789058
789059
789060
789061
789062
789063
789064
789065
789066
789067
789068
789069
789070
789071
789072
789073
789074
789075
789076
789077
789078
789079
789080
789081
789082
789083
789084
789085
789086
789087
789088
789089
789090
789091
789092
789093
789094
789095
789096
789097
789098
789099
789100
789101
789102
789103
789104
789105
789106
789107
789108
789109
789110
789111
789112
789113
789114
789115
789116
789117
789118
789119
789120
789121
789122
789123
789124
789125
789126
789127
789128
789129
789130
789131
789132
789133
789134
789135
789136
789137
789138
789139
789140
789141
789142
789143
789144
789145
789146
789147
789148
789149
789150
789151
789152
789153
789154
789155
789156
789157
789158
789159
789160
789161
789162
789163
789164
789165
789166
789167
789168
789169
789170
789171
789172
789173
789174
789175
789176
789177
789178
789179
789180
789181
789182
789183
789184
789185
789186
789187
789188
789189
789190
789191
789192
789193
789194
789195
789196
789197
789198
789199
789200
789201
789202
789203
789204
789205
789206
789207
789208
789209
789210
789211
789212
789213
789214
789215
789216
789217
789218
789219
789220
789221
789222
789223
789224
789225
789226
789227
789228
789229
789230
789231
789232
789233
789234
789235
789236
789237
789238
789239
789240
789241
789242
789243
789244
789245
789246
789247
789248
789249
789250
789251
789252
789253
789254
789255
789256
789257
789258
789259
789260
789261
789262
789263
789264
789265
789266
789267
789268
789269
789270
789271
789272
789273
789274
789275
789276
789277
789278
789279
789280
789281
789282
789283
789284
789285
789286
789287
789288
789289
789290
789291
789292
789293
789294
789295
789296
789297
789298
789299
789300
789301
789302
789303
789304
789305
789306
789307
789308
789309
789310
789311
789312
789313
789314
789315
789316
789317
789318
789319
789320
789321
789322
789323
789324
789325
789326
789327
789328
789329
789330
789331
789332
789333
789334
789335
789336
789337
789338
789339
789340
789341
789342
789343
789344
789345
789346
789347
789348
789349
789350
789351
789352
789353
789354
789355
789356
789357
789358
789359
789360
789361
789362
789363
789364
789365
789366
789367
789368
789369
789370
789371
789372
789373
789374
789375
789376
789377
789378
789379
789380
789381
789382
789383
789384
789385
789386
789387
789388
789389
789390
789391
789392
789393
789394
789395
789396
789397
789398
789399
789400
789401
789402
789403
789404
789405
789406
789407
789408
789409
789410
789411
789412
789413
789414
789415
789416
789417
789418
789419
789420
789421
789422
789423
789424
789425
789426
789427
789428
789429
789430
789431
789432
789433
789434
789435
789436
789437
789438
789439
789440
789441
789442
789443
789444
789445
789446
789447
789448
789449
789450
789451
789452
789453
789454
789455
789456
789457
789458
789459
789460
789461
789462
789463
789464
789465
789466
789467
789468
789469
789470
789471
789472
789473
789474
789475
789476
789477
789478
789479
789480
789481
789482
789483
789484
789485
789486
789487
789488
789489
789490
789491
789492
789493
789494
789495
789496
789497
789498
789499
789500
789501
789502
789503
789504
789505
789506
789507
789508
789509
789510
789511
789512
789513
789514
789515
789516
789517
789518
789519
789520
789521
789522
789523
789524
789525
789526
789527
789528
789529
789530
789531
789532
789533
789534
789535
789536
789537
789538
789539
789540
789541
789542
789543
789544
789545
789546
789547
789548
789549
789550
789551
789552
789553
789554
789555
789556
789557
789558
789559
789560
789561
789562
789564
789565
789566
789567
789568
789569
789570
789571
789572
789573
789574
789575
789576
789577
789578
789579
789580
789581
789582
