323541
323542
323543
323544
323545
323546
323547
323548
323549
323550
323551
323552
323553
323554
323555
323556
323557
323558
323559
323560
323561
323562
323563
323564
323565
323566
323567
323568
323569
323570
323571
323572
323573
323574
323575
323576
323577
323578
323579
323580
323581
323582
323583
323584
323585
323586
323587
323588
323589
323590
323591
323592
323593
323594
323595
323596
323597
323598
323599
323600
323601
323602
323603
323604
323605
323606
323607
323608
323609
323610
323611
323612
323613
323614
323615
323616
323617
323618
323619
323620
323621
323622
323623
323624
323625
323626
323627
323628
323629
323630
323631
323632
323633
323634
323635
323636
323637
323638
323639
323640
323641
323642
323643
323644
323645
323646
323647
323648
323649
323650
323651
323652
323653
323654
323655
323656
323657
323658
323659
323660
323661
323662
323663
323664
323665
323666
323667
323668
323669
323670
323671
323672
323673
323674
323675
323676
323677
323678
323679
323680
323681
323682
323683
323684
323685
323686
323687
323688
323689
323690
323691
323692
323693
323694
323695
323696
323697
323698
323699
323700
323701
323702
323703
323704
323705
323706
323707
323708
323709
323710
323711
323712
323713
323714
323715
323716
323717
323718
323719
323720
323721
323722
323723
323724
323725
323726
323727
323728
323729
323730
323731
323732
323733
323734
323735
323736
323737
323738
323739
323740
323741
323742
323743
323744
323745
323746
323747
323748
323749
323750
323751
323752
323753
323754
323755
323756
323757
323758
323759
323760
323761
323762
323763
323764
323765
323766
323767
323768
323769
323770
323771
323772
323773
323774
323775
323776
323777
323778
323779
323780
323781
323782
323783
323784
323785
323786
323787
323788
323789
323790
323791
323792
323793
323794
323795
323796
323797
323798
323799
323800
323801
323802
323803
323804
323805
323806
323807
323808
323809
323810
323811
323812
323813
323814
323815
323816
323817
323818
323819
323820
323821
323822
323823
323824
323825
323826
323827
323828
323829
323830
323831
323832
323833
323834
323835
323836
323837
323838
323839
323840
323841
323842
323843
323844
323845
323846
323847
323848
323849
323850
323851
323852
323853
323854
323855
323856
323857
323858
323859
323860
323861
323862
323863
323864
323865
323866
323867
323868
323869
323870
323871
323872
323873
323874
323875
323876
323877
323878
323879
323880
323881
323882
323883
323884
323885
323886
323887
323888
323889
323890
323891
323892
323893
323894
323895
323896
323897
323898
323899
323900
323901
323902
323903
323904
323905
323906
323907
323908
323909
323910
323911
323912
323913
323914
323915
323916
323917
323918
323919
323920
323921
323922
323923
323924
323925
323926
323927
323928
323929
323930
323931
323932
323933
323934
323935
323936
323937
323938
323939
323940
323941
323942
323943
323944
323945
323946
323947
323948
323949
323950
323951
323952
323953
323954
323955
323956
323957
323958
323959
323960
323961
323962
323963
323964
323965
323966
323967
323968
323969
323970
323971
323972
323973
323974
323975
323976
323977
323978
323979
323980
323981
323982
323983
323984
323985
323986
323987
323988
323989
323990
323991
323992
323993
323994
323995
323996
323997
323998
323999
324000
324001
324002
324003
324004
324005
324006
324007
324008
324009
324010
324011
324012
324013
324014
324015
324016
324017
324018
324019
324020
324021
324022
324023
324024
324025
324026
324027
324028
324029
324030
324031
324032
324033
324034
324035
324036
324037
324038
324039
324040
324041
324042
324043
324044
324045
324046
324047
324048
324049
324050
324051
324052
324053
324054
324055
324056
324057
324058
324059
324060
324061
324062
324063
324064
324065
324066
324067
324068
324069
324070
324071
324072
324073
324074
324075
324076
324077
324078
324079
324080
324081
324082
324083
324084
324085
324086
324087
324088
324089
324090
324091
324092
324093
324094
324095
324096
324097
324098
324099
324100
324101
324102
324103
324104
324105
324106
324107
324108
324109
324110
324111
324112
324113
324114
324115
324116
324117
324118
324119
324120
324121
324122
324123
324124
324125
324126
324127
324128
324129
324130
324131
324132
324133
324134
324135
324136
324137
324138
324139
324140
324141
324142
324143
324144
324145
324146
324147
324148
324149
324150
324151
324152
324153
324154
324155
324156
324157
324158
324159
324160
324161
324162
324163
324164
324165
324166
324167
324168
324169
324170
324171
324172
324173
324174
324175
324176
324177
324178
324179
324180
324181
324182
324183
324184
324185
324186
324187
324188
324189
324190
324191
324192
324193
324194
324195
324196
324197
324198
324199
324200
324201
324202
324203
324204
324205
324206
324207
324208
324209
324210
324211
324212
324213
324214
324215
324216
324217
324218
324219
324220
324221
324222
324223
324224
324225
324226
324227
324228
324229
324230
324231
324232
324233
324234
324235
324236
324237
324238
324239
324240
324241
324242
324243
324244
324245
324246
324247
324248
324249
324250
324251
324252
324253
324254
324255
324256
324257
324258
324259
324260
324261
324262
324263
324264
324265
324266
324267
324268
324269
324270
324271
324272
324273
324274
324275
324276
324277
324278
324279
324280
324281
324282
324283
324284
324285
324286
324287
324288
324289
324290
324291
324292
324293
324294
324295
324296
324297
324298
324299
324300
324301
324302
324303
324304
324305
324306
324307
324308
324309
324310
324311
324312
324313
324314
324315
324316
324317
324318
324319
324320
324321
324322
324323
324324
324325
324326
324327
324328
324329
324330
324331
324332
324333
324334
324335
324336
324337
324338
324339
324340
324341
324342
324343
324344
324345
324346
324347
324348
324349
324350
324351
324352
324353
324354
324355
324356
324357
324358
324359
324360
324361
324362
324363
324364
324365
324366
324367
324368
324369
324370
324371
324372
324373
324374
324375
324376
324377
324378
324379
324380
324381
324382
324383
324384
324385
324386
324387
324388
324389
324390
324391
324392
324393
324394
324395
324396
324397
324398
324399
324400
324401
324402
324403
324404
324405
324406
324407
324408
324409
324410
324411
324412
324413
324414
324415
324416
324417
324418
324419
324420
324421
324422
324423
324424
324425
324426
324427
324428
324429
324430
324431
324432
324433
324434
324435
324436
324437
324438
324439
324440
324441
324442
324443
324444
324445
324446
324447
324448
324449
324450
324451
324452
324453
324454
324455
324456
324457
324458
324459
324460
324461
324462
324463
324464
324465
324466
324467
324468
324469
324470
324471
324472
324473
324474
324475
324476
324477
324478
324479
324480
324481
324482
324483
324484
324485
324486
324487
324488
324489
324490
324491
324492
324493
324494
324495
324496
324497
324498
324499
324500
324501
324502
324503
324504
324505
324506
324507
324508
324509
324510
324511
324512
324513
324514
324515
324516
324517
324518
324519
324520
324521
324522
324523
324524
324525
324526
324527
324528
324529
324530
324531
324532
324533
324534
324535
324536
324537
324538
324539
324540
324541
324542
324543
324544
324545
324546
324547
324548
324549
324550
324551
324552
324553
324554
324555
324556
324557
324558
324559
324560
324561
324562
324563
324564
324565
324566
324567
324568
324569
324570
324571
324572
324573
324574
324575
324576
324577
324578
324579
324580
324581
324582
324583
324584
324585
324586
324587
324588
324589
324590
324591
324592
324593
324594
324595
324596
324597
324598
324599
324600
324601
324602
324603
324604
324605
324606
324607
324608
324609
324610
324611
324612
324613
324614
324615
324616
324617
324618
324619
324620
324621
324622
324623
324624
324625
324626
324627
324628
324629
324630
324631
324632
324633
324634
324635
324636
324637
324638
324639
324640
324641
324642
324643
324644
324645
324646
324647
324648
324649
324650
324651
324652
324653
324654
324655
324656
324657
324658
324659
324660
324661
324662
324663
324664
324665
324666
324667
324668
324669
324670
324671
324672
324673
324674
324675
324676
324677
324678
324679
324680
324681
324682
324683
324684
324685
324686
324687
324688
324689
324690
324691
324692
324693
324694
324695
324696
324697
324698
324699
324700
324701
324702
324703
324704
324705
324706
324707
324708
324709
324710
324711
324712
324713
324714
324715
324716
324717
324718
324719
324720
324721
324722
324723
324724
324725
324726
324727
324728
324729
324730
324731
324732
324733
324734
324735
324736
324737
324738
324739
324740
324741
324742
324743
324744
324745
324746
324747
324748
324749
324750
324751
324752
324753
324754
324755
324756
324757
324758
324759
324760
324761
324762
324763
324764
324765
324766
324767
324768
324769
324770
324771
324772
324773
324774
324775
324776
324777
324778
324779
324780
324781
324782
324783
324784
324785
324786
324787
324788
324789
324790
324791
324792
324793
324794
324795
324796
324797
324798
324799
324800
324801
324802
324803
324804
324805
324806
324807
324808
324809
324810
324811
324812
324813
324814
324815
324816
324817
324818
324819
324820
324821
324822
324823
324824
324825
324826
324827
324828
324829
324830
324831
324832
324833
324834
324835
324836
324837
324838
324839
324840
324841
324842
324843
324844
324845
324846
324847
324848
324849
324850
324851
324852
324853
324854
324855
324856
324857
324858
324859
324860
324861
324862
324863
324864
324865
324866
324867
324868
324869
324870
324871
324872
324873
324874
324875
324876
324877
324878
324879
324880
324881
324882
324883
324884
324885
324886
324887
324888
324889
324890
324891
324892
324893
324894
324895
324896
324897
324898
324899
324900
324901
324902
324903
324904
324905
324906
324907
324908
324909
324910
324911
324912
324913
324914
324915
324916
324917
324918
324919
324920
324921
324922
324923
324924
324925
324926
324927
324928
324929
324930
324931
324932
324933
324934
324935
324936
324937
324938
324939
324940
324941
324942
324943
324944
324945
324946
324947
324948
324949
324950
324951
324952
324953
324954
324955
324956
324957
324958
324959
324960
324961
324962
324963
324964
324965
324966
324967
324968
324969
324970
324971
324972
324973
324974
324975
324976
324977
324978
324979
324980
324981
324982
324983
324984
324985
324986
324987
324988
324989
324990
324991
324992
324993
324994
324995
324996
324997
324998
324999
325000
325001
325002
325003
325004
325005
325006
325007
325008
325009
325010
325011
325012
325013
325014
325015
325016
325017
325018
325019
325020
325021
325022
325023
325024
325025
325026
325027
325028
325029
325030
325031
325032
325033
325034
325035
325036
325037
325038
325039
325040
325041
325042
325043
325044
325045
325046
325047
325048
325049
325050
325051
325052
325053
325054
325055
325056
325057
325058
325059
325060
325061
325062
325063
325064
325065
325066
325067
325068
325069
325070
325071
325072
325073
325074
325075
325076
325077
325078
325079
325080
325081
325082
325083
325084
325085
325086
325087
325088
325089
325090
325091
325092
325093
325094
325095
325096
325097
325098
325099
325100
325101
325102
325103
325104
325105
325106
325107
325108
325109
325110
325111
325112
325113
325114
325115
325116
325117
325118
325119
325120
325121
325122
325123
325124
325125
325126
325127
325128
325129
325130
325131
325132
325133
325134
325135
325136
325137
325138
325139
325140
325141
325142
325143
325144
325145
325146
325147
325148
325149
325150
325151
325152
325153
325154
325155
325156
325157
325158
325159
325160
325161
325162
325163
325164
325165
325166
325167
325168
325169
325170
325171
325172
325173
325174
325175
325176
325177
325178
325179
325180
325181
325182
325183
325184
325185
325186
325187
325188
325189
325190
325191
325192
325193
325194
325195
325196
325197
325198
325199
325200
325201
325202
325203
325204
325205
325206
325207
325208
325209
325210
325211
325212
325213
325214
325215
325216
325217
325218
325219
325220
325221
325222
325223
325224
325225
325226
325227
325228
325229
325230
325231
325232
325233
325234
325235
325236
325237
325238
325239
325240
325241
325242
325243
325244
325245
325246
325247
325248
325249
325250
325251
325252
325253
325254
325255
325256
325257
325258
325259
325260
325261
325262
325263
325264
325265
325266
325267
325268
325269
325270
325271
325272
325273
325274
325275
325276
325277
325278
325279
325280
325281
325282
325283
325284
325285
325286
325287
325288
325289
325290
325291
325292
325293
325294
325295
325296
325297
325298
325299
325300
325301
325302
325303
325304
325305
325306
325307
325308
325309
325310
325311
325312
325313
325314
325315
325316
325317
325318
325319
325320
325321
325322
325323
325324
325325
325326
325327
325328
325329
325330
325331
325332
325333
325334
325335
325336
325337
325338
325339
325340
325341
325342
325343
325344
325345
325346
325347
325348
325349
325350
325351
325352
325353
325354
325355
325356
325357
325358
325360
325361
325362
325363
325364
325365
325366
325367
325368
325369
325370
325371
325372
325373
325374
325375
325376
325377
325378
325379
325380
325381
325382
325383
325384
325385
325386
325387
325388
325389
325390
325391
325392
325393
325394
325395
325396
325397
325398
325399
325400
325401
325402
325403
325404
325405
325406
325407
325408
325409
325410
325411
325412
325413
325414
325415
325416
325417
325418
325419
325420
325421
325422
325423
325424
325425
325426
325427
325428
325429
325430
325431
325432
325433
325434
325435
325436
325437
325438
325439
325440
325441
325442
325443
325444
325445
325446
325447
325448
325449
325450
325451
325452
325453
325454
325455
325456
325457
325458
325459
325460
325461
325462
325463
325464
325465
325466
325467
325468
325469
325470
325471
325472
325473
325474
325475
325476
325477
325478
325479
325480
325481
325482
325483
325484
325485
325486
325487
325488
325489
325490
325491
325492
325493
325494
325495
325496
325497
325498
325499
325500
325501
325502
325503
325504
325505
325506
325507
325508
325509
325510
325511
325512
325513
325514
325515
325516
325517
325518
325519
325520
325521
325522
325523
325524
325525
325526
325527
325528
325529
325530
325531
325532
325533
325534
325535
325536
325537
325538
325539
325540
325541
325542
325543
325544
325545
325546
325547
325548
325549
325550
325551
325552
325553
325554
325555
325556
325557
325558
325559
325560
325561
325562
325563
325564
325565
325566
325567
325568
325569
325570
325571
325572
325573
325574
325575
325576
325577
325578
325579
325580
325581
325582
325583
325584
325585
325586
325587
325588
325589
325590
325591
325592
325593
325594
325595
325596
325597
325598
325599
325600
325601
325602
325603
325604
325605
325606
325607
325608
325609
325610
325611
325612
325613
325614
325615
325616
325617
325618
325619
325620
325621
325622
325623
325624
325625
325626
325627
325628
325629
325630
325631
325632
325633
325634
325635
325636
325637
325638
325639
325640
325641
325642
325643
325644
325645
325646
325647
325648
325649
325650
325651
325652
325653
325654
325655
325656
325657
325658
325659
325660
325661
325662
325663
325664
325665
325666
325667
325668
325669
325670
325671
325672
325673
325674
325675
325676
325677
325678
325679
325680
325681
325682
325683
325684
325685
325686
325687
325688
325689
325690
325691
325692
325693
325694
325695
325696
325697
325698
325699
325700
325701
325702
325703
325704
325705
325706
325707
325708
325709
325710
325711
325712
325713
325714
325715
325716
325717
325718
325719
325720
325721
325722
325723
325724
325725
325726
325727
325728
325729
325730
325731
325732
325733
325734
325735
325736
325737
325738
325739
325740
325741
325742
325743
325744
325745
325746
325747
325748
325749
325750
325751
325752
325753
325754
325755
325756
325757
325758
325759
325760
325761
325762
325763
325764
325765
325766
325767
325768
325769
325770
325771
325772
325773
325774
325775
325776
325777
325778
325779
325780
325781
325782
325783
325784
325785
325786
325787
325788
325789
325790
325791
325792
325793
325794
325795
325796
325797
325798
325799
325800
325801
325802
325803
325804
325805
325806
325807
325808
325809
325810
325811
325812
325813
325814
325815
325816
325817
325818
325819
325820
325821
325822
325823
325824
325825
325826
325827
325828
325829
325830
325831
325832
325833
325834
325835
325836
325837
325838
325839
325840
325841
325842
325843
325844
325845
325846
325847
325848
325849
325850
325851
325852
325853
325854
325855
325856
325857
325858
325859
325860
325861
325862
325863
325864
325865
325866
325867
325868
325869
325870
325871
325872
325873
325874
325875
325876
325877
325878
325879
325880
325881
325882
325883
325884
325885
325886
325887
325888
325889
325890
325891
325892
325893
325894
325895
325896
325897
325898
325899
325900
325901
325902
325903
325904
325905
325906
325907
325908
325909
325910
325911
325912
325913
325914
325915
325916
325917
325918
325919
325920
325921
325922
325923
325924
325925
325926
325927
325928
325929
325930
325931
325932
325933
325934
325935
325936
325937
325938
325939
325940
325941
325942
325943
325944
325945
325946
325947
325948
325949
325950
325951
325952
325953
325954
325955
325956
325957
325958
325959
325960
325961
325962
325963
325964
325965
325966
325967
325968
325969
325970
325971
325972
325973
325974
325975
325976
325977
325978
325979
325980
325981
325982
325983
325984
325985
325986
325987
325988
325989
325990
325991
325992
325993
325994
325995
325996
325997
325998
325999
326000
326001
326002
326003
326004
326005
326006
326007
326008
326009
326010
326011
326012
326013
326014
326015
326016
326017
326018
326019
326020
326021
326022
326023
326024
326025
326026
326027
326028
326029
326030
326031
326032
326033
326034
326035
326036
326037
326038
326039
326040
326041
326042
326043
326044
326045
326046
326047
326048
326049
326050
326051
326052
326053
326054
326055
326056
326057
326058
326059
326060
326061
326062
326063
326064
326065
326066
326067
326068
326069
326070
326071
326072
326073
326074
326075
326076
326077
326078
326079
326080
326081
326082
326083
326084
326085
326086
326087
326088
326089
326090
326091
326092
326093
326094
326095
326096
326097
326098
326099
326100
326101
326102
326103
326104
326105
326106
326107
326108
326109
326110
326111
326112
326113
326114
326115
326116
326117
326118
326119
326120
326121
326122
326123
326124
326125
326126
326127
326128
326129
326130
326131
326132
326133
326134
326135
326136
326137
326138
326139
326140
326141
326142
326143
326144
326145
326146
326147
326148
326149
326150
326151
326152
326153
326154
326155
326156
326157
326158
326159
326160
326161
326162
326163
326164
326165
326166
326167
326168
326169
326170
326171
326172
326173
326174
326175
326176
326177
326178
326179
326180
326181
326182
326183
326184
326185
326186
326187
326188
326189
326190
326191
326192
326193
326194
326195
326196
326197
326198
326199
326200
326201
326202
326203
326204
326205
326206
326207
326208
326209
326210
326211
326212
326213
326214
326215
326216
326217
326218
326219
326220
326221
326222
326223
326224
326225
326226
326227
326228
326229
326230
326231
326232
326233
326234
326235
326236
326237
326238
326239
326240
326241
326242
326243
326244
326245
326246
326247
326248
326249
326250
326251
326252
326253
326254
326255
326256
326257
326258
326259
326260
326261
326262
326263
326264
326265
326266
326267
326268
326269
326270
326271
326272
326273
326274
326275
326276
326277
326278
326279
326280
326281
326282
326283
326284
326285
326286
326287
326288
326289
326290
326291
326292
326293
326294
326295
326296
326297
326298
326299
326300
326301
326302
326303
326304
326305
326306
326307
326308
326309
326310
326311
326312
326313
326314
326315
326316
326317
326318
326319
326320
326321
326322
326323
326324
326325
326326
326327
326328
326329
326330
326331
326332
326333
326334
326335
326336
326337
326338
326339
326340
326341
326342
326343
326344
326345
326346
326347
326348
326349
326350
326351
326352
326353
326354
326355
326356
326357
326358
326359
326360
326361
326362
326363
326364
326365
326366
326367
326368
326369
326370
326371
326372
326373
326374
326375
326376
326377
326378
326379
326380
326381
326382
326383
326384
326385
326386
326387
326388
326389
326390
326391
326392
326393
326394
326395
326396
326397
326398
326399
326400
326401
326402
326403
326404
326405
326406
326407
326408
326409
326410
326411
326412
326413
326414
326415
326416
326417
326418
326419
326420
326421
326422
326423
326424
326425
326426
326427
326428
326429
326430
326431
326432
326433
326434
326435
326436
326437
326438
326439
326440
326441
326442
326443
326444
326445
326446
326447
326448
326449
326450
326451
326452
326453
326454
326455
326456
326457
326458
326459
326460
326461
326462
326463
326464
326465
326466
326467
326468
326469
326470
326471
326472
326473
326474
326475
326476
326477
326478
326479
326480
326481
326482
326483
326484
326485
326486
326487
326488
326489
326490
326491
326492
326493
326494
326495
326496
326497
326498
326499
326500
326501
326502
326503
326504
326505
326506
326507
326508
326509
326510
326511
326512
326513
326514
326515
326516
326517
326518
326519
326520
326521
326522
326523
326524
326525
326526
326527
326528
326529
326530
326531
326532
326533
326534
326535
326536
326537
326538
326539
326540
326541
326542
326543
326544
326545
326546
326547
326548
326549
326550
326551
326552
326553
326554
326555
326556
326557
326558
326559
326560
326561
326562
326563
326564
326565
326566
326567
326568
326569
326570
326571
326572
326573
326574
326575
326576
326577
326578
326579
326580
326581
326582
326583
326584
326585
326586
326587
326588
326589
326590
326591
326592
326593
326594
326595
326596
326597
326598
326599
326600
326601
326602
326603
326604
326605
326606
326607
326608
326609
326610
326611
326612
326613
326614
326615
326616
326617
326618
326619
326620
326621
326622
326623
326624
326625
326626
326627
326628
326629
326630
326631
326632
326633
326634
326635
326636
326637
326638
326639
326640
326641
326642
326643
326644
326645
326646
326647
326648
326649
326650
326651
326652
326653
326654
326655
326656
326657
326658
326659
326660
326661
326662
326663
326664
326665
326666
326667
326668
326669
326670
326671
326672
326673
326674
326675
326676
326677
326678
326679
326680
326681
326682
326683
326684
326685
326686
326687
326688
326689
326690
326691
326692
326693
326694
326695
326696
326697
326698
326699
326700
326701
326702
326703
326704
326705
326706
326707
326708
326709
326710
326711
326712
326713
326714
326715
326716
326717
326718
326719
326720
326721
326722
326723
326724
326725
326726
326727
326728
326729
326730
326731
326732
326733
326734
326735
326736
326737
326738
326739
326740
326741
326742
326743
326744
326745
326746
326747
326748
326749
326750
326751
326752
326753
326754
326755
326756
326757
326758
326759
326760
326761
326762
326763
326764
326765
326766
326767
326768
326769
326770
326771
326772
326773
326774
326775
326776
326777
326778
326779
326780
326781
326782
326783
326784
326785
326786
326787
326788
326789
326790
326791
326792
326793
326794
326795
326796
326797
326798
326799
326800
326801
326802
326803
326804
326805
326806
326807
326808
326809
326810
326811
326812
326813
326814
326815
326816
326817
326818
326819
326820
326821
326822
326823
326824
326825
326826
326827
326828
326829
326830
326831
326832
326833
326834
326835
326836
326837
326838
326839
326840
326841
326842
326843
326844
326845
326846
326847
326848
326849
326850
326851
326852
326853
326854
326855
326856
326857
326858
326859
326860
326861
326862
326863
326864
326865
326866
326867
326868
326869
326870
326871
326872
326873
326874
326875
326876
326877
326878
326879
326880
326881
326882
326883
326884
326885
326886
326887
326888
326889
326890
326891
326892
326893
326894
326895
326896
326897
326898
326899
326900
326902
326903
326904
326905
326906
326907
326908
326909
326910
326911
326912
326913
