792619
792620
792621
792622
792623
792624
792625
792626
792627
792628
792629
792630
792631
792632
792633
792634
792635
792636
792637
792638
792639
792640
792641
792642
792643
792644
792645
792646
792647
792648
792649
792650
792651
792652
792653
792654
792655
792656
792657
792658
792659
792660
792661
792662
792663
792664
792665
792666
792667
792668
792669
792670
792671
792672
792673
792674
792675
792676
792677
792678
792679
792680
792681
792682
792683
792684
792685
792686
792687
792688
792689
792690
792691
792692
792693
792694
792695
792696
792697
792698
792699
792700
792701
792702
792703
792704
792705
792706
792707
792708
792709
792710
792711
792712
792713
792714
792715
792716
792717
792718
792719
792720
792721
792722
792723
792724
792725
792726
792727
792728
792729
792730
792731
792732
792733
792734
792735
792736
792737
792738
792739
792740
792741
792742
792743
792744
792745
792746
792747
792748
792749
792750
792751
792752
792753
792754
792755
792756
792757
792758
792759
792760
792761
792762
792763
792764
792765
792766
792767
792768
792769
792770
792771
792772
792773
792774
792775
792776
792777
792778
792779
792780
792781
792782
792783
792784
792785
792786
792787
792788
792789
792790
792791
792792
792793
792794
792795
792796
792797
792798
792799
792800
792801
792802
792803
792804
792805
792806
792807
792808
792809
792810
792811
792812
792813
792814
792815
792816
792817
792818
792819
792820
792821
792822
792823
792824
792825
792826
792827
792828
792829
792830
792831
792832
792833
792834
792835
792836
792837
792838
792839
792840
792841
792842
792843
792844
792845
792846
792847
792848
792849
792850
792851
792852
792853
792854
792855
792856
792857
792858
792859
792860
792861
792862
792863
792864
792865
792866
792867
792868
792869
792870
792871
792872
792873
792874
792875
792876
792877
792878
792879
792880
792881
792882
792883
792884
792885
792886
792887
792888
792889
792890
792891
792892
792893
792894
792895
792896
792897
792898
792899
792900
792901
792902
792903
792904
792905
792906
792907
792908
792909
792910
792911
792912
792913
792914
792915
792916
792917
792918
792919
792920
792921
792922
792923
792924
792925
792926
792927
792928
792929
792930
792931
792932
792933
792934
792935
792936
792937
792938
792939
792940
792941
792942
792943
792944
792945
792946
792947
792948
792949
792950
792951
792952
792953
792954
792955
792956
792957
792958
792959
792960
792961
792962
792963
792964
792965
792966
792967
792968
792969
792970
792971
792972
792973
792974
792975
792976
792977
792978
792979
792980
792981
792982
792983
792984
792985
792986
792987
792988
792989
792990
792991
792992
792993
792994
792995
792996
792997
792998
792999
793000
793001
793002
793003
793004
793005
793006
793007
793008
793009
793010
793011
793012
793013
793014
793015
793016
793017
793018
793019
793020
793021
793022
793023
793024
793025
793026
793027
793028
793029
793030
793031
793032
793033
793034
793035
793036
793037
793038
793039
793040
793041
793042
793043
793044
793045
793046
793047
793048
793049
793050
793051
793052
793053
793054
793055
793056
793057
793058
793059
793060
793061
793062
793063
793064
793065
793066
793067
793068
793069
793070
793071
793072
793073
793074
793075
793076
793077
793078
793079
793080
793081
793082
793083
793084
793085
793086
793087
793088
793089
793090
793091
793092
793093
793094
793095
793096
793097
793098
793099
793100
793101
793102
793103
793104
793105
793106
793107
793108
793109
793110
793111
793112
793113
793114
793115
793116
793117
793118
793119
793120
793121
793122
793123
793124
793125
793126
793127
793128
793129
793130
793131
793132
793133
793134
793135
793136
793137
793138
793139
793140
793141
793142
793143
793144
793145
793146
793147
793148
793149
793150
793151
793152
793153
793154
793155
793156
793157
793158
793159
793160
793161
793162
793163
793164
793165
793166
793167
793168
793169
793170
793171
793172
793173
793174
793175
793176
793177
793178
793179
793180
793181
793182
793183
793184
793185
793186
793187
793188
793189
793190
793191
793192
793193
793194
793195
793196
793197
793198
793199
793200
793201
793202
793203
793204
793205
793206
793207
793208
793209
793210
793211
793212
793213
793214
793215
793216
793217
793218
793219
793220
793221
793222
793223
793224
793225
793226
793227
793228
793229
793230
793231
793232
793233
793234
793235
793236
793237
793238
793239
793240
793241
793242
793243
793244
793245
793246
793247
793248
793249
793250
793251
793252
793253
793254
793255
793256
793257
793258
793259
793260
793261
793262
793263
793264
793265
793266
793267
793268
793269
793270
793271
793272
793273
793274
793275
793276
793277
793278
793279
793280
793281
793282
793283
793284
793285
793286
793287
793288
793289
793290
793291
793292
793293
793294
793295
793296
793297
793298
793299
793300
793301
793302
793303
793304
793305
793306
793307
793308
793309
793310
793311
793312
793313
793314
793315
793316
793317
793318
793319
793320
793321
793322
793323
793324
793325
793326
793327
793328
793329
793330
793331
793332
793333
793334
793335
793336
793337
793338
793339
793340
793341
793342
793343
793344
793345
793346
793347
793348
793349
793350
793351
793352
793353
793354
793355
793356
793357
793358
793359
793360
793361
793362
793363
793364
793365
793366
793367
793368
793369
793370
793371
793372
793373
793374
793375
793376
793377
793378
793379
793380
793381
793382
793383
793384
793385
793386
793387
793388
793389
793390
793391
793392
793393
793394
793395
793396
793397
793398
793399
793400
793401
793402
793403
793404
793405
793406
793407
793408
793409
793410
793411
793412
793413
793414
793415
793416
793417
793418
793419
793420
793421
793422
793423
793424
793425
793426
793427
793428
793429
793430
793431
793432
793433
793434
793435
793436
793437
793438
793439
793440
793441
793442
793443
793444
793445
793446
793447
793448
793449
793450
793451
793452
793453
793454
793455
793456
793457
793458
793459
793460
793461
793462
793463
793464
793465
793466
793467
793468
793469
793470
793471
793472
793473
793474
793475
793476
793477
793478
793479
793480
793481
793482
793483
793484
793485
793486
793487
793488
793489
793490
793491
793492
793493
793494
793495
793496
793497
793498
793499
793500
793501
793502
793503
793504
793505
793506
793507
793508
793509
793510
793511
793512
793513
793514
793515
793516
793517
793518
793519
793520
793521
793522
793523
793524
793525
793526
793527
793528
793529
793530
793531
793532
793533
793534
793535
793536
793537
793538
793539
793540
793541
793542
793543
793544
793545
793546
793547
793548
793549
793550
793551
793552
793553
793554
793555
793556
793557
793558
793559
793560
793561
793562
793563
793564
793565
793566
793567
793568
793569
793570
793571
793572
793573
793574
793575
793576
793577
793578
793579
793580
793581
793582
793583
793584
793585
793586
793587
793588
793589
793590
793591
793592
793593
793594
793595
793596
793597
793598
793599
793600
793601
793602
793603
793604
793605
793606
793607
793608
793609
793610
793611
793612
793613
793614
793615
793616
793617
793618
793619
793620
793621
793622
793623
793624
793625
793626
793627
793628
793629
793630
793631
793632
793633
793634
793635
793636
793637
793638
793639
793640
793641
793642
793643
793644
793645
793646
793647
793648
793649
793650
793651
793652
793653
793654
793655
793656
793657
793658
793659
793660
793661
793662
793663
793664
793665
793666
793667
793668
793669
793670
793671
793672
793673
793674
793675
793676
793677
793678
793679
793680
793681
793682
793683
793684
793685
793686
793687
793688
793689
793690
793691
793692
793693
793694
793695
793696
793697
793698
793699
793700
793701
793702
793703
793704
793705
793706
793707
793708
793709
793710
793711
793712
793713
793714
793715
793716
793717
793718
793719
793720
793721
793722
793723
793724
793725
793726
793727
793728
793729
793730
793731
793732
793733
793734
793735
793736
793737
793738
793739
793740
793741
793742
793743
793744
793745
793746
793747
793748
793749
793750
793751
793752
793753
793754
793755
793756
793757
793758
793759
793760
793761
793762
793763
793764
793765
793766
793767
793768
793769
793770
793771
793772
793773
793774
793775
793776
793777
793778
793779
793780
793781
793782
793783
793784
793785
793786
793787
793788
793789
793790
793791
793792
793793
793794
793795
793796
793797
793798
793799
793800
793801
793802
793803
793804
793805
793806
793807
793808
793809
793810
793811
793812
793813
793814
793815
793816
793817
793818
793819
793820
793821
793822
793823
793824
793825
793826
793827
793828
793829
793830
793831
793832
793833
793834
793835
793836
793837
793838
793839
793840
793841
793842
793843
793844
793845
793846
793847
793848
793849
793850
793851
793852
793853
793854
793855
793856
793857
793858
793859
793860
793861
793862
793863
793864
793865
793866
793867
793868
793869
793870
793871
793872
793873
793874
793875
793876
793877
793878
793879
793880
793881
793882
793883
793884
793885
793886
793887
793888
793889
793890
793891
793892
793893
793894
793895
793896
793897
793898
793899
793900
793901
793902
793903
793904
793905
793906
793907
793908
793909
793910
793911
793912
793913
793914
793915
793916
793917
793918
793919
793920
793921
793922
793923
793924
793925
793926
793927
793928
793929
793930
793931
793932
793933
793934
793935
793936
793937
793938
793939
793940
793941
793942
793943
793944
793945
793946
793947
793948
793949
793950
793951
793952
793953
793954
793955
793956
793957
793958
793959
793960
793961
793962
793963
793964
793965
793966
793967
793968
793969
793970
793971
793972
793973
793974
793975
793976
793977
793978
793979
793980
793981
793982
793983
793984
793985
793986
793987
793988
793989
793990
793991
793992
793993
793994
793995
793996
793997
793998
793999
794000
794001
794002
794003
794004
794005
794006
794007
794008
794009
794010
794011
794012
794013
794014
794015
794016
794017
794018
794019
794020
794021
794022
794023
794024
794025
794026
794027
794028
794029
794030
794031
794032
794033
794034
794035
794036
794037
794038
794039
794040
794041
794042
794043
794044
794045
794046
794047
794048
794049
794050
794051
794052
794053
794054
794055
794056
794057
794058
794059
794060
794061
794062
794063
794064
794065
794066
794067
794068
794069
794070
794071
794072
794073
794074
794075
794076
794077
794078
794079
794080
794081
794082
794083
794084
794085
794086
794087
794088
794089
794090
794091
794092
794093
794094
794095
794096
794097
794098
794099
794100
794101
794102
794103
794104
794105
794106
794107
794108
794109
794110
794111
794112
794113
794114
794115
794116
794117
794118
794119
794120
794121
794122
794123
794124
794125
794126
794127
794128
794129
794130
794131
794132
794133
794134
794135
794136
794137
794138
794139
794140
794141
794142
794143
794144
794145
794146
794147
794148
794149
794150
794151
794152
794153
794154
794155
794156
794157
794158
794159
794160
794161
794162
794163
794164
794165
794166
794167
794168
794169
794170
794171
794172
794173
794174
794175
794176
794177
794178
794179
794180
794181
794182
794183
794184
794185
794186
794187
794188
794189
794190
794191
794192
794193
794194
794195
794196
794197
794198
794199
794200
794201
794202
794203
794204
794205
794206
794207
794208
794209
794210
794211
794212
794213
794214
794215
794216
794217
794218
794219
794220
794221
794222
794223
794224
794225
794226
794227
794228
794229
794230
794231
794232
794233
794234
794235
794236
794237
794238
794239
794240
794241
794242
794243
794244
794245
794246
794247
794248
794249
794250
794251
794252
794253
794254
794255
794256
794257
794258
794259
794260
794261
794262
794263
794264
794265
794266
794267
794268
794269
794270
794271
794272
794273
794274
794275
794276
794277
794278
794279
794280
794281
794282
794283
794284
794285
794286
794287
794288
794289
794290
794291
794292
794293
794294
794295
794296
794297
794298
794299
794300
794301
794302
794303
794304
794305
794306
794307
794308
794309
794310
794311
794312
794313
794314
794315
794316
794317
794318
794319
794320
794321
794322
794323
794324
794325
794326
794327
794328
794329
794330
794331
794332
794333
794334
794335
794336
794337
794338
794339
794340
794341
794342
794343
794344
794345
794346
794347
794348
794349
794350
794351
794352
794353
794354
794355
794356
794357
794358
794359
794360
794361
794362
794363
794364
794365
794366
794367
794368
794369
794370
794371
794372
794373
794374
794375
794376
794377
794378
794379
794380
794381
794382
794383
794384
794385
794386
794387
794388
794389
794390
794391
794392
794393
794394
794395
794396
794397
794398
794399
794400
794401
794402
794403
794404
794405
794406
794407
794408
794409
794410
794411
794412
794413
794414
794415
794416
794417
794418
794419
794420
794421
794422
794423
794424
794425
794426
794427
794428
794429
794430
794431
794432
794433
794434
794435
794436
794437
794438
794439
794440
794441
794442
794443
794444
794445
794446
794447
794448
794449
794450
794451
794452
794453
794454
794455
794456
794457
794458
794459
794460
794461
794462
794463
794464
794465
794466
794467
794468
794469
794470
794471
794472
794473
794474
794475
794476
794477
794478
794479
794480
794481
794482
794483
794484
794485
794486
794487
794488
794489
794490
794491
794492
794493
794494
794495
794496
794497
794498
794499
794500
794501
794502
794503
794504
794505
794506
794507
794508
794509
794510
794511
794512
794513
794514
794515
794516
794517
794518
794519
794520
794521
794522
794523
794524
794525
794526
794527
794528
794529
794530
794531
794532
794533
794534
794535
794536
794537
794538
794539
794540
794541
794542
794543
794544
794545
794546
794547
794548
794549
794550
794551
794552
794553
794554
794555
794556
794557
794558
794559
794560
794561
794562
794563
794564
794565
794566
794567
794568
794569
794570
794571
794572
794573
794574
794575
794576
794577
794578
794579
794580
794581
794582
794583
794584
794585
794586
794587
794588
794589
794590
794591
794592
794593
794594
794595
794596
794597
794598
794599
794600
794601
794602
794603
794604
794605
794606
794607
794608
794609
794610
794611
794612
794613
794614
794615
794616
794617
794618
794619
794620
794621
794622
794623
794624
794625
794626
794627
794628
794629
794630
794631
794632
794633
794634
794635
794636
794637
794638
794639
794640
794641
794642
794643
794644
794645
794646
794647
794648
794649
794650
794651
794652
794653
794654
794655
794656
794657
794658
794659
794660
794661
794662
794663
794664
794665
794666
794667
794668
794669
794670
794671
794672
794673
794674
794675
794676
794677
794678
794679
794680
794681
794682
794683
794684
794685
794686
794687
794688
794689
794690
794691
794692
794693
794694
794695
794696
794697
794698
794699
794700
794701
794702
794703
794704
794706
794707
794708
794709
794710
794711
794712
794713
794714
794715
794716
794717
794718
794719
794720
794721
794722
794723
794724
794725
794726
794727
794728
794729
794730
794731
794732
794733
794734
794735
794736
794737
794738
794739
794740
794741
794742
794743
794744
794745
794746
794747
794748
794749
794750
794751
794752
794753
794754
794755
794756
794757
794758
794759
794760
794761
794762
794763
794764
794765
794766
794767
794768
794769
794770
794771
794772
794773
794774
794775
794776
794777
794778
794779
794780
794781
794782
794783
794784
794785
794786
794787
794788
794789
794790
794791
794792
794793
794794
794795
794796
794797
794798
794799
794800
794801
794802
794803
794804
794805
794806
794807
794808
794809
794810
794811
794812
794813
794814
794815
794816
794817
794818
794819
794820
794821
794822
794823
794824
794825
794826
794827
794828
794829
794830
794831
794832
794833
794834
794835
794836
794837
794838
794839
794840
794841
794842
794843
794844
794845
794846
794847
794848
794849
794850
794851
794852
794853
794854
794855
794856
794857
794858
794859
794860
794861
794862
794863
794864
794865
794866
794867
794868
794869
794870
794871
794872
794873
794874
794875
794876
794877
794878
794879
794880
794881
794882
794883
794884
794885
794886
794887
794888
794889
794890
794891
794892
794893
794894
794895
794896
794897
794898
794899
794900
794901
794902
794903
794904
794905
794906
794907
794908
794909
794910
794911
794912
794913
794914
794915
794916
794917
794918
794919
794920
794921
794922
794923
794924
794925
794926
794927
794928
794929
794930
794931
794932
794933
794934
794935
794936
794937
794938
794939
794940
794941
794942
794943
794944
794945
794946
794947
794948
794949
794950
794951
794952
794953
794954
794955
794956
794957
794958
794959
794960
794961
794962
794963
794964
794965
794966
794967
794968
794969
794970
794971
794972
794973
794974
794975
794976
794977
794978
794979
794980
794981
794982
794983
794984
794985
794986
794987
794988
794989
794990
794991
794992
794993
794994
794995
794996
794997
794998
794999
795000
795001
795002
795003
795004
795005
795006
795007
795008
795009
795010
795011
795012
795013
795014
795015
795016
795017
795018
795019
795020
795021
795022
795023
795024
795025
795026
795027
795028
795029
795030
795031
795032
795033
795034
795035
795036
795037
795038
795039
795040
795041
795042
795043
795044
795045
795046
795047
795048
795049
795050
795051
795052
795053
795054
795055
795056
795057
795058
795059
795060
795061
795062
795063
795064
795065
795066
795067
795068
795069
795070
795071
795072
795073
795074
795075
795076
795077
795078
795079
795080
795081
795082
795083
795084
795085
795086
795087
795088
795089
795090
795091
795092
795093
795094
795095
795096
795097
795098
795099
795100
795101
795102
795103
795104
795105
795106
795107
795108
795109
795110
795111
795112
795113
795114
795115
795116
795117
795118
795119
795120
795121
795122
795123
795124
795125
795126
795127
795128
795129
795130
795131
795132
795133
795134
795135
795136
795137
795138
795139
795140
795141
795142
795143
795144
795145
795146
795147
795148
795149
795150
795151
795152
795153
795154
795155
795156
795157
795158
795159
795160
795161
795162
795163
795164
795165
795166
795167
795168
795169
795170
795171
795172
795173
795174
795175
795176
795177
795178
795179
795180
795181
795182
795183
795184
795185
795186
795187
795188
795189
795190
795191
795192
795193
795194
795195
795196
795197
795198
795199
795200
795201
795202
795203
795204
795205
795206
795207
795208
795209
795210
795211
795212
795213
795214
795215
795216
795217
795218
795219
795220
795221
795222
795223
795224
795225
795226
795227
795228
795229
795230
795231
795232
795233
795234
795235
795236
795237
795238
795239
795240
795241
795242
795243
795244
795245
795246
795247
795248
795249
795250
795251
795252
795253
795254
795255
795256
795257
795258
795259
795260
795261
795262
795263
795264
795265
795266
795267
795268
795269
795270
795271
795272
795273
795274
795275
795276
795277
795278
795279
795280
795281
795282
795283
795284
795285
795286
795287
795288
795289
795290
795291
795292
795293
795294
795295
795296
795297
795298
795299
795300
795301
795302
795303
795304
795305
795306
795307
795308
795309
795310
795311
795312
795313
795314
795315
795316
795317
795318
795319
795320
795321
795322
795323
795324
795325
795326
795327
795328
795329
795330
795331
795332
795333
795335
795336
795337
795338
795339
795340
795341
795342
795343
795344
795345
795346
795347
795348
795349
795350
795351
795352
795353
795354
795355
795356
795357
795358
795359
795360
795361
795362
795363
795364
