768181
768182
768183
768184
768185
768186
768187
768188
768189
768190
768191
768192
768193
768194
768195
768196
768197
768198
768199
768200
768201
768202
768203
768204
768205
768206
768207
768208
768209
768210
768211
768212
768213
768214
768215
768216
768217
768218
768219
768220
768221
768222
768223
768224
768225
768226
768227
768228
768229
768230
768231
768232
768233
768234
768235
768236
768237
768238
768239
768240
768241
768242
768243
768244
768245
768246
768247
768248
768249
768250
768251
768252
768253
768254
768255
768256
768257
768258
768259
768260
768261
768262
768263
768264
768265
768266
768267
768268
768269
768270
768271
768272
768273
768274
768275
768276
768277
768278
768279
768280
768281
768282
768283
768284
768285
768286
768287
768288
768289
768290
768291
768292
768293
768294
768295
768296
768297
768298
768299
768300
768301
768302
768303
768304
768305
768306
768307
768308
768309
768310
768311
768312
768313
768314
768315
768316
768317
768318
768319
768320
768321
768322
768323
768324
768325
768326
768327
768328
768329
768330
768331
768332
768333
768334
768335
768336
768337
768338
768339
768340
768341
768342
768343
768344
768345
768346
768347
768348
768349
768350
768351
768352
768353
768354
768355
768356
768357
768358
768359
768360
768361
768362
768363
768364
768365
768366
768367
768368
768369
768370
768371
768372
768373
768374
768375
768376
768377
768378
768379
768380
768381
768382
768383
768384
768385
768386
768387
768388
768389
768390
768391
768392
768393
768394
768395
768396
768397
768398
768399
768400
768401
768402
768403
768404
768405
768406
768407
768408
768409
768410
768411
768412
768413
768414
768415
768416
768417
768418
768419
768420
768421
768422
768423
768424
768425
768426
768427
768428
768429
768430
768431
768432
768433
768434
768435
768436
768437
768438
768439
768440
768441
768442
768443
768444
768445
768446
768447
768448
768449
768450
768451
768452
768453
768454
768455
768456
768457
768458
768459
768460
768461
768462
768463
768464
768465
768466
768467
768468
768469
768470
768471
768472
768473
768474
768475
768476
768477
768478
768479
768480
768481
768482
768483
768484
768485
768486
768487
768488
768489
768490
768491
768492
768493
768494
768495
768496
768497
768498
768499
768500
768501
768502
768503
768504
768505
768506
768507
768508
768509
768510
768511
768512
768513
768514
768515
768516
768517
768518
768519
768520
768521
768522
768523
768524
768525
768526
768527
768528
768529
768530
768531
768532
768533
768534
768535
768536
768537
768538
768539
768540
768541
768542
768543
768544
768545
768546
768547
768548
768549
768550
768551
768552
768553
768554
768555
768556
768557
768558
768559
768560
768561
768562
768563
768564
768565
768566
768567
768568
768569
768570
768571
768572
768573
768574
768575
768576
768577
768578
768579
768580
768581
768582
768583
768584
768585
768586
768587
768588
768589
768590
768591
768592
768593
768594
768595
768596
768597
768598
768599
768600
768601
768602
768603
768604
768605
768606
768607
768608
768609
768610
768611
768612
768613
768614
768615
768616
768617
768618
768619
768620
768621
768622
768623
768624
768625
768626
768627
768628
768629
768630
768631
768632
768633
768634
768635
768636
768637
768638
768639
768640
768641
768642
768643
768644
768645
768646
768647
768648
768649
768650
768651
768652
768653
768654
768655
768656
768657
768658
768659
768660
768661
768662
768663
768664
768665
768666
768667
768668
768669
768670
768671
768672
768673
768674
768675
768676
768677
768678
768679
768680
768681
768682
768683
768684
768685
768686
768687
768688
768689
768690
768691
768692
768693
768694
768695
768696
768697
768698
768699
768700
768701
768702
768703
768704
768705
768706
768707
768708
768709
768710
768711
768712
768713
768714
768715
768716
768717
768718
768719
768720
768721
768722
768723
768724
768725
768726
768727
768728
768729
768730
768731
768732
768733
768734
768735
768736
768737
768738
768739
768740
768741
768742
768743
768744
768745
768746
768747
768748
768749
768750
768751
768752
768753
768754
768755
768756
768757
768758
768759
768760
768761
768762
768763
768764
768765
768766
768767
768768
768769
768770
768771
768772
768773
768774
768775
768776
768777
768778
768779
768780
768781
768782
768783
768784
768785
768786
768787
768788
768789
768790
768791
768792
768793
768794
768795
768796
768797
768798
768799
768800
768801
768802
768803
768804
768805
768806
768807
768808
768809
768810
768811
768812
768813
768814
768815
768816
768817
768818
768819
768820
768821
768822
768823
768824
768825
768826
768827
768828
768829
768830
768831
768832
768833
768834
768835
768836
768837
768838
768839
768840
768841
768842
768843
768844
768845
768846
768847
768848
768849
768850
768851
768852
768853
768854
768855
768856
768857
768858
768859
768860
768861
768862
768863
768864
768865
768866
768867
768868
768869
768870
768871
768872
768873
768874
768875
768876
768877
768878
768879
768880
768881
768882
768883
768884
768885
768886
768887
768888
768889
768890
768891
768892
768893
768894
768895
768896
768897
768898
768899
768900
768901
768902
768903
768904
768905
768906
768907
768908
768909
768910
768911
768912
768913
768914
768915
768916
768917
768918
768919
768920
768921
768922
768923
768924
768925
768926
768927
768928
768929
768930
768931
768932
768933
768934
768935
768936
768937
768938
768939
768940
768941
768942
768943
768944
768945
768946
768947
768948
768949
768950
768951
768952
768953
768954
768955
768956
768957
768958
768959
768960
768961
768962
768963
768964
768965
768966
768967
768968
768969
768970
768971
768972
768973
768974
768975
768976
768977
768978
768979
768980
768981
768982
768983
768984
768985
768986
768987
768988
768989
768990
768991
768992
768993
768994
768995
768996
768997
768998
768999
769000
769001
769002
769003
769004
769005
769006
769007
769008
769009
769010
769011
769012
769013
769014
769015
769016
769017
769018
769019
769020
769021
769022
769023
769024
769025
769026
769027
769028
769029
769030
769031
769032
769033
769034
769035
769036
769037
769038
769039
769040
769041
769042
769043
769044
769045
769046
769047
769048
769049
769050
769051
769052
769053
769054
769055
769056
769057
769058
769059
769060
769061
769062
769063
769064
769065
769066
769067
769068
769069
769070
769071
769072
769073
769074
769075
769076
769077
769078
769079
769080
769081
769082
769083
769084
769085
769086
769087
769088
769089
769090
769091
769092
769093
769094
769095
769096
769097
769098
769099
769100
769101
769102
769103
769104
769105
769106
769107
769108
769109
769110
769111
769112
769113
769114
769115
769116
769117
769118
769119
769120
769121
769122
769123
769124
769125
769126
769127
769128
769129
769130
769131
769132
769133
769134
769135
769136
769137
769138
769139
769140
769141
769142
769143
769144
769145
769146
769147
769148
769149
769150
769151
769152
769153
769154
769155
769156
769157
769158
769159
769160
769161
769162
769163
769164
769165
769166
769167
769168
769169
769170
769171
769172
769173
769174
769175
769176
769177
769178
769179
769180
769181
769182
769183
769184
769185
769186
769187
769188
769189
769190
769191
769192
769193
769194
769195
769196
769197
769198
769199
769200
769201
769202
769203
769204
769205
769206
769207
769208
769209
769210
769211
769212
769213
769214
769215
769216
769217
769218
769219
769220
769221
769222
769223
769224
769225
769226
769227
769228
769229
769230
769231
769232
769233
769234
769235
769236
769237
769238
769239
769240
769241
769242
769243
769244
769245
769246
769247
769248
769249
769250
769251
769252
769253
769254
769255
769256
769257
769258
769259
769260
769261
769262
769263
769264
769265
769266
769267
769268
769269
769270
769271
769272
769273
769274
769275
769276
769277
769278
769279
769280
769281
769282
769283
769284
769285
769286
769287
769288
769289
769290
769291
769292
769293
769294
769295
769296
769297
769298
769299
769300
769301
769302
769303
769304
769305
769306
769307
769308
769309
769310
769311
769312
769313
769314
769315
769316
769317
769318
769319
769320
769321
769322
769323
769324
769325
769326
769327
769328
769329
769330
769331
769332
769333
769334
769335
769336
769337
769338
769339
769340
769341
769342
769343
769344
769345
769346
769347
769348
769349
769350
769351
769352
769353
769354
769355
769356
769357
769358
769359
769360
769361
769362
769363
769364
769365
769366
769367
769368
769369
769370
769371
769372
769373
769374
769375
769376
769377
769378
769379
769380
769381
769382
769383
769384
769385
769386
769387
769388
769389
769390
769391
769392
769393
769394
769395
769396
769397
769398
769399
769400
769401
769402
769403
769404
769405
769406
769407
769408
769409
769410
769411
769412
769413
769414
769415
769416
769417
769418
769419
769420
769421
769422
769423
769424
769425
769426
769427
769428
769429
769430
769431
769432
769433
769434
769435
769436
769437
769438
769439
769440
769441
769442
769443
769444
769445
769446
769447
769448
769449
769450
769451
769452
769453
769454
769455
769456
769457
769458
769459
769460
769461
769462
769463
769464
769465
769466
769467
769468
769469
769470
769471
769472
769473
769474
769475
769476
769477
769478
769479
769480
769481
769482
769483
769484
769485
769486
769487
769488
769489
769490
769491
769492
769493
769494
769495
769496
769497
769498
769499
769500
769501
769502
769503
769504
769505
769506
769507
769508
769509
769510
769511
769512
769513
769514
769515
769516
769517
769518
769519
769520
769521
769522
769523
769524
769525
769526
769527
769528
769529
769530
769531
769532
769533
769534
769535
769536
769537
769538
769539
769540
769541
769542
769543
769544
769545
769546
769547
769548
769549
769550
769551
769552
769553
769554
769555
769556
769557
769558
769559
769560
769561
769562
769563
769564
769565
769566
769567
769568
769569
769570
769571
769572
769573
769574
769575
769576
769577
769578
769579
769580
769581
769582
769583
769584
769585
769586
769587
769588
769589
769590
769591
769592
769593
769594
769595
769596
769597
769598
769599
769600
769601
769602
769603
769604
769605
769606
769607
769608
769609
769610
769611
769612
769613
769614
769615
769616
769617
769618
769619
769620
769621
769622
769623
769624
769625
769626
769627
769628
769629
769630
769631
769632
769633
769634
769635
769636
769637
769638
769639
769640
769641
769642
769643
769644
769645
769646
769647
769648
769649
769650
769651
769652
769653
769654
769655
769656
769657
769658
769659
769660
769661
769662
769663
769664
769665
769666
769667
769668
769669
769670
769671
769672
769673
769674
769675
769676
769677
769678
769679
769680
769681
769682
769683
769684
769685
769686
769687
769688
769689
769690
769691
769692
769693
769694
769695
769696
769697
769698
769699
769700
769701
769702
769703
769704
769705
769706
769707
769708
769709
769710
769711
769712
769713
769714
769715
769716
769717
769718
769719
769720
769721
769722
769723
769724
769725
769726
769727
769728
769729
769730
769731
769732
769733
769734
769735
769736
769737
769738
769739
769740
769741
769742
769743
769744
769745
769746
769747
769748
769749
769750
769751
769752
769753
769754
769755
769756
769757
769758
769759
769760
769761
769762
769763
769764
769765
769766
769767
769768
769769
769770
769771
769772
769773
769774
769775
769776
769777
769778
769779
769780
769781
769782
769783
769784
769785
769786
769787
769788
769789
769790
769791
769792
769793
769794
769795
769796
769797
769798
769799
769800
769801
769802
769803
769804
769805
769806
769807
769808
769809
769810
769811
769812
769813
769814
769815
769816
769817
769818
769819
769820
769821
769822
769823
769824
769825
769826
769827
769828
769829
769830
769831
769832
769833
769834
769835
769836
769837
769838
769839
769840
769841
769842
769843
769844
769845
769846
769847
769848
769849
769850
769851
769852
769853
769854
769855
769856
769857
769858
769859
769860
769861
769862
769863
769864
769865
769866
769867
769868
769869
769870
769871
769872
769873
769874
769875
769876
769877
769878
769879
769880
769881
769882
769883
769884
769885
769886
769887
769888
769889
769890
769891
769892
769893
769894
769895
769896
769897
769898
769899
769900
769901
769902
769903
769904
769905
769906
769907
769908
769909
769910
769911
769912
769913
769914
769915
769916
769917
769918
769919
769920
769921
769922
769923
769924
769925
769926
769927
769928
769929
769930
769931
769932
769933
769934
769935
769936
769937
769938
769939
769940
769941
769942
769943
769944
769945
769946
769947
769948
769949
769950
769951
769952
769953
769954
769955
769956
769957
769958
769959
769960
769961
769962
769963
769964
769965
769966
769967
769968
769969
769970
769971
769972
769973
769974
769975
769976
769977
769978
769979
769980
769981
769982
769983
769984
769985
769986
769987
769988
769989
769990
769991
769992
769993
769994
769995
769996
769997
769998
769999
770000
770001
770002
770003
770004
770005
770006
770007
770008
770009
770010
770011
770012
770013
770014
770015
770016
770017
770018
770019
770020
770021
770022
770023
770024
770025
770026
770027
770028
770029
770030
770031
770032
770033
770034
770035
770036
770037
770038
770039
770040
770041
770042
770043
770044
770045
770046
770047
770048
770049
770050
770051
770052
770053
770054
770055
770056
770057
770058
770059
770060
770061
770062
770063
770064
770065
770066
770067
770068
770070
770071
770072
770073
770074
770075
770076
770077
770078
770079
770080
770081
770082
770083
770084
770085
770086
770087
770088
770089
770090
770091
770092
770093
770094
770095
770096
770097
770098
770099
770100
770101
770102
770103
770104
770105
770106
770107
770108
770109
770110
770111
770112
770113
770114
770115
770116
770117
770118
770119
770120
770121
770122
770123
770124
770125
770126
770127
770128
770129
770130
770131
770132
770133
770134
770135
770136
770137
770138
770139
770140
770141
770142
770143
770144
770145
770146
770147
770148
770149
770150
770151
770152
770153
770154
770155
770156
770157
770158
770159
770160
770161
770162
770163
770164
770165
770166
770167
770168
770169
770170
770171
770172
770173
770174
770175
770176
770177
770178
770179
770180
770181
770182
770183
770184
770185
770186
770187
770188
770189
770190
770191
770192
770193
770194
770195
770196
770197
770198
770199
770200
770201
770202
770203
770204
770205
770206
770207
770208
770209
770210
770211
770212
770213
770214
770215
770216
770217
770218
770219
770220
770221
770222
770223
770224
770225
770226
770227
770228
770229
770230
770231
770232
770233
770234
770235
770236
770237
770238
770239
770240
770241
770242
770243
770244
770245
770246
770247
770248
770249
770250
770251
770252
770253
770254
770255
770256
770257
770258
770259
770260
770261
770262
770263
770264
770265
770266
770267
770268
770269
770270
770271
770272
770273
770274
770275
770276
770277
770278
770279
770280
770281
770282
770283
770284
770285
770286
770287
770288
770289
770290
770291
770292
770293
770294
770295
770296
770297
770298
770299
770300
770301
770302
770303
770304
770305
770306
770307
770308
770309
770310
770311
770312
770313
770314
770315
770316
770317
770318
770319
770320
770321
770322
770323
770324
770325
770326
770327
770328
770329
770330
770331
770332
770333
770334
770335
770336
770337
770338
770339
770340
770341
770342
770343
770344
770345
770346
770347
770348
770349
770350
770351
770352
770353
770354
770355
770356
770357
770358
770359
770360
770361
770362
770363
770364
770365
770366
770367
770368
770369
770370
770371
770372
770373
770374
770375
770376
770377
770378
770379
770380
770381
770382
770383
770384
770385
770386
770387
770388
770389
770390
770391
770392
770393
770394
770395
770396
770397
770398
770399
770400
770401
770402
770403
770404
770405
770406
770407
770408
770409
770410
770411
770412
770413
770414
770415
770416
770417
770418
770419
770420
770421
770422
770423
770424
770425
770426
770427
770428
770429
770430
770431
770432
770433
770434
770435
770436
770437
770438
770439
770440
770441
770442
770443
770444
770445
770446
770447
770448
770449
770450
770451
770452
770453
770454
770455
770456
770457
770458
770459
770460
770461
770462
770463
770464
770465
770466
770467
770468
770469
770470
770471
770472
770473
770474
770475
770476
770477
770478
770479
770480
770481
770482
770483
770484
770485
770486
770487
770488
770489
770490
770491
770492
770493
770494
770495
770496
770497
770498
770499
770500
770501
770502
770503
770504
770505
770506
770507
770508
770509
770510
770511
770512
770513
770514
770515
770516
770517
770518
770519
770520
770521
770522
770523
770524
770525
770526
770527
770528
770529
770530
770531
770532
770533
770534
770535
770536
770537
770538
770539
770540
770541
770542
770543
770544
770545
770546
770547
770548
770549
770550
770551
770552
770553
770554
770555
770556
770557
770558
770559
770560
770561
770562
770563
770564
770565
770566
770567
770568
770569
770570
770571
770572
770573
770574
770575
770576
770577
770578
770579
770580
770581
770582
770583
770584
770585
770586
770587
770588
770589
770590
770591
770592
770593
770594
770595
770596
770597
770598
770599
770600
770601
770602
770603
770604
770605
770606
770607
770608
770609
770610
770611
770612
770613
770614
770615
770616
770617
770618
770619
770620
770621
770622
770623
770624
770625
770626
770627
770628
770629
770630
770631
770632
770633
770634
770635
770636
770637
770638
770639
770640
770641
770642
770643
770644
770645
770646
770647
770648
770649
770650
770651
770652
770653
770654
770655
770656
770657
770658
770659
770660
770661
770662
770663
770664
770665
770666
770667
770668
770669
770670
770671
770672
770673
770674
770675
770676
770677
770678
770679
770680
770681
770682
770683
770684
770685
770686
770687
770688
770689
770690
770691
770692
770693
770694
770695
770696
770697
770698
770699
770700
770701
770702
770703
770704
770705
770706
770707
770708
770709
770710
770711
770712
770713
770714
770715
770716
770717
770718
770719
770720
770721
770722
770723
770724
770725
770726
770727
770728
770729
770730
770731
770732
770733
770734
770735
770736
770737
770738
770739
770740
770741
770742
770743
770744
770745
770746
770747
770748
770749
770750
770751
770752
770753
770754
770755
770756
770757
770758
770759
770760
770761
770762
770763
770764
770765
770766
770767
770768
770769
770770
770771
770772
770773
770774
770775
770776
770777
770778
770779
770780
770781
770782
770783
770784
770785
770786
770787
770788
770789
770790
770791
770792
770793
770794
770795
770796
770797
770798
770799
770800
770801
770802
770803
770804
770805
770806
770807
770808
770809
770810
770811
770812
770813
770814
770815
770816
770817
770818
770819
770820
770821
770822
770823
770824
770825
770826
770827
770828
770829
770830
770831
770832
770833
770834
770835
770836
770837
770838
770839
770840
770841
770842
770843
770844
770845
770846
770847
770848
770849
770850
770851
770852
770853
770854
770855
770856
770857
770858
770859
770860
770861
770862
770863
770864
770865
770866
770867
770868
770869
770870
770871
770872
770873
770874
770875
770876
770877
770878
770879
770880
770881
770882
770883
770884
770885
770886
770887
770888
770889
770890
770891
770892
770893
770894
770895
770896
770897
770898
770899
770900
770901
770902
770903
770904
770905
770906
770907
770908
770909
770910
770911
770912
770913
770914
770915
770916
770917
770918
770919
770920
770921
770922
770923
770924
770925
770926
770927
770928
770929
770930
770931
770932
770933
770934
770935
770936
770937
770938
770939
770940
770941
770942
770943
770944
770945
770946
770947
770948
770949
770950
770951
770952
770953
770954
770955
770956
770957
770958
770959
770960
770961
770962
770963
770964
770965
770966
770967
770968
770969
770970
770971
770972
770973
770974
770975
770976
770977
770978
770979
770980
770981
770982
770983
770984
770985
770986
770987
770988
770989
770990
770991
770992
770993
770994
770995
770996
770997
770998
770999
771000
771001
771002
771003
771004
771005
771006
771007
771008
771009
771010
771011
771012
771013
771014
771015
771016
771017
771018
771019
771020
771021
771022
771023
771024
771025
771026
771027
771028
771029
771030
771031
771032
771033
771034
771035
771036
771037
771038
771039
771040
771041
771042
771043
771044
771045
771046
771047
771048
771049
771050
771051
771052
771053
771054
771055
771056
771057
771058
771059
771060
771061
771062
771063
771064
771065
771066
771067
771068
771069
771070
771071
771072
771073
771074
771075
771076
771077
771078
771079
771080
771081
771082
771083
771084
771085
771086
771087
771088
771089
771090
771091
771092
771093
771094
771095
771096
771097
771098
771099
771100
771101
771102
771103
771104
771105
771106
771107
771108
771109
771110
771111
771112
771113
771114
771115
771116
771117
771118
771119
771120
771121
771122
771123
771124
771125
771126
771127
771128
771129
771130
771131
771132
771133
771134
771135
771136
771137
771138
771139
771140
771141
771142
771143
771144
771145
771146
771147
771148
771149
771150
771151
771152
771153
771154
771155
771156
771157
771158
771159
771160
771161
771162
771163
771164
771165
771166
771167
771168
771169
771170
771171
771172
771173
771174
771175
771176
771177
771178
771179
771180
771181
771182
771183
771184
771185
771186
771187
771188
771189
771190
771191
771192
771193
771194
771195
771196
771197
771198
771199
771200
771201
771202
771203
771204
771205
771206
771207
771208
771209
771210
771211
771212
771213
771214
771215
771216
771217
771218
771219
771220
771221
771222
771223
771224
771225
771226
771227
771228
771229
771230
771231
771232
771233
771234
771235
771236
771237
771238
771239
771240
771241
771242
771243
771244
771245
771246
771247
771248
771249
771250
771251
771252
771253
771254
771255
771256
771257
771258
771259
771260
771261
771262
771263
771264
771265
771266
771267
771268
771269
771270
771271
771272
771273
771274
771275
771276
771277
771278
771279
771280
771281
771282
771283
771284
771285
771286
771287
771288
771289
771290
771291
771292
771293
771294
771295
771296
771297
771298
771299
771300
771301
771302
771303
771304
771305
771306
771307
771308
771309
771310
771311
771312
771313
771314
771315
771316
771317
771318
771319
771320
771321
771322
771323
771324
771325
771326
771327
771328
771329
771330
771331
771332
771333
771334
771335
771336
771337
771338
771339
771340
771341
771342
771343
771344
771345
771346
771347
771348
771349
771350
771351
771352
771353
771354
771355
771356
771357
771358
771359
771360
771361
771362
771363
771364
771365
771366
771367
771368
771369
771370
771371
771372
771373
771374
771375
771376
771377
771378
771379
771380
771381
771382
771383
771384
771385
771386
771387
771388
771389
771390
771391
771392
771393
771394
771395
771396
771397
771398
771399
771400
771401
771402
771403
771404
771405
771406
771407
771408
771409
771410
771411
771412
771413
771414
771415
771416
771417
771418
771419
771420
771421
771422
771423
771424
771425
771426
771427
771428
771429
771430
771431
771432
771433
771434
771435
771436
771437
771438
771439
771440
771441
771442
771443
771444
771445
771446
771447
771448
771449
771450
771451
771452
771453
771454
771455
771456
771457
771458
771459
771460
771461
771462
771463
771464
771465
771466
771467
771468
771469
771470
771471
771472
771473
771474
771475
771476
771477
771478
771479
771480
771481
771482
771483
771484
771485
771486
771487
771488
771489
771490
771491
771492
771493
771494
771495
771496
771497
771498
771499
771500
771501
771502
771503
771504
771505
771506
771507
771508
771509
771510
771511
771512
771513
771514
771515
771516
771517
771518
771519
771520
771521
771522
771523
771524
771525
771526
771527
771528
771529
771530
771531
771532
771533
771534
771535
771536
771537
771538
771539
771540
771541
771542
771543
771544
771545
771546
771547
771548
771549
771550
771551
771552
771553
771554
771555
771556
771557
771558
771559
771560
771561
771562
771563
771564
771565
771566
