758435
758436
758437
758438
758439
758440
758441
758442
758443
758444
758445
758446
758447
758448
758449
758450
758451
758452
758453
758454
758455
758456
758457
758458
758459
758460
758461
758462
758463
758464
758465
758466
758467
758468
758469
758470
758471
758472
758473
758474
758475
758476
758477
758478
758479
758480
758481
758482
758483
758484
758485
758486
758487
758488
758489
758490
758491
758492
758493
758494
758495
758496
758497
758498
758499
758500
758501
758502
758503
758504
758505
758506
758507
758508
758509
758510
758511
758512
758513
758514
758515
758516
758517
758518
758519
758520
758521
758522
758523
758524
758525
758526
758527
758528
758529
758530
758531
758532
758533
758534
758535
758536
758537
758538
758539
758540
758541
758542
758543
758544
758545
758546
758547
758548
758549
758550
758551
758552
758553
758554
758555
758556
758557
758558
758559
758560
758561
758562
758563
758564
758565
758566
758567
758568
758569
758570
758571
758572
758573
758574
758575
758576
758577
758578
758579
758580
758581
758582
758583
758584
758585
758586
758587
758588
758589
758590
758591
758592
758593
758594
758595
758596
758597
758598
758599
758600
758601
758602
758603
758604
758605
758606
758607
758608
758609
758610
758611
758612
758613
758614
758615
758616
758617
758618
758619
758620
758621
758622
758623
758624
758625
758626
758627
758628
758629
758630
758631
758632
758633
758634
758635
758636
758637
758638
758639
758640
758641
758642
758643
758644
758645
758646
758647
758648
758649
758650
758651
758652
758653
758654
758655
758656
758657
758658
758659
758660
758661
758662
758663
758664
758665
758666
758667
758668
758669
758670
758671
758672
758673
758674
758675
758676
758677
758678
758679
758680
758681
758682
758683
758684
758685
758686
758687
758688
758689
758690
758691
758692
758693
758694
758695
758696
758697
758698
758699
758700
758701
758702
758703
758704
758705
758706
758707
758708
758709
758710
758711
758712
758713
758714
758715
758716
758717
758718
758719
758720
758721
758722
758723
758724
758725
758726
758727
758728
758729
758730
758731
758732
758733
758734
758735
758736
758737
758738
758739
758740
758741
758742
758743
758744
758745
758746
758747
758748
758749
758750
758751
758752
