377592
377593
377594
377595
377596
377597
377598
377599
377600
377601
377602
377603
377604
377605
377606
377607
377608
377609
377610
377611
377612
377613
377614
377615
377616
377617
377618
377619
377620
377621
377622
377623
377624
377625
377626
377627
377628
377629
377630
377631
377632
377633
377634
377635
377636
377637
377638
377639
377640
377641
377642
377643
377644
377645
377646
377647
377648
377649
377650
377651
377652
377653
377654
377655
377656
377657
377658
377659
377660
377661
377662
377663
377664
377665
377666
377667
377668
377669
377670
377671
377672
377673
377674
377675
377676
377677
377678
377679
377680
377681
377682
377683
377684
377685
377686
377687
377688
377689
377690
377691
377692
377693
377694
377695
377696
377697
377698
377699
377700
377701
377702
377703
377704
377705
377706
377707
377708
377709
377710
377711
377712
377713
377714
377715
377716
377717
377718
377719
377720
377721
377722
377723
377724
377725
377726
377727
377728
377729
377730
377731
377732
377733
377734
377735
377736
377737
377738
377739
377740
377741
377742
377743
377744
377745
377746
377747
377748
377749
377750
377751
377752
377753
377754
377755
377756
377757
377758
377759
377760
377761
377762
377763
377764
377765
377766
377767
377768
377769
377770
377771
377772
377773
377774
377775
377776
377777
377778
377779
377780
377781
377782
377783
377784
377785
377786
377787
377788
377789
377790
377791
377792
377793
377794
377795
377796
377797
377798
377799
377800
377801
377802
377803
377804
377805
377806
377807
377808
377809
377810
377811
377812
377813
377814
377815
377816
377817
377818
377819
377820
377821
377822
377823
377824
377825
377826
377827
377828
377829
377830
377831
377832
377833
377834
377835
377836
377837
377838
377839
377840
377841
377842
377843
377844
377845
377846
377847
377848
377849
377850
377851
377852
377853
377854
377855
377856
377857
377858
377859
377860
377861
377862
377863
377864
377865
377866
377867
377868
377869
377870
377871
377872
377873
377874
377875
377876
377877
377878
377879
377880
377881
377882
377883
377884
377885
377886
377887
377888
377889
377890
377891
377892
377893
377894
377895
377896
377897
377898
377899
377900
377901
377902
377903
377904
377905
377906
377907
377908
377909
377910
377911
377912
377913
377914
377915
377916
377917
377918
377919
377920
377921
377922
377923
377924
377925
377926
377927
377928
377929
377930
377931
377932
377933
377934
377935
377936
377937
377938
377939
377940
377941
377942
377943
377944
377945
377946
377947
377948
377949
377950
377951
377952
377953
377954
377955
377956
377957
377958
377959
377960
377961
377962
377963
377964
377965
377966
377967
377968
377969
377970
377971
377972
377973
377974
377975
377976
377977
377978
377979
377980
377981
377982
377983
377984
377985
377986
377987
377988
377989
377990
377991
377992
377993
377994
377995
377996
377997
377998
377999
378000
378001
378002
378003
378004
378005
378006
378007
378008
378009
378010
378011
378012
378013
378014
378015
378016
378017
378018
378019
378020
378021
378022
378023
378024
378025
378026
378027
378028
378029
378030
378031
378032
378033
378034
378035
378036
378037
378038
378039
378040
378041
378042
378043
378044
378045
378046
378047
378048
378049
378050
378051
378052
378053
378054
378055
378056
378057
378058
378059
378060
378061
378062
378063
378064
378065
378066
378067
378068
378069
378070
378071
378072
378073
378074
378075
378076
378077
378078
378079
378080
378081
378082
378083
378084
378085
378086
378087
378088
378089
378090
378091
378092
378093
378094
378095
378096
378097
378098
378099
378100
378101
378102
378103
378104
378105
378106
378107
378108
378109
378110
378111
378112
378113
378114
378115
378116
378117
378118
378119
378120
378121
378122
378123
378124
378125
378126
378127
378128
378129
378130
378131
378132
378133
378134
378135
378136
378137
378138
378139
378140
378141
378142
378143
378144
378145
378146
378147
378148
378149
378150
378151
378152
378153
378154
378155
378156
378157
378158
378159
378160
378161
378162
378163
378164
378165
378166
378167
378168
378169
378170
378171
378172
378173
378174
378175
378176
378177
378178
378179
378180
378181
378182
378183
378184
378185
378186
378187
378188
378189
378190
378191
378192
378193
378194
378195
378196
378197
378198
378199
378200
378201
378202
378203
378204
378205
378206
378207
378208
378209
378210
378211
378212
378213
378214
378215
378216
378217
378218
378219
378220
378221
378222
378223
378224
378225
378226
378227
378228
378229
378230
378231
378232
378233
378234
378235
378236
378237
378238
378239
378240
378241
378242
378243
378244
378245
378246
378247
378248
378249
378250
378251
378252
378253
378254
378255
378256
378257
378258
378259
378260
378261
378262
378263
378264
378265
378266
378267
378268
378269
378270
378271
378272
378273
378274
378275
378276
378277
378278
378279
378280
378281
378282
378283
378284
378285
378286
378287
378288
378289
378290
378291
378292
378293
378294
378295
378296
378297
378298
378299
378300
378301
378302
378303
378304
378305
378306
378307
378308
378309
378310
378311
378312
378313
378314
378315
378316
378317
378318
378319
378320
378321
378322
378323
378324
378325
378326
378327
378328
378329
378330
378331
378332
378333
378334
378335
378336
378337
378338
378339
378340
378341
378342
378343
378344
378345
378346
378347
378348
378349
378350
378351
378352
378353
378354
378355
378356
378357
378358
378359
378360
378361
378362
378363
378364
378365
378366
378367
378368
378369
378370
378371
378372
378373
378374
378375
378376
378377
378378
378379
378380
378381
378382
378383
378384
378385
378386
378387
378388
378389
378390
378391
378392
378393
378394
378395
378396
378397
378398
378399
378400
378401
378402
378403
378404
378405
378406
378407
378408
378409
378410
378411
378412
378413
378414
378415
378416
378417
378418
378419
378420
378421
378422
378423
378424
378425
378426
378427
378428
378429
378430
378431
378432
378433
378434
378435
378436
378437
378438
378439
378440
378441
378442
378443
378444
378445
378446
378447
378448
378449
378450
378451
378452
378453
378454
378455
378456
378457
378458
378459
378460
378461
378462
378463
378464
378465
378466
378467
378468
378469
378470
378471
378472
378473
378474
378475
378476
378477
378478
378479
378480
378481
378482
378483
378484
378485
378486
378487
378488
378489
378490
378491
378492
378493
378494
378495
378496
378497
378498
378499
378500
378501
378502
378503
378504
378505
378506
378507
378508
378509
378510
378511
378512
378513
378514
378515
378516
378517
378518
378519
378520
378521
378522
378523
378524
378525
378526
378527
378528
378529
378530
378531
378532
378533
378534
378535
378536
378537
378538
378539
378540
378541
378542
378543
378544
378545
378546
378547
378548
378549
378550
378551
378552
378553
378554
378555
378556
378557
378558
378559
378560
378561
378562
378563
378564
378565
378566
378567
378568
378569
378570
378571
378572
378573
378574
378575
378576
378577
378578
378579
378580
378581
378582
378583
378584
378585
378586
378587
378588
378589
378590
378591
378592
378593
378594
378595
378596
378597
378598
378599
378600
378601
378602
378603
378604
378605
378606
378607
378608
378609
378610
378611
378612
378613
378614
378615
378616
378617
378618
378619
378620
378621
378622
378623
378624
378625
378626
378627
378628
378629
378630
378631
378632
378633
378634
378635
378636
378637
378638
378639
378640
378641
378642
378643
378644
378645
378646
378647
378648
378649
378650
378651
378652
378653
378654
378655
378656
378657
378658
378659
378660
378661
378662
378663
378664
378665
378666
378667
378668
378669
378670
378671
378672
378673
378674
378675
378676
378677
378678
378679
378680
378681
378682
378683
378684
378685
378686
378687
378688
378689
378690
378691
378692
378693
378694
378695
378696
378697
378698
378699
378700
378701
378702
378703
378704
378705
378706
378707
378708
378709
378710
378711
378712
378713
378714
378715
378716
378717
378718
378719
378720
378721
378722
378723
378724
378725
378726
378727
378728
378729
378730
378731
378732
378733
378734
378735
378736
378737
378738
378739
378740
378741
378742
378743
378744
378745
378746
378747
378748
378749
378750
378751
378752
378753
378754
378755
378756
378757
378758
378759
378760
378761
378762
378763
378764
378765
378766
378767
378768
378769
378770
378771
378772
378773
378774
378775
378776
378777
378778
378779
378780
378781
378782
378783
378784
378785
378786
378787
378788
378789
378790
378791
378792
378793
378794
378795
378796
378797
378798
378799
378800
378801
378802
378803
378804
378805
378806
378807
378808
378809
378810
378811
378812
378813
378814
378815
378816
378817
378818
378819
378820
378821
378822
378823
378824
378825
378826
378827
378828
378829
378830
378831
378832
378833
378834
378835
378836
378837
378838
378839
378840
378841
378842
378843
378844
378845
378846
378847
378848
378849
378850
378851
378852
378853
378854
378855
378856
378857
378858
378859
378860
378861
378862
378863
378864
378865
378866
378867
378868
378869
378870
378871
378872
378873
378874
378875
378876
378877
378878
378879
378880
378881
378882
378883
378884
378885
378886
378887
378888
378889
378890
378891
378892
378893
378894
378895
378896
378897
378898
378899
378900
378901
378902
378903
378904
378905
378906
378907
378908
378909
378910
378911
378912
378913
378914
378915
378916
378917
378918
378919
378920
378921
378922
378923
378924
378925
378926
378927
378928
378929
378930
378931
378932
378933
378934
378935
378936
378937
378938
378939
378940
378941
378942
378943
378944
378945
378946
378947
378948
378949
378950
378951
378952
378953
378954
378955
378956
378957
378958
378959
378960
378961
378962
378963
378964
378965
378966
378967
378968
378969
378970
378971
378972
378973
378974
378975
378976
378977
378978
378979
378980
378981
378982
378983
378984
378985
378986
378987
378988
378989
378990
378991
378992
378993
378994
378995
378996
378997
378998
378999
379000
379001
379002
379003
379004
379005
379006
379007
379008
379009
379010
379011
379012
379013
379014
379015
379016
379017
379018
379019
379020
379021
379022
379023
379024
379025
379026
379027
379028
379029
379030
379031
379032
379033
379034
379035
379036
379037
379038
379039
379040
379041
379042
379043
379044
379045
379046
379047
379048
379049
379050
379051
379052
379053
379054
379055
379056
379057
379058
379059
379060
379061
379062
379063
379064
379065
379066
379067
379068
379069
379070
379071
379072
379073
379074
379075
379076
379077
379078
379079
379080
379081
379082
379083
379084
379085
379086
379087
379088
379089
379090
379091
379092
379093
379094
379095
379096
379097
379098
379099
379100
379101
379102
379103
379104
379105
379106
379107
379108
379109
379110
379111
379112
379113
379114
379115
379116
379117
379118
379119
379120
379121
379122
379123
379124
379125
379126
379127
379128
379129
379130
379131
379132
379133
379134
379135
379136
379137
379138
379139
379140
379141
379142
379143
379144
379145
379146
379147
379148
379149
379150
379151
379152
379153
379154
379155
379156
379157
379158
379159
379160
379161
379162
379163
379164
379165
379166
379167
379168
379169
379170
379171
379172
379173
379174
379175
379176
379177
379178
379179
379180
379181
379182
379183
379184
379185
379186
379187
379188
379189
379190
379191
379192
379193
379194
379195
379196
379197
379198
379199
379200
379201
379202
379203
379204
379205
379206
379207
379208
379209
379210
379211
379212
379213
379214
379215
379216
379217
379218
379219
379220
379221
379222
379223
379224
379225
379226
379227
379228
379229
379230
379231
379232
379233
379234
379235
379236
379237
379238
379239
379240
379241
379242
379243
379244
379245
379246
379247
379248
379249
379250
379251
379252
379253
379254
379255
379256
379257
379258
379259
379260
379261
379262
379263
379264
379265
379266
379267
379268
379269
379270
379271
379272
379273
379274
379275
379276
379277
379278
379279
379280
379281
379282
379283
379284
379285
379286
379287
379288
379289
379290
379291
379292
379293
379294
379295
379296
379297
379298
379299
379300
379301
379302
379303
379304
379305
379306
379307
379309
379310
379311
379312
379313
379314
379315
379316
379317
379318
379319
379320
379321
379322
379323
379324
379325
379326
379327
379328
379329
379330
379331
379332
379333
379334
379335
379336
379337
379338
379339
379340
379341
379342
379343
379344
379345
379346
379347
379348
379349
379350
379351
379352
379353
379354
379355
379356
379357
379358
379359
379360
379361
379362
379363
379364
379365
379366
379367
379368
379369
379370
379371
379372
379373
379374
379375
379376
379377
379378
379379
379380
379381
379382
379383
379384
379385
379386
379387
379388
379389
379390
379391
379392
379393
379394
379395
379396
379397
379398
379399
379400
379401
379402
379403
379404
379405
379406
379407
379408
379409
379410
379411
379412
379413
379414
379415
379416
379417
379418
379419
379420
379421
379422
379423
379424
379425
379426
379427
379428
379429
379430
379431
379432
379433
379434
379435
379436
379437
379438
379439
379440
379441
379442
379443
379444
379445
379446
379447
379448
379449
379450
379451
379452
379453
379454
379455
379456
379457
379458
379459
379460
379461
379462
379463
379464
379465
379466
379467
379468
379469
379470
379471
379472
379473
379474
379475
379476
379477
379478
379479
379480
379481
379482
379483
379484
379485
379486
379487
379488
379489
379490
379491
379492
379493
379494
379495
379496
379497
379498
379499
379500
379501
379502
379503
379504
379505
379506
379507
379508
379509
379510
379511
379512
379513
379514
379515
379516
379517
379518
379519
379520
379521
379522
379523
379524
379525
379526
379527
379528
379529
379530
379531
379532
379533
379534
379535
379536
379537
379538
379539
379540
379541
379542
379543
379544
379545
379546
379547
379548
379549
379550
379551
379552
379553
379554
379555
379556
379557
379558
379559
379560
379561
379562
379563
379564
379565
379566
379567
379568
379569
379570
379571
379572
379573
379574
379575
379576
379577
379578
379579
379580
379581
379582
379583
379584
379585
379586
379587
379588
379589
379590
379591
379592
379593
379594
379595
379596
379597
379598
379599
379600
379601
379602
379603
379604
379605
379606
379607
379608
379609
379610
379611
379612
379613
379614
379615
379616
379617
379618
379619
379620
379621
379622
379623
379624
379625
379626
379627
379628
379629
379630
379631
379632
379633
379634
379635
379636
379637
379638
379639
379640
379641
379642
379643
379644
379645
379646
379647
379648
379649
379650
379651
379652
379653
379654
379655
379656
379657
379658
379659
379660
379661
379662
379663
379664
379665
379666
379667
379668
379669
379670
379671
379672
379673
379674
379675
379676
379677
379678
379679
379680
379681
379682
379683
379684
379685
379686
379687
379688
379689
379690
379691
379692
379693
379694
379695
379696
379697
379698
379699
379700
379701
379702
379703
379704
379705
379706
379707
379708
379709
379710
379711
379712
379713
379714
379715
379716
379717
379718
379719
379720
379721
379722
379723
379724
379725
379726
379727
379728
379729
379730
379731
379732
379733
379734
379735
379736
379737
379738
379739
379740
379741
379742
379743
379744
379745
379746
379747
379748
379749
379750
379751
379752
379753
379754
379755
379756
379757
379758
379759
379760
379761
379762
379763
379764
379765
379766
379767
379768
379769
379770
379771
379772
379773
379774
379775
379776
379777
379778
379779
379780
379781
379782
379783
379784
379785
379786
379787
379788
379789
379790
379791
379792
379793
379794
379795
379796
379797
379798
379799
379800
379801
379802
379803
379804
379805
379806
379807
379808
379809
379810
379811
379812
379813
379814
379815
379816
379817
379818
379819
379820
379821
379822
379823
379824
379825
379826
379827
379828
379829
379830
379831
379832
379833
379834
379835
379836
379837
379838
379839
379840
379841
379842
379843
379844
379845
379846
379847
379848
379849
379850
379851
379852
379853
379854
379855
379856
379857
379858
379859
379860
379861
379862
379863
379864
379865
379866
379867
379868
379869
379870
379871
379872
379873
379874
379875
379876
379877
379878
379879
379880
379881
379882
379883
379884
379885
379886
379887
379888
379889
379890
379891
379892
379893
379894
379895
379896
379897
379898
379899
379900
379901
379902
379903
379904
379905
379906
379907
379908
379909
379910
379911
379912
379913
379914
379915
379916
379917
379918
379919
379920
379921
379922
379923
379924
379925
379926
379927
379928
379929
379930
379931
379932
379933
379934
379935
379936
379937
379938
379939
379940
379941
379942
379943
379944
379945
379946
379947
379948
379949
379950
379951
379952
379953
379954
379955
379956
379957
379958
379959
379960
379961
379962
379963
379964
379965
379966
379967
379968
379969
379970
379971
379972
379973
379974
379975
379976
379977
379978
379979
379980
379981
379982
379983
379984
379985
379986
379987
379988
379989
379990
379991
379992
379993
379994
379995
379996
379997
379998
379999
380000
380001
380002
380003
380004
380005
380006
380007
380008
380009
380010
380011
380012
380013
380014
380015
380016
380017
380018
380019
380020
380021
380022
380023
380024
380025
380026
380027
380028
380029
380030
380031
380032
380033
380034
380035
380036
380037
380038
380039
380040
380041
380042
380043
380044
380045
380046
380047
380048
380049
380050
380051
380052
380053
380054
380055
380056
380057
380058
380059
380060
380061
380062
380063
380064
380065
380066
380067
380068
380069
380070
380071
380072
380073
380074
380075
380076
380077
380078
380079
380080
380081
380082
380083
380084
380085
380086
380087
380088
380089
380090
380091
380092
380093
380094
380095
380096
380097
380098
380099
380100
380101
380102
380103
380104
380105
380106
380107
380108
380109
380110
380111
380112
380113
380114
380115
380116
380117
380118
380119
380120
380121
380122
380123
380124
380125
380126
380127
380128
380129
380130
380131
380132
380133
380134
380135
380136
380137
380138
380139
380140
380141
380142
380143
380144
380145
380146
380147
380148
380149
380150
380151
380152
380153
380154
380155
380156
380157
380158
380159
380160
380161
380162
380163
380164
380165
380166
380167
380168
380169
380170
380171
380172
380173
380174
380175
380176
380177
380178
380179
380180
380181
380182
380183
380184
380185
380186
380187
380188
380189
380190
380191
380192
380193
380194
380195
380196
380197
380198
380199
380200
380201
380202
380203
380204
380205
380206
380207
380208
380209
380210
380211
380212
380213
380214
380215
380216
380217
380218
380219
380220
380221
380222
380223
380224
380225
380226
380227
380228
380229
380230
380231
380232
380233
380234
380235
380236
380237
380238
380239
380240
380241
380242
380243
380244
380245
380246
380247
380248
380249
380250
380251
380252
380253
380254
380255
380256
380257
380258
380259
380260
380261
380262
380263
380264
380265
380266
380267
380268
380269
380270
380271
380272
380273
380274
380275
380276
380277
380278
380279
380280
380281
380282
380283
380284
380285
380286
380287
380288
380289
380290
380291
380292
380293
380294
380295
380296
380297
380298
380299
380300
380301
380302
380303
380304
380305
380306
380307
380308
380309
380310
380311
380312
380313
380314
380315
380316
380317
380318
380319
380320
380321
380322
380323
380324
380325
380326
380327
380328
380329
380330
380331
380332
380333
380334
380335
380336
380337
380338
380339
380340
380341
380342
380343
380344
380345
380346
380347
380348
380349
380350
380351
380352
380353
380354
380355
380356
380357
380358
380359
380360
380361
380362
380363
380364
380365
380366
380367
380368
380369
380370
380371
380372
380373
380374
380375
380376
380377
380378
380379
380380
380381
380382
380383
380384
380385
380386
380387
380388
380389
380390
380391
380392
380393
380394
380395
380396
380397
380398
380399
380400
380401
380402
380403
380404
380405
380406
380407
380408
380409
380410
380411
380412
380413
380414
380415
380416
380417
380418
380419
380420
380421
380422
380423
380424
380425
380426
380427
380428
380429
380430
380431
380432
380433
380434
380435
380436
380437
380438
380439
380440
380441
380442
380443
380444
380445
380446
380447
380448
380449
380450
380451
380452
380453
380454
380455
380456
380457
380458
380459
380460
380461
380462
380463
380464
380465
380466
380467
380468
380469
380471
380472
380473
380474
380475
380476
