804793
804794
804795
804796
804797
804798
804799
804800
804801
804802
804803
804804
804805
804806
804807
804808
804809
804810
804811
804812
804813
804814
804815
804816
804817
804818
804819
804820
804821
804822
804823
804824
804825
804826
804827
804828
804829
804830
804831
804832
804833
804834
804835
804836
804837
804838
804839
804840
804841
804842
804843
804844
804845
804846
804847
804848
804849
804850
804851
804852
804853
804854
804855
804856
804857
804858
804859
804860
804861
804862
804863
804864
804865
804866
804867
804868
804869
804870
804871
804872
804873
804874
804875
804876
804877
804878
804879
804880
804881
804882
804883
804884
804885
804886
804887
804888
804889
804890
804891
804892
804893
804894
804895
804896
804897
804898
804899
804900
804901
804902
804903
804904
804905
804906
804907
804908
804909
804910
804911
804912
804913
804914
804915
804916
804917
804918
804919
804920
804921
804922
804923
804924
804925
804926
804927
804928
804929
804930
804931
804932
804933
804934
804935
804936
804937
804938
804939
804940
804941
804942
804943
804944
804945
804946
804947
804948
804949
804950
804951
804952
804953
804954
804955
804956
804957
804958
804959
804960
804961
804962
804963
804964
804965
804966
804967
804968
804969
804970
804971
804972
804973
804974
804975
804976
804977
804978
804979
804980
804981
804982
804983
804984
804985
804986
804987
804988
804989
804990
804991
804992
804993
804994
804995
804996
804997
804998
804999
805000
805001
805002
805003
805004
805005
805006
805007
805008
805009
805010
805011
805012
805013
805014
805015
805016
805017
805018
805019
805020
805021
805022
805023
805024
805025
805026
805027
805028
805029
805030
805031
805032
805033
805034
805035
805036
805037
805038
805039
805040
805041
805042
805043
805044
805045
805046
805047
805048
805049
805050
805051
805052
805053
805054
805055
805056
805057
805058
805059
805060
805061
805062
805063
805064
805065
805066
805067
805068
805069
805070
805071
805072
805073
805074
805075
805076
805077
805078
805079
805080
805081
805082
805083
805084
805085
805086
805087
805088
805089
805090
805091
805092
805093
805094
805095
805096
805097
805098
805099
805100
805101
805102
805103
805104
805105
805106
805107
805108
805109
805110
805111
805112
805113
805114
805115
805116
805117
805118
805119
805120
805121
805122
805123
805124
805125
805126
805127
805128
805129
805130
805131
805132
805133
805134
805135
805136
805137
805138
805139
805140
805141
805142
805143
805144
805145
805146
805147
805148
805149
805150
805151
805152
805153
805154
805155
805156
805157
805158
805159
805160
805161
805162
805163
805164
805165
805166
805167
805168
805169
805170
805171
805172
805173
805174
805175
805176
805177
805178
805179
805180
805181
805182
805183
805184
805185
805186
805187
805188
805189
805190
805191
805192
805193
805194
805195
805196
805197
805198
805199
805200
805201
805202
805203
805204
805205
805206
805207
805208
805209
805210
805211
805212
805213
805214
805215
805216
805217
805218
805219
805220
805221
805222
805223
805224
805225
805226
805227
805228
805229
805230
805231
805232
805233
805234
805235
805236
805237
805238
805239
805240
805241
805242
805243
805244
805245
805246
805247
805248
805249
805250
805251
805252
805253
805254
805255
805256
805257
805258
805259
805260
805261
805262
805263
805264
805265
805266
805267
805268
805269
805270
805271
805272
805273
805274
805275
805276
805277
805278
805279
805280
805281
805282
805283
805284
805285
805286
805287
805288
805289
805290
805291
805292
805293
805294
805295
805296
805297
805298
805299
805300
805301
805302
805303
805304
805305
805306
805307
805308
805309
805310
805311
805312
805313
805314
805315
805316
805317
805318
805319
805320
805321
805322
805323
805324
805325
805326
805327
805328
805329
805330
805331
805332
805333
805334
805335
805336
805337
805338
805339
805340
805341
805342
805343
805344
805345
805346
805347
805348
805349
805350
805351
805352
805353
805354
805355
805356
805357
805358
805359
805360
805361
805362
805363
805364
805365
805366
805367
805368
805369
805370
805371
805372
805373
805374
805375
805376
805377
805378
805379
805380
805381
805382
805383
805384
805385
805386
805387
805388
805389
805390
805391
805392
805393
805394
805395
805396
805397
805398
805399
805400
805401
805402
805403
805404
805405
805406
805407
805408
805409
805410
805411
805412
805413
805414
805415
805416
805417
805418
805419
805420
805421
805422
805423
805424
805425
805426
805427
805428
805429
805430
805431
805432
805433
805434
805435
805436
805437
805438
805439
805440
805441
805442
805443
805444
805445
805446
805447
805448
805449
805450
805451
805452
805453
805454
805455
805456
805457
805458
805459
805460
805461
805462
805463
805464
805465
805466
805467
805468
805469
805470
805471
805472
805473
805474
805475
805476
805477
805478
805479
805480
805481
805482
805483
805484
805485
805486
805487
805488
805489
805490
805491
805492
805493
805494
805495
805496
805497
805498
805499
805500
805501
805502
805503
805504
805505
805506
805507
805508
805509
805510
805511
805512
805513
805514
805515
805516
805517
805518
805519
805520
805521
805522
805523
805524
805525
805526
805527
805528
805529
805530
805531
805532
805533
805534
805535
805536
805537
805538
805539
805540
805541
805542
805543
805544
805545
805546
805547
805548
805549
805550
805551
805552
805553
805554
805555
805556
805557
805558
805559
805560
805561
805562
805563
805564
805565
805566
805567
805568
805569
805570
805571
805572
805573
805574
805575
805576
805577
805578
805579
805580
805581
805582
805583
805584
805585
805586
805587
805588
805589
805590
805591
805592
805593
805594
805595
805596
805597
805598
805599
805600
805601
805602
805603
805604
805605
805606
805607
805608
805609
805610
805611
805612
805613
805614
805615
805616
805617
805618
805619
805620
805621
805622
805623
805624
805625
805626
805627
805628
805629
805630
805631
805632
805633
805634
805635
805636
805637
805638
805639
805640
805641
805642
805643
805644
805645
805646
805647
805648
805649
805650
805651
805652
805653
805654
805655
805656
805657
805658
805659
805660
805661
805662
805663
805664
805665
805666
805667
805668
805669
805670
805671
805672
805673
805674
805675
805676
805677
805678
805679
805680
805681
805682
805683
805684
805685
805686
805687
805688
805689
805690
805691
805692
805693
805694
805695
805696
805697
805698
805699
805700
805701
805702
805703
805704
805705
805706
805707
805708
805709
805710
805711
805712
805713
805714
805715
805716
805717
805718
805719
805720
805721
805722
805723
805724
805725
805726
805727
805728
805729
805730
805731
805732
805733
805734
805735
805736
805737
805738
805739
805740
805741
805742
805743
805744
805745
805746
805747
805748
805749
805750
805751
805752
805753
805754
805755
805756
805757
805758
805759
805760
805761
805762
805763
805764
805765
805766
805767
805768
805769
805770
805771
805772
805773
805774
805775
805776
805777
805778
805779
805780
805781
805782
805783
805784
805785
805786
805787
805788
805789
805790
805791
805792
805793
805794
805795
805796
805797
805798
805799
805800
805801
805802
805803
805804
805805
805806
805807
805808
805809
805810
805811
805812
805813
805814
805815
805816
805817
805818
805819
805820
805821
805822
805823
805824
805825
805826
805827
805828
805829
805830
805831
805832
805833
805834
805835
805836
805837
805838
805839
805840
805841
805842
805843
805844
805845
805846
805847
805848
805849
805850
805851
805852
805853
805854
805855
805856
805857
805858
805859
805860
805861
805862
805863
805864
805865
805866
805867
805868
805869
805870
805871
805872
805873
805874
805875
805876
805877
805878
805879
805880
805881
805882
805883
805884
805885
805886
805887
805888
805889
805890
805891
805892
805893
805894
805895
805896
805897
805898
805899
805900
805901
805902
805903
805904
805905
805906
805907
805908
805909
805910
805911
805912
805913
805914
805915
805916
805917
805918
805919
805920
805921
805922
805923
805924
805925
805926
805927
805928
805929
805930
805931
805932
805933
805934
805935
805936
805937
805938
805939
805940
805941
805942
805943
805944
805945
805946
805947
805948
805949
805950
805951
805952
805953
805954
805955
805956
805957
805958
805959
805960
805961
805962
805963
805964
805965
805966
805967
805968
805969
805970
805971
805972
805973
805974
805975
805976
805977
805978
805979
805980
805981
805982
805983
805984
805985
805986
805987
805988
805989
805990
805991
805992
805993
805994
805995
805996
805997
805998
805999
806000
806001
806002
806003
806004
806005
806006
806007
806008
806009
806010
806011
806012
806013
806014
806015
806016
806017
806018
806019
806020
806021
806022
806023
806024
806025
806026
806027
806028
806029
806030
806031
806032
806033
806034
806035
806036
806037
806038
806039
806040
806041
806042
806043
806044
806045
806046
806047
806048
806049
806050
806051
806052
806053
806054
806055
806056
806057
806058
806059
806060
806061
806062
806063
806064
806065
806066
806067
806068
806069
806070
806071
806072
806073
806074
806075
806076
806077
806078
806079
806080
806081
806082
806083
806084
806085
806086
806087
806088
806089
806090
806091
806092
806093
806094
806095
806096
806097
806098
806099
806100
806101
806102
806103
806104
806105
806106
806107
806108
806109
806110
806111
806112
806113
806114
806115
806116
806117
806118
806119
806120
806121
806122
806123
806124
806125
806126
806127
806128
806129
806130
806131
806132
806133
806134
806135
806136
806137
806138
806139
806140
806141
806142
806143
806144
806145
806146
806147
806148
806149
806150
806151
806152
806153
806154
806155
806156
806157
806158
806159
806160
806161
806162
806163
806164
806165
806166
806167
806168
806169
806170
806171
806172
806173
806174
806175
806176
806177
806178
806179
806180
806181
806182
806183
806184
806185
806186
806187
806188
806189
806190
806191
806192
806193
806194
806195
806196
806197
806198
806199
806200
806201
806202
806203
806204
806205
806206
806207
806208
806209
806210
806211
806212
806213
806214
806215
806216
806217
806218
806219
806220
806221
806222
806223
806224
806225
806226
806227
806228
806229
806230
806231
806232
806233
806234
806235
806236
806237
806238
806239
806240
806241
806242
806243
806244
806245
806246
806247
806248
806249
806250
806251
806252
806253
806254
806255
806256
806257
806258
806259
806260
806261
806262
806263
806264
806265
806266
806267
806268
806269
806270
806271
806272
806273
806274
806275
806276
806277
806278
806279
806280
806281
806282
806283
806284
806285
806286
806287
806288
806289
806290
806291
806292
806293
806294
806295
806296
806297
806298
806299
806300
806301
806302
806303
806304
806305
806306
806307
806308
806309
806310
806311
806312
806313
806314
806315
806316
806317
806318
806319
806320
806321
806322
806323
806324
806325
806326
806327
806328
806329
806330
806331
806332
806333
806334
806335
806336
806337
806338
806339
806340
806341
806342
806343
806344
806345
806346
806347
806348
806349
806350
806351
806352
806353
806354
806355
806356
806357
806358
806359
806360
806361
806362
806363
806364
806365
806366
806367
806368
806369
806370
806371
806372
806373
806374
806375
806376
806377
806378
806379
806380
806381
806382
806383
806384
806385
806386
806387
806388
806389
806390
806391
806392
806393
806394
806395
806396
806397
806398
806399
806400
806401
806402
806403
806404
806405
806406
806407
806408
806409
806410
806411
806412
806413
806414
806415
806416
806417
806418
806419
806420
806421
806422
806423
806424
806425
806426
806427
806428
806429
806430
806431
806432
806433
806434
806435
806436
806437
806438
806439
806440
806441
806442
806443
806444
806445
806446
806447
806448
806449
806450
806451
806452
806453
806454
806455
806456
806457
806458
806459
806460
806461
806462
806463
806464
806465
806466
806467
806468
806469
806470
806471
806472
806473
806474
806475
806476
806477
806478
806479
806480
806481
806482
806483
806484
806485
806486
806487
806488
806489
806490
806491
806492
806493
806494
806495
806496
806497
806498
806499
806500
806501
806502
806503
806504
806505
806506
806507
806508
806509
806510
806511
806512
806513
806514
806515
806516
806517
806518
806519
806520
806521
806522
806523
806524
806525
806526
806527
806528
806529
806530
806531
806532
806533
806534
806535
806536
806537
806538
806539
806540
806541
806542
806543
806544
806545
806546
806547
806548
806549
806550
806551
806552
806553
806554
806555
806556
806557
806558
806559
806560
806561
806562
806563
806564
806565
806566
806567
806568
806569
806570
806571
806572
806573
806574
806575
806576
806577
806578
806579
806580
806581
806582
806583
806584
806585
806586
806587
806588
806589
806590
806591
806592
806593
806594
806595
806596
806597
806598
806599
806600
806601
806602
806603
806604
806605
806606
806607
806608
806609
806610
806611
806612
806613
806614
806615
806616
806617
806618
806619
806620
806621
806622
806623
806624
806625
806626
806627
806628
806629
806630
806631
806632
806633
806634
806635
806636
806637
806638
806639
806640
806641
806642
806643
806644
806645
806646
806647
806648
806649
806650
806651
806652
806653
806654
806655
806656
806657
806658
806659
806660
806661
806662
806663
806664
806665
806666
806667
806668
806669
806670
806671
806672
806673
806674
806675
806676
806677
806678
806679
806680
806681
806682
806683
806684
806685
806686
806687
806688
806689
806690
806691
806692
806693
806694
806695
806696
806697
806698
806699
806700
806701
806702
806703
806704
806705
806706
806707
806708
806709
806710
806711
806712
806713
806714
806715
806716
806717
806718
806719
806720
806721
806722
806723
806724
806725
806726
806727
806728
806729
806730
806731
806732
806733
806734
806735
806736
806737
806738
806739
806740
806741
806742
806743
806744
806745
806746
806747
806748
806749
806750
806751
806752
806753
806754
806755
806756
806757
806758
806759
806760
806761
806762
806763
806764
806765
806766
806767
806768
806769
806770
806771
806772
806773
806774
806775
806776
806777
806778
806779
806780
806781
806782
806783
806784
806785
806786
806787
806788
806789
806790
806791
806792
806793
806794
806795
806796
806797
806798
806799
806800
806801
806802
806803
806804
806805
806806
806807
806808
806809
806810
806811
806812
806813
806814
806815
806816
806817
806818
806819
806820
806821
806822
806823
806824
806825
806826
806827
806828
806829
806830
806831
806832
806833
806834
806835
806836
806837
806838
806839
806840
806841
806842
806843
806844
806845
806846
806847
806848
806849
806850
806851
806852
806853
806854
806855
806856
806857
806858
806859
806860
806861
806862
806863
806864
806865
806866
806867
806868
806869
806870
806871
806872
806873
806874
806875
806876
806877
806878
806879
806880
806881
806882
806883
806884
806885
806886
806887
806888
806889
806890
806891
806892
806893
806894
806895
806896
806897
806898
806899
806900
806901
806902
806903
806904
806905
806906
806907
806908
806909
806910
806911
806912
806913
806914
806915
806916
806917
806918
806919
806920
806921
806922
806923
806924
806925
806926
806927
806928
806929
806930
806931
806932
806933
806934
806935
806936
806937
806938
806939
806940
806941
806942
806943
806944
806945
806946
806947
806948
806949
806950
806951
806952
806953
806954
806955
806956
806957
806958
806959
806960
806961
806962
806963
806964
806965
806966
806967
806968
806969
806970
806971
806972
806973
806974
806975
806976
806977
806978
806979
806980
806981
806982
806983
806984
806985
806986
806987
806988
806989
806990
806991
806992
806993
806994
806995
806996
806997
806998
806999
807000
807001
807002
807003
807004
807005
807006
807007
807008
807009
807010
807011
807012
807013
807014
807015
807016
807017
807018
807019
807020
807021
807022
807023
807024
807025
807026
807027
807028
807029
807030
807031
807032
807033
807034
807035
807036
807037
807038
807039
807040
807041
807042
807043
807044
807045
807046
807047
807048
807049
807050
807051
807052
807053
807054
807055
807056
807057
807058
807059
807060
807061
807062
807063
807064
807065
807066
807067
807068
807069
807070
807071
807072
807073
807074
807075
807076
807077
807078
807079
807080
807081
807082
807083
807084
807085
807086
807087
807088
807089
807090
807091
807092
807093
807094
807095
807096
807097
807098
807099
807100
807101
807102
807103
807104
807105
807106
807107
807108
807109
807110
807111
807112
807113
807114
807115
807116
807117
807118
807119
807120
807121
807122
807123
807124
807125
807126
807127
807128
807129
807130
807131
807132
807133
807134
807135
807136
807137
807138
807139
807140
807141
807142
807143
807144
807145
807146
807147
807148
807149
807150
807151
807152
807153
807154
807155
807156
807157
807158
807159
807160
807161
807162
807163
807164
807165
807166
807167
807168
807169
807170
807171
807172
807173
807174
807175
807176
807177
807178
807179
807180
807181
807182
807183
807184
807185
807186
807187
807188
807189
807190
807191
807192
807193
807194
807195
807196
807197
807198
807199
807200
807201
807202
807203
807204
807205
807206
807207
807208
807209
807210
807211
807212
807213
807214
807215
807216
807217
807218
807219
807220
807221
807222
807223
807224
807225
807226
807227
807228
807229
807230
807231
807232
807233
807234
807235
807236
807237
807238
807239
807240
807241
807242
807243
807244
807245
807246
807247
807248
807249
807250
807251
807252
807253
807254
807255
807256
807257
807258
807259
807260
807261
807262
807263
807264
807265
807266
807267
807268
807269
807270
807271
807272
807273
807274
807275
807276
807277
807278
807279
807280
807281
807282
807283
807284
807285
807286
807287
807288
807289
807290
807291
807292
807293
807294
807295
807296
807297
807298
807299
807300
807301
807302
807303
807304
807305
807306
807307
807308
807309
807310
807311
807312
807313
807314
807315
807316
807317
807318
807319
807320
807321
807322
807323
807324
807325
807326
807327
807328
807329
807330
807331
807332
807333
807334
807335
807336
807337
807338
807339
807340
807341
807342
807343
807344
807345
807346
807347
807348
807349
807350
807351
807352
807353
807354
807355
807356
807357
807358
807359
807360
807361
807362
807363
807364
807365
807366
807367
807368
807369
807370
807371
807372
807373
807374
807375
807376
807377
807378
807379
807380
807381
807382
807383
807384
807385
807386
807387
807388
807389
807390
807391
807392
807393
807394
807395
807396
807397
807398
807399
807400
807401
807402
807403
807404
807405
807406
807407
807408
807409
807410
807411
807412
807413
807414
807415
807416
807417
807418
807419
807420
807421
807422
807423
807424
807425
807426
807427
807428
807429
807430
807431
807432
807433
807434
807435
807436
807437
807438
807439
807440
807441
807442
807443
807444
807445
807446
807447
807448
807449
807450
807451
807452
807453
807454
807455
807456
807457
807458
807459
807460
807461
807462
807463
807464
807465
807466
807467
807468
807469
807470
807471
807472
807473
807474
807475
807476
807477
807478
807479
807480
807481
807482
807483
807484
807485
807486
807487
807488
807489
807490
807491
807492
807493
807494
807495
807496
807497
807498
807499
807500
807501
807502
807503
807504
807505
807506
807507
807508
807509
807510
807511
807512
807513
807514
807515
807516
807517
807518
807519
807520
807521
807522
807523
807524
807525
807526
807527
807528
807529
807530
807531
807532
807533
807534
807535
807536
807537
807538
807539
807540
807541
807542
807543
807544
807545
807546
807547
807548
807549
807550
807551
807552
807553
807554
807555
807556
807557
807558
807559
807560
807561
807562
807563
807564
807565
807566
807567
807568
807569
807570
807571
807572
807573
807574
807575
807576
807577
807578
807579
807580
807581
807582
807588
807589
