333746
333747
333748
333749
333750
333751
333752
333753
333754
333755
333756
333757
333758
333759
333760
333761
333762
333763
333764
333765
333766
333767
333768
333769
333770
333771
333772
333773
333774
333775
333776
333777
333778
333779
333780
333781
333782
333783
333784
333785
333786
333787
333788
333789
333790
333791
333792
333793
333794
333795
333796
333797
333798
333799
333800
333801
333802
333803
333804
333805
333806
333807
333808
333809
333810
333811
333812
333813
333814
333815
333816
333817
333818
333819
333820
333821
333822
333823
333824
333825
333826
333827
333828
333829
333830
333831
333832
333833
333834
333835
333836
333837
333838
333839
333840
333841
333842
333843
333844
333845
333846
333847
333848
333849
333850
333851
333852
333853
333854
333855
333856
333857
333858
333859
333860
333861
333862
333863
333864
333865
333866
333867
333868
333869
333870
333871
333872
333873
333874
333875
333876
333877
333878
333879
333880
333881
333882
333883
333884
333885
333886
333887
333888
333889
333890
333891
333892
333893
333894
333895
333896
333897
333898
333899
333900
333901
333902
333903
333904
333905
333906
333907
333908
333909
333910
333911
333912
333913
333914
333915
333916
333917
333918
333919
333920
333921
333922
333923
333924
333925
333926
333927
333928
333929
333930
333931
333932
333933
333934
333935
333936
333937
333938
333939
333940
333941
333942
333943
333944
333945
333946
333947
333948
333949
333950
333951
333952
333953
333954
333955
333956
333957
333958
333959
333960
333961
333962
333963
333964
333965
333966
333967
333968
333969
333970
333971
333972
333973
333974
333975
333976
333977
333978
333979
333980
333981
333982
333983
333984
333985
333986
333987
333988
333989
333990
333991
333992
333993
333994
333995
333996
333997
333998
333999
334000
334001
334002
334003
334004
334005
334006
334007
334008
334009
334010
334011
334012
334013
334014
334015
334016
334017
334018
334019
334020
334021
334022
334023
334024
334025
334026
334027
334028
334029
334030
334031
334032
334033
334034
334035
334036
334037
334038
334039
334040
334041
334042
334043
334044
334045
334046
334047
334048
334049
334050
334051
334052
334053
334054
334055
334056
334057
334058
334059
334060
334061
334062
334063
334064
334065
334066
334067
334068
334069
334070
334071
334072
334073
334074
334075
334076
334077
334078
334079
334080
334081
334082
334083
334084
334085
334086
334087
334088
334089
334090
334091
334092
334093
334094
334095
334096
334097
334098
334099
334100
334101
334102
334103
334104
334105
334106
334107
334108
334109
334110
334111
334112
334113
334114
334115
334116
334117
334118
334119
334120
334121
334122
334123
334124
334125
334126
334127
334128
334129
334130
334131
334132
334133
334134
334135
334136
334137
334138
334139
334140
334141
334142
334143
334144
334145
334146
334147
334148
334149
334150
334151
334152
334153
334154
334155
334156
334157
334158
334159
334160
334161
334162
334163
334164
334165
334166
334167
334168
334169
334170
334171
334172
334173
334174
334175
334176
334177
334178
334179
334180
334181
334182
334183
334184
334185
334186
334187
334188
334189
334190
334191
334192
334193
334194
334195
334196
334197
334198
334199
334200
334201
334202
334203
334204
334205
334206
334207
334208
334209
334210
334211
334212
334213
334214
334215
334216
334217
334218
334219
334220
334221
334222
334223
334224
334225
334226
334227
334228
334229
334230
334231
334232
334233
334234
334235
334236
334237
334238
334239
334240
334241
334242
334243
334244
334245
334246
334247
334248
334249
334250
334251
334252
334253
334254
334255
334256
334257
334258
334259
334260
334261
334262
334263
334264
334265
334266
334267
334268
334269
334270
334271
334272
334273
334274
334275
334276
334277
334278
334279
334280
334281
334282
334283
334284
334285
334286
334287
334288
334289
334290
334291
334292
334293
334294
334295
334296
334297
334298
334299
334300
334301
334302
334303
334304
334305
334306
334307
334308
334309
334310
334311
334312
334313
334314
334315
334316
334317
334318
334319
334320
334321
334322
334323
334324
334325
334326
334327
334328
334329
334330
334331
334332
334333
334334
334335
334336
334337
334338
334339
334340
334341
334342
334343
334344
334345
334346
334347
334348
334349
334350
334351
334352
334353
334354
334355
334356
334357
334358
334359
334360
334361
334362
334363
334364
334365
334366
334367
334368
334369
334370
334371
334372
334373
334374
334375
334376
334377
334378
334379
334380
334381
334382
334383
334384
334385
334386
334387
334388
334389
334390
334391
334392
334393
334394
334395
334396
334397
334398
334399
334400
334401
334402
334403
334404
334405
334406
334407
334408
334409
334410
334411
334412
334413
334414
334415
334416
334417
334418
334419
334420
334421
334422
334423
334424
334425
334426
334427
334428
334429
334430
334431
334432
334433
334434
334435
334436
334437
334438
334439
334440
334441
334442
334443
334444
334445
334446
334447
334448
334449
334450
334451
334452
334453
334454
334455
334456
334457
334458
334459
334460
334461
334462
334463
334464
334465
334466
334467
334468
334469
334470
334471
334472
334473
334474
334475
334476
334477
334478
334479
334480
334481
334482
334483
334484
334485
334486
334487
334488
334489
334490
334491
334492
334493
334494
334495
334496
334497
334498
334499
334500
334501
334502
334503
334504
334505
334506
334507
334508
334509
334510
334511
334512
334513
334514
334515
334516
334517
334518
334519
334520
334521
334522
334523
334524
334525
334526
334527
334528
334529
334530
334531
334532
334533
334534
334535
334536
334537
334538
334539
334540
334541
334542
334543
334544
334545
334546
334547
334548
334549
334550
334551
334552
334553
334554
334555
334556
334557
334558
334559
334560
334561
334562
334563
334564
334565
334566
334567
334568
334569
334570
334571
334572
334573
334574
334575
334576
334577
334578
334579
334580
334581
334582
334583
334584
334585
334586
334587
334588
334589
334590
334591
334592
334593
334594
334595
334596
334597
334598
334599
334600
334601
334602
334603
334604
334605
334606
334607
334608
334609
334610
334611
334612
334613
334614
334615
334616
334617
334618
334619
334620
334621
334622
334623
334624
334625
334626
334627
334628
334629
334630
334631
334632
334633
334634
334635
334636
334637
334638
334639
334640
334641
334642
334643
334644
334645
334646
334647
334648
334649
334650
334651
334652
334653
334654
334655
334656
334657
334658
334659
334660
334661
334662
334663
334664
334665
334666
334667
334668
334669
334670
334671
334672
334673
334674
334675
334676
334677
334678
334679
334680
334681
334682
334683
334684
334685
334686
334687
334688
334689
334690
334691
334692
334693
334694
334695
334696
334697
334698
334699
334700
334701
334702
334703
334704
334705
334706
334707
334708
334709
334710
334711
334712
334713
334714
334715
334716
334717
334718
334719
334720
334721
334722
334723
334724
334725
334726
334727
334728
334729
334730
334731
334732
334733
334734
334735
334736
334737
334738
334739
334740
334741
334742
334743
334744
334745
334746
334747
334748
334749
334750
334751
334752
334753
334754
334755
334756
334757
334758
334759
334760
334761
334762
334763
334764
334765
334766
334767
334768
334769
334770
334771
334772
334773
334774
334775
334776
334777
334778
334779
334780
334781
334782
334783
334784
334785
334786
334787
334788
334789
334790
334791
334792
334793
334794
334795
334796
334797
334798
334799
334800
334801
334802
334803
334804
334805
334806
334807
334808
334809
334810
334811
334812
334813
334814
334815
334816
334817
334818
334819
334820
334821
334822
334823
334824
334825
334826
334827
334828
334829
334830
334831
334832
334833
334834
334835
334836
334837
334838
334839
334840
334841
334842
334843
334844
334845
334846
334847
334848
334849
334850
334851
334852
334853
334854
334855
334856
334857
334858
334859
334860
334861
334862
334863
334864
334865
334866
334867
334868
334869
334870
334871
334872
334873
334874
334875
334876
334877
334878
334879
334880
334881
334882
334883
334884
334885
334886
334887
334888
334889
334890
334891
334892
334893
334894
334895
334896
334897
334898
334899
334900
334901
334902
334903
334904
334905
334906
334907
334908
334909
334910
334911
334912
334913
334914
334915
334916
334917
334918
334919
334920
334921
334922
334923
334924
334925
334926
334927
334928
334929
334930
334931
334932
334933
334934
334935
334936
334937
334938
334939
334940
334941
334942
334943
334944
334945
334946
334947
334948
334949
334950
334951
334952
334953
334954
334955
334956
334957
334958
334959
334960
334961
334962
334963
334964
334965
334966
334967
334968
334969
334970
334971
334972
334973
334974
334975
334976
334977
334978
334979
334980
334981
334982
334983
334984
334985
334986
334987
334988
334989
334990
334991
334992
334993
334994
334995
334996
334997
334998
334999
335000
335001
335002
335003
335004
335005
335006
335007
335008
335009
335010
335011
335012
335013
335014
335015
335016
335017
335018
335019
335020
335021
335022
335023
335024
335025
335026
335027
335028
335029
335030
335031
335032
335033
335034
335035
335036
335037
335038
335039
335040
335041
335042
335043
335044
335045
335046
335047
335048
335049
335050
335051
335052
335053
335054
335055
335056
335057
335058
335059
335060
335061
335062
335063
335064
335065
335066
335067
335068
335069
335070
335071
335072
335073
335074
335075
335076
335077
335078
335079
335080
335081
335082
335083
335084
335085
335086
335087
335088
335089
335090
335091
335092
335093
335094
335095
335096
335097
335098
335099
335100
335101
335102
335103
335104
335105
335106
335107
335108
335109
335110
335111
335112
335113
335114
335115
335116
335117
335118
335119
335120
335121
335122
335123
335124
335125
335126
335127
335128
335129
335130
335131
335132
335133
335134
335135
335136
335137
335138
335139
335140
335141
335142
335143
335144
335145
335146
335147
335148
335149
335150
335151
335152
335153
335154
335155
335156
335157
335158
335159
335160
335161
335162
335163
335164
335165
335166
335167
335168
335169
335170
335171
335172
335173
335174
335175
335176
335177
335178
335179
335180
335181
335182
335183
335184
335185
335186
335187
335188
335189
335190
335191
335192
335193
335194
335195
335196
335197
335198
335199
335200
335201
335202
335203
335204
335205
335206
335207
335208
335209
335210
335211
335212
335213
335214
335215
335216
335217
335218
335219
335220
335221
335222
335223
335224
335225
335226
335227
335228
335229
335230
335231
335232
335233
335234
335235
335236
335237
335238
335239
335240
335241
335242
335243
335244
335245
335246
335247
335248
335249
335250
335251
335252
335253
335254
335255
335256
335257
335258
335259
335260
335261
335262
335263
335264
335265
335266
335267
335268
335269
335270
335271
335272
335273
335274
335275
335276
335277
335278
335279
335280
335281
335282
335283
335284
335285
335286
335287
335288
335289
335290
335291
335292
335293
335294
335295
335296
335297
335298
335299
335300
335301
335302
335303
335304
335305
335306
335307
335308
335309
335310
335311
335312
335313
335314
335316
335317
335318
335319
335320
335321
335322
335323
335324
335325
335326
335327
335328
335329
335330
335331
335332
335333
335334
335335
335336
335337
335338
335339
335340
335341
335342
335343
335344
335345
335346
335347
335348
335349
335350
335351
335352
335353
335354
335355
335356
335357
335358
335359
335360
335361
335362
335363
335364
335365
335366
335367
335368
335369
335370
335371
335372
335373
335374
335375
335376
335377
335378
335379
335380
335381
335382
335383
335384
335385
335386
335387
335388
335389
335390
335391
335392
335393
335394
335395
335396
335397
335398
335399
335400
335401
335402
335403
335404
335405
335406
335407
335408
335409
335410
335411
335412
335413
335414
335415
335416
335417
335418
335419
335420
335421
335422
335423
335424
335425
335426
335427
335428
335429
335430
335431
335432
335433
335434
335435
335436
335437
335438
335439
335440
335441
335442
335443
335444
335445
335446
335447
335448
335449
335450
335451
335452
335453
335454
335455
335456
335457
335458
335459
335460
335461
335462
335463
335464
335465
335466
335467
335468
335469
335470
335471
335472
335473
335474
335475
335476
335477
335478
335479
335480
335481
335482
335483
335484
335485
335486
335487
335488
335489
335490
335491
335492
335493
335494
335495
335496
335497
335498
335499
335500
335501
335502
335503
335504
335505
335506
335507
335508
335509
335510
335511
335512
335513
335514
335515
335516
335517
335518
335519
335520
335521
335522
335523
335524
335525
335526
335527
335528
335529
335530
335531
335532
335533
335534
335535
335536
335537
335538
335539
335540
335541
335542
335543
335544
335545
335546
335547
335548
335549
335550
335551
335552
335553
335554
335555
335556
335557
335558
335559
335560
335561
335562
335563
335564
335565
335566
335567
335568
335569
335570
335571
335572
335573
335574
335575
335576
335577
335578
335579
335580
335581
335582
335583
335584
335585
335586
335587
335588
335589
335590
335591
335592
335593
335594
335595
335596
335597
335598
335599
335600
335601
335602
335603
335604
335605
335606
335607
335608
335609
335610
335611
335612
335613
335614
335615
335616
335617
335618
335619
335620
335621
335622
335623
335624
335625
335626
335627
335628
335629
335630
335631
335632
335633
335634
335635
335636
335637
335638
335639
335640
335641
335642
335643
335644
335645
335646
335647
335648
335649
335650
335651
335652
335653
335654
335655
335656
335657
335658
335659
335660
335661
335662
335663
335664
335665
335666
335667
335668
335669
335670
335671
335672
335673
335674
335675
335676
335677
335678
335679
335680
335681
335682
335683
335684
335685
335686
335687
335688
335689
335690
335691
335692
335693
335694
335695
335696
335697
335698
335699
335700
335701
335702
335703
335704
335705
335706
335707
335708
335709
335710
335711
335712
335713
335714
335715
335716
335717
335718
335719
335720
335721
335722
335723
335724
335725
335726
335727
335728
335729
335730
335731
335732
335733
335734
335735
335736
335737
335738
335739
335740
335741
335742
335743
335744
335745
335746
335747
335748
335749
335750
335751
335752
335753
335754
335755
335756
335757
335758
335759
335760
335761
335762
335763
335764
335765
335766
335767
335768
335769
335770
335771
335772
335773
335774
335775
335776
335777
335778
335779
335780
335781
335782
335783
335784
335785
335786
335787
335788
335789
335790
335791
335792
335793
335794
335795
335796
335797
335798
335799
335800
335801
335802
335803
335804
335805
335806
335807
335808
335809
335810
335811
335812
335813
335814
335815
335816
335817
335818
335819
335820
335821
335822
335823
335824
335825
335826
335827
335828
335829
335830
335831
335832
335833
335834
335835
335836
335837
335838
335839
335840
335841
335842
335843
335844
335845
335846
335847
335848
335849
335850
335851
335852
335853
335854
335855
335856
335857
335858
335859
335860
335861
335862
335863
335864
335865
335866
335867
335868
335869
335870
335871
335872
335873
335874
335875
335876
335877
335878
335879
335880
335881
335882
335883
335884
335885
335886
335887
335888
335889
335890
335891
335892
335893
335894
335895
335896
335897
335898
335899
335900
335901
335902
335903
335904
335905
335906
335907
335908
335909
335910
335911
335912
335913
335914
335915
335916
335917
335918
335919
335920
335921
335922
335923
335924
335925
335926
335927
335928
335929
335930
335931
335932
335933
335934
335935
335936
335937
335938
335939
335940
335941
335942
335943
335944
335945
335946
335947
335948
335949
335950
335951
335952
335953
335954
335955
335956
335957
335958
335959
335960
335961
335962
335963
335964
335965
335966
335967
335968
335969
335970
335971
335972
335973
335974
335975
335976
335977
335978
335979
335980
335981
335982
335983
335984
335985
335986
335987
335988
335989
335990
335991
335992
335993
335994
335995
335996
335997
335998
335999
336000
336001
336002
336003
336004
336005
336006
336007
336008
336009
336010
336011
336012
336013
336014
336015
336016
336017
336018
336019
336020
336021
336022
336023
336024
336025
336027
336028
336029
336030
336031
336032
336033
336034
336035
336036
336037
336038
336039
336040
336041
336042
336043
336044
336045
336046
336047
336048
336049
336050
336051
336052
336053
336054
336055
336056
336057
336058
336059
336060
336061
336062
336063
336064
336065
336066
336067
336068
336069
336070
336071
336072
336073
336074
336075
336076
336077
336078
336079
336080
336081
336082
336083
336084
336085
336086
336087
336088
336089
336090
336091
336092
336093
336094
336095
336096
336097
336098
336099
336100
336101
336102
336103
336104
336105
336106
336107
336108
336109
336110
336111
336112
336113
336114
336115
336116
336117
336118
336119
336120
336121
336122
336123
336124
336125
336126
336127
336128
336129
336130
336131
336132
336133
336134
336135
336136
336137
336138
336139
336140
336141
336142
336143
336144
336145
336146
336147
336148
336149
336150
336151
336152
336153
336154
336155
336156
336157
336158
336159
336160
336161
336162
336163
336164
336165
336166
336167
336168
336169
336170
336171
336172
336173
336174
336175
336176
336177
336178
336179
336180
336181
336182
336183
336184
336185
336186
336187
336188
336189
336190
336191
336192
336193
336194
336195
336196
336197
336198
336199
336200
336201
336202
336203
336204
336205
336206
336207
336208
336209
336210
336211
336212
336213
336214
336215
336216
336217
336218
336219
336220
336221
336222
336223
336224
336225
336226
336227
336228
336229
336230
336231
336232
336233
336234
336235
336236
336237
336238
336239
336240
336241
336242
336243
336244
336245
336246
336247
336248
336249
336250
336251
336252
336253
336254
336255
336256
336257
336258
336259
336260
336261
336262
336263
336264
336265
336266
336267
336268
336269
336270
336271
336272
336273
336274
336275
336276
336277
336278
336279
336280
336281
336282
336283
336284
336285
336286
336287
336288
336289
336290
336291
336292
336293
336294
336295
336296
336297
336298
336299
336300
336301
336302
336303
336304
336305
336306
336307
336308
336309
336310
336311
336312
336313
336314
336315
336316
336317
336318
336319
336320
336321
336322
336323
336324
336325
336326
336327
336328
336329
336330
336331
336332
336333
336334
336335
336336
336337
336338
336339
336340
336341
336342
336343
336344
336345
336346
336347
336348
336349
336350
336351
336352
336353
336354
336355
336356
336357
336358
336359
336360
336361
336362
336363
336364
336365
336366
336367
336368
336369
336370
336371
336372
336373
336374
336375
336376
336377
336378
336379
336380
336381
336382
336383
336384
336385
336386
336387
336388
336389
336390
336391
336392
336393
336394
336395
336396
336397
336398
336399
336400
336401
336402
336403
336404
336405
336406
336407
336408
336409
336410
336411
336412
336413
336414
336415
336416
336417
336418
336419
336420
336421
336422
336423
336424
336425
336426
336427
336428
336429
336430
336431
336432
336433
336434
336435
336436
336437
336438
336439
336440
336441
336442
336443
336444
336445
336446
336447
336448
336449
336450
336451
336452
336453
336454
336455
336456
336457
336458
336459
336460
336461
336462
336463
336464
336465
336466
336467
336468
336469
336470
336471
336472
336473
336474
336475
336476
336477
336478
336479
336480
336481
336482
336483
336484
336485
336486
336487
336488
336489
336490
336491
336492
336493
336494
336495
336496
336497
336498
336499
336500
336501
336502
336503
336504
336505
336506
336507
336508
336509
336510
336511
336512
336513
336514
336515
336516
336517
336518
336519
336520
336521
336522
336523
336524
336525
336526
336527
336528
336529
336530
336531
336532
336533
336534
336536
336537
336538
336539
336540
336541
336542
336543
336544
336545
336546
336547
336548
336549
336550
336551
336552
336553
