573969
573970
573971
573972
573973
573974
573975
573976
573977
573978
573979
573980
573981
573982
573983
573984
573985
573986
573987
573988
573989
573990
573991
573992
573993
573994
573995
573996
573997
573998
573999
574000
574001
574002
574003
574004
574005
574006
574007
574008
574009
574010
574011
574012
574013
574014
574015
574016
574017
574018
574019
574020
574021
574022
574023
574024
574025
574026
574027
574028
574029
574030
574031
574032
574033
574034
574035
574036
574037
574038
574039
574040
574041
574042
574043
574044
574045
574046
574047
574048
574049
574050
574051
574052
574053
574054
574055
574056
574057
574058
574059
574060
574061
574062
574063
574064
574065
574066
574067
574068
574069
574070
574071
574072
574073
574074
574075
574076
574077
574078
574079
574080
574081
574082
574083
574084
574085
574086
574087
574088
574089
574090
574091
574092
574093
574094
574095
574096
574097
574098
574099
574100
574101
574102
574103
574104
574105
574106
574107
574108
574109
574110
574111
574112
574113
574114
574115
574116
574117
574118
574119
574120
574121
574122
574123
574124
574125
574126
574127
574128
574129
574130
574131
574132
574133
574134
574135
574136
574137
574138
574139
574140
574141
574142
574143
574144
574145
574146
574147
574148
574149
574150
574151
574152
574153
574154
574155
574156
574157
574158
574159
574160
574161
574162
574163
574164
574165
574166
574167
574168
574169
574170
574171
574172
574173
574174
574175
574176
574177
574178
574179
574180
574181
574182
574183
574184
574185
574186
574187
574188
574189
574190
574191
574192
574193
574194
574195
574196
574197
574198
574199
574200
574201
574202
574203
574204
574205
574206
574207
574208
574209
574210
574211
574212
574213
574214
574215
574216
574217
574218
574219
574220
574221
574222
574223
574224
574225
574226
574227
574228
574229
574230
574231
574232
574233
574234
574235
574236
574237
574238
574239
574240
574241
574242
574243
574244
574245
574246
574247
574248
574249
574250
574251
574252
574253
574254
574255
574256
574257
574258
574259
574260
574261
574262
574263
574264
574265
574266
574267
574268
574269
574270
574271
574272
574273
574274
574275
574276
574277
574278
574279
574280
574281
574282
574283
574284
574285
574286
574287
574288
574289
574290
574291
574292
574293
574294
574295
574296
574297
574298
574299
574300
574301
574302
574303
574304
574305
574306
574307
574308
574309
574310
574311
574312
574313
574314
574315
574316
574317
574318
574319
574320
574321
574322
574323
574324
574325
574326
574327
574328
574329
574330
574331
574332
574333
574334
574335
574336
574337
574338
574339
574340
574341
574342
574343
574344
574345
574346
574347
574348
574349
574350
574351
574352
574353
574354
574355
574356
574357
574358
574359
574360
574361
574362
574363
574364
574365
574366
574367
574368
574369
