724150
724151
724152
724153
724154
724155
724156
724157
724158
724159
724160
724161
724162
724163
724164
724165
724166
724167
724168
724169
724170
724171
724172
724173
724174
724175
724176
724177
724178
724179
724180
724181
724182
724183
724184
724185
724186
724187
724188
724189
724190
724191
724192
724193
724194
724195
724196
724197
724198
724199
724200
724201
724202
724203
724204
724205
724206
724207
724208
724209
724210
724211
724212
724213
724214
724215
724216
724217
724218
724219
724220
724221
724222
724223
724224
724225
724226
724227
724228
724229
724230
724231
724232
724233
724234
724235
724236
724237
724238
724239
724240
724241
724242
724243
724244
724245
724246
724247
724248
724249
724250
724251
724252
724253
724254
724255
724256
724257
724258
724259
724260
724261
724262
724263
724264
724265
724266
724267
724268
724269
724270
724271
724272
724273
724274
724275
724276
724277
724278
724279
724280
724281
724282
724283
724284
724285
724286
724287
724288
724289
724290
724291
724292
724293
724294
724295
724296
724297
724298
724299
724300
724301
724302
724303
724304
724305
724306
724307
724308
724309
724310
724311
724312
724313
724314
724315
724316
724317
724318
724319
724320
724321
724322
724323
724324
724325
724326
724327
724328
724329
724330
724331
724332
724333
724334
724335
724336
724337
724338
724339
724340
724341
724342
724343
724344
724345
724346
724347
724348
724349
724350
724351
724352
724353
724354
724355
724356
724357
724358
724359
724360
724361
724362
724363
724364
724365
724366
724367
724368
724369
724370
724371
724372
724373
724374
724375
724376
724377
724378
724379
724380
724381
724382
724383
724384
724385
724386
724387
724388
724389
724390
724391
724392
724393
724394
724395
724396
724397
724398
724399
724400
724401
724402
724403
724404
724405
724406
724407
724408
724409
724410
724411
724412
724413
724414
724415
724416
724417
724418
724419
724420
724421
724422
724423
724424
724425
724426
724427
724428
724429
724430
724431
724432
724433
724434
724435
724436
724437
724438
724439
724440
724441
724442
724443
724444
724445
724446
724447
724448
724449
724450
724451
724452
724453
724454
724455
724456
724457
724458
724459
724460
724461
724462
724463
724464
724465
724466
724467
724468
724469
724470
724471
724472
724473
724474
724475
724476
724477
724478
724479
724480
724481
724482
724483
724484
724485
724486
724487
724488
724489
724490
724491
724492
724493
724494
724495
724496
724497
724498
724499
724500
724501
724502
724503
724504
724505
724506
724507
724508
724509
724510
724511
724512
