301353
301354
301355
301356
301357
301358
301359
301360
301361
301362
301363
301364
301365
301366
301367
301368
301369
301370
301371
301372
301373
301374
301375
301376
301377
301378
301379
301380
301381
301382
301383
301384
301385
301386
301387
301388
301389
301390
301391
301392
301393
301394
301395
301396
301397
301398
301399
301400
301401
301402
301403
301404
301405
301406
301407
301408
301409
301410
301411
301412
301413
301414
301415
301416
301417
301418
301419
301420
301421
301422
301423
301424
301425
301426
301427
301428
301429
301430
301431
301432
301433
301434
301435
301436
301437
301438
301439
301440
301441
301442
301443
301444
301445
301446
301447
301448
301449
301450
301451
301452
301453
301454
301455
301456
301457
301458
301459
301460
301461
301462
301463
301464
301465
301466
301467
301468
301469
301470
301471
301472
301473
301474
301475
301476
301477
301478
301479
301480
301481
301482
301483
301484
301485
301486
301487
301488
301489
301490
301491
301492
301493
301494
301495
301496
301497
301498
301499
301500
301501
301502
301503
301504
301505
301506
301507
301508
301509
301510
301511
301512
301513
301514
301515
301516
301517
301518
301519
301520
301521
301522
301523
301524
301525
301526
301527
301528
301529
301530
301531
301532
301533
301534
301535
301536
301537
301538
301539
301540
301541
301542
301543
301544
301545
301546
301547
301548
301549
301550
301551
301552
301553
301554
301555
301556
301557
301558
301559
301560
301561
301562
301563
301564
301565
301566
301567
301568
301569
301570
301571
301572
301573
301574
301575
301576
301577
301578
301579
301580
301581
301582
301583
301584
301585
301586
301587
301588
301589
301590
301591
301592
301593
301594
301595
301596
301597
301598
301599
301600
301601
301602
301603
301604
301605
301606
301607
301608
301609
301610
301611
301612
301613
301614
301615
301616
301617
301618
301619
301620
301621
301622
301623
301624
301625
301626
301627
301628
301629
301630
301631
301632
301633
301634
301635
301636
301637
301638
301639
301640
301641
301642
301643
301644
301645
301646
301647
301648
301649
301650
301651
301652
301653
301654
301655
301656
301657
301658
301659
301660
301661
301662
301663
301664
301665
301666
301667
301668
301669
301670
301671
301672
301673
301674
301675
301676
301677
301678
301679
301680
301681
301682
301683
301684
301685
301686
301687
301688
301689
301690
301691
301692
301693
301694
301695
301696
301697
301698
301699
301700
301701
301702
301703
301704
301705
301706
301707
301708
301709
301710
301711
301712
301713
301714
301715
301716
301717
301718
301719
301720
301721
301722
301723
301724
301725
301726
301727
301728
301729
301730
301731
301732
301733
301734
301735
301736
301737
301738
301739
301740
301741
301742
301743
301744
301745
301746
301747
301748
301749
301750
301751
301752
301753
301754
301755
301756
301757
301758
301759
301760
301761
301762
301763
301764
301765
301766
301767
301768
301769
301770
301771
301772
301773
301774
301775
301776
301777
301778
301779
301780
301781
301782
301783
301784
301785
301786
301787
301788
301789
301790
301791
301792
301793
301794
301795
301796
301797
301798
301799
301800
301801
301802
301803
301804
301805
301806
301807
301808
301809
301810
301811
301812
301813
301814
301815
301816
301817
301818
301819
301820
301821
301822
301823
301824
301825
301826
301827
301828
301829
301830
301831
301832
301833
301834
301835
301836
301837
301838
301839
301840
301841
301842
301843
301844
301845
301846
301847
301848
301849
301850
301851
301852
301853
301854
301855
301856
301857
301858
301859
301860
301861
301862
301863
301864
301865
301866
301867
301868
301869
301870
301871
301872
301873
301874
301875
301876
301877
301878
301879
301880
301881
301882
301883
301884
301885
301886
301887
301888
301889
301890
301891
301892
301893
301894
301895
301896
301897
301898
301899
301900
301901
301902
301903
301904
301905
301906
301907
301908
301909
301910
301911
301912
301913
301914
301915
301916
301917
301918
301919
301920
301921
301922
301923
301924
301925
301926
301927
301928
301929
301930
301931
301932
301933
301934
301935
301936
301937
301938
301939
301940
301941
301942
301943
301944
301945
301946
301947
301948
301949
301950
301951
301952
301954
301955
301956
301957
301958
301959
