629565
629566
629567
629568
629569
629570
629571
629572
629573
629574
629575
629576
629577
629578
629579
629580
629581
629582
629583
629584
629585
629586
629587
629588
629589
629590
629591
629592
629593
629594
629595
629596
629597
629598
629599
629600
629601
629602
629603
629604
629605
629606
629607
629608
629609
629610
629611
629612
629613
629614
629615
629616
629617
629618
629619
629620
629621
629622
629623
629624
629625
629626
629627
629628
629629
629630
629631
629632
629633
629634
629635
629636
629637
629638
629639
629640
629641
629642
629643
629644
629645
629646
629647
629648
629649
629650
629651
629652
629653
629654
629655
629656
629657
629658
629659
629660
629661
629662
629663
629664
629665
629666
629667
629668
629669
629670
629671
629672
629673
629674
629675
629676
629677
629678
629679
629680
629681
629682
629683
629684
629685
629686
629687
629688
629689
629690
629691
629692
629693
629694
629695
629696
629697
629698
629699
629700
629701
629702
629703
629704
629705
629706
629707
629708
629709
629710
629711
629712
629713
629714
629715
629716
629717
629718
629719
629720
629721
629722
629723
629724
629725
629726
629727
629728
629729
629730
629731
629732
629733
629734
629735
629736
629737
629738
629739
629740
629741
629742
629743
629744
629745
629746
629747
629748
629749
629750
629751
629752
629753
629754
629755
629756
629757
629758
629759
629760
629761
629762
629763
629764
629765
629766
629767
629768
629769
629770
629771
629772
629773
629774
629775
629776
629777
629778
629779
629780
629781
629782
629783
629784
629785
629786
629787
629788
629789
629790
629791
629792
629793
629794
629795
629796
629797
629798
629799
629800
629801
629802
629803
629804
629805
629806
629807
629808
629809
629810
629811
629812
629813
629814
629815
629816
629817
629818
629819
629820
629821
629822
629823
629824
629825
629826
629827
629828
629829
629830
629831
629832
629833
629834
629835
629836
629837
629838
629839
629840
629841
629842
629843
629844
629845
629846
629847
629848
629849
629850
629851
629852
629853
629854
629855
629856
629857
629858
629859
629860
629861
629862
629863
629864
629865
629866
629867
629868
629869
629870
629871
629872
629873
629874
629875
629876
629877
629878
629879
629880
629881
629882
629883
629884
629885
629886
629887
629888
629889
629890
629891
629892
629893
629894
629895
629896
629897
629898
629899
629900
629901
629902
629903
629904
629905
629906
629907
629908
629909
629910
629911
629912
629913
629914
629915
629916
629917
629918
629919
629920
629921
629922
629923
629924
629925
629926
629927
629928
629929
629930
629931
629932
629933
629934
629935
629936
629937
629938
629939
629940
629941
629942
629943
629944
629945
629946
629947
629948
629949
629950
629951
629952
629953
629954
629955
629956
629957
629958
629959
629960
629961
629962
629963
629964
629965
629966
629967
629968
629969
629970
629971
629972
629973
629974
629975
629976
629977
629978
629979
629980
629981
629982
629983
629984
629985
629986
629987
629988
629989
629990
629991
629992
629993
629994
629995
629996
629997
629998
629999
630000
630001
630002
630003
630004
630005
630006
630007
630008
630009
630010
630011
630012
630013
630014
630015
630016
630017
630018
630019
630020
630021
630022
630023
630024
630025
630026
630027
630028
630029
630030
630031
630032
630033
630034
630035
630036
630037
630038
630039
630040
630041
630042
630043
630044
630045
630046
630047
630048
630049
630050
630051
630052
630053
630054
630055
630056
630057
630058
630059
630060
630061
630062
630063
630064
630065
630066
630067
630068
630069
630070
630071
630072
630073
630074
630075
630076
630077
630078
630079
630080
630081
630082
630083
630084
630085
630086
630087
630088
630089
630090
630091
630092
630093
630094
630095
630096
630097
630098
630099
630100
630101
630102
630103
630104
630105
630106
630107
630108
630109
630110
630111
630112
630113
630114
630115
630116
630117
630118
630119
630120
630121
630122
630123
630124
630125
630126
630127
630128
630129
630130
630131
630132
630133
630134
630135
630136
630137
630138
630139
630140
630141
630142
630143
630144
630145
630146
630147
630148
630149
630150
630151
630152
630153
630154
630155
630156
630157
630158
630159
630160
630161
630162
630163
630164
630165
630166
630167
630168
630169
630170
630171
630172
630173
630174
630175
630176
630177
630178
630179
630180
630181
630182
630183
630184
630185
630186
630187
630188
630189
630190
630191
630192
630193
630194
630195
630196
630197
630198
630199
630200
630201
630202
630203
630204
630205
630206
630207
630208
630209
630210
630211
630212
630213
630214
630215
630216
630217
630218
630219
630220
630221
630222
630223
630224
630225
630226
630227
630228
630229
630230
630231
630232
630233
630234
630235
630236
630237
630238
630239
630240
630241
630242
630243
630244
630245
630246
630247
630248
630249
630250
630251
630252
630253
630254
630255
630256
630257
630258
630259
630260
630261
630262
630263
630264
630265
630266
630267
630268
630269
630270
630271
630272
630273
630274
630275
630276
630277
630278
630279
630280
630281
630282
630283
630284
630285
630286
630287
630288
630289
630290
630291
630292
630293
630294
630295
630296
630297
630298
630299
630300
630301
630302
630303
630304
630305
630306
630307
630308
630309
630310
630311
630312
630313
630314
630315
630316
630317
630318
630319
630320
630321
630322
630323
630324
630325
630326
630327
630328
630329
630330
630331
630332
630333
630334
630335
630336
630337
630338
630339
630340
630341
630342
630343
630344
630345
630346
630347
630348
630349
630350
630351
630352
630353
630354
630355
630356
630357
630358
630359
630360
630361
630362
630363
630364
630365
630366
630367
630368
630369
630370
630371
630372
630373
630374
630375
630376
630377
630378
630379
630380
630381
630382
630383
630384
630385
630386
630387
630388
630389
630390
630391
630392
630393
630394
630395
630396
630397
630398
630399
630400
630401
630402
630403
630404
630405
630406
630407
630408
630409
630410
630411
630412
630413
630414
630415
630416
630417
630418
630419
630420
630421
630422
630423
630424
630425
630426
630427
630428
630429
630430
630431
630432
630433
630434
630435
630436
630437
630438
630439
630440
630441
630442
630443
630444
630445
630446
630447
630448
630449
630450
630451
630452
630453
630454
630455
630456
630457
630458
630459
630460
630461
630462
630463
630464
630465
630466
630467
630468
630469
630470
630471
630472
630473
630474
630475
630476
630477
630478
630479
630480
630481
630482
630483
630484
630485
630486
630487
630488
630489
630490
630491
630492
630493
630494
630495
630496
630497
630498
630499
630500
630501
630502
630503
630504
630505
630506
630507
630508
630509
630510
630511
630512
630513
630514
630515
630516
630517
630518
630519
630520
630521
630522
630523
630524
630525
630526
630527
630528
630529
630530
630531
630532
630533
630534
630535
630536
630537
630538
630539
630540
630541
630542
630543
630544
630545
630546
630547
630548
630549
630550
630551
630552
630553
630554
630555
630556
630557
630558
630559
630560
630561
630562
630563
630564
630565
630566
630567
630568
630569
630570
630571
630572
630573
630574
630575
630576
630577
630578
630579
630580
630581
630582
630583
630584
630585
630586
630587
630588
630589
630590
630591
630592
630593
630594
630595
630596
630597
630598
630599
630600
630601
630602
630603
630604
630605
630606
630607
630608
630609
630610
630611
630612
630613
630614
630615
630616
630617
630618
630619
630620
630621
630622
630623
630624
630625
630626
630627
630628
630629
630630
630631
630632
630633
630634
630635
630636
630637
630638
630639
630640
630641
630642
630643
630644
630645
630646
630647
630648
630649
630650
630651
630652
630653
630654
630655
630656
630657
630658
630659
630660
630661
630662
630663
630664
630665
630666
630667
630668
630669
630670
630671
630672
630673
630674
630675
630676
630677
630678
630679
630680
630681
630682
630683
630684
630685
630686
630687
630688
630689
630690
630691
630692
630693
630694
630695
630696
630697
630698
630699
630700
630701
630702
630703
630704
630705
630706
630707
630708
630709
630710
630711
630712
630713
630714
630715
630716
630717
630718
630719
630720
630721
630722
630723
630724
630725
630726
630727
630728
630729
630730
630731
630732
630733
630734
630735
630736
630737
630738
630739
630740
630741
630742
630743
630744
630745
630746
630747
630748
630749
630750
630751
630752
630753
630754
630755
630756
630757
630758
630759
630760
630761
630762
630763
630764
630765
630766
630767
630768
630769
630770
630771
630772
630773
630774
630775
630776
630777
630778
630779
630780
630781
630782
630783
630784
630785
630786
630787
630788
630789
630790
630791
630792
630793
630794
630795
630796
630797
630798
630799
630800
630801
630802
630803
630804
630805
630806
630807
630808
630809
630810
630811
630812
630813
630814
630815
630816
630817
630818
630819
630820
630821
630822
630823
630824
630825
630826
630827
630828
630829
630830
630831
630832
630833
630834
630835
630836
630837
630838
630839
630840
630841
630842
630843
630844
630845
630846
630847
630848
630849
630850
630851
630852
630853
630854
630855
630856
630857
630858
630859
630860
630861
630862
630863
630864
630865
630866
630867
630868
630869
630870
630871
630872
630873
630874
630875
630876
630877
630878
630879
630880
630881
630882
630883
630884
630885
630886
630887
630888
630889
630890
630891
630892
630893
630894
630895
630896
630897
630898
630899
630900
630901
630902
630903
630904
630905
630906
630907
630908
630909
630910
630911
630912
630913
630914
630915
630916
630917
630918
630919
630920
630921
630922
630923
630924
630925
630926
630927
630928
630929
630930
630931
630932
630933
630934
630935
630936
630937
630938
630939
630940
630941
630942
630943
630944
630945
630946
630947
630948
630949
630950
630951
630952
630953
630954
630955
630956
630957
630958
630959
630960
630961
630962
630963
630964
630965
630966
630967
630968
630969
630970
630971
630972
630973
630974
630975
630976
630977
630978
630979
630980
630981
630982
630983
630984
630985
630986
630987
630988
630989
630990
630991
630992
630993
630994
630995
630996
630997
630998
630999
631000
631001
631002
631003
631004
631005
631006
631007
631008
631009
631010
631011
631012
631013
631014
631015
631016
631017
631018
631019
631020
631021
631022
631023
631024
631025
631026
631027
631028
631029
631030
631031
631032
631033
631034
631035
631036
631037
631038
631039
631040
631041
631042
631043
631044
631045
631046
631047
631048
631049
631050
631051
631052
631053
631054
631055
631056
631057
631058
631059
631060
631061
631062
631063
631064
631065
631066
631067
631068
631069
631070
631071
631072
631073
631074
631075
631076
631077
631078
631079
631080
631081
631082
631083
631084
631085
631086
631087
631088
631089
631090
631091
631092
631093
631094
631095
631096
631097
631098
631099
631100
631101
631102
631103
631104
631105
631106
631107
631108
631109
631110
631111
631112
631113
631114
631115
631116
631117
631118
631119
631120
631121
631122
631123
631124
631125
631126
631127
631128
631129
631130
631131
631132
631133
631134
631135
631136
631137
631138
631139
631140
631141
631142
631143
631144
631145
631146
631147
631148
631149
631150
631151
631152
631153
631154
631155
631156
631157
631158
631159
631160
631161
631162
631163
631164
631165
631166
631167
631168
631169
631170
631171
631172
631173
631174
631175
631176
631177
631178
631179
631180
631181
631182
631183
631184
631185
631186
631187
631188
631189
631190
631191
631192
631193
631194
631195
631196
631197
631198
631199
631200
631201
631202
631203
631204
631205
631206
631207
631208
631209
631210
631211
631212
631213
631214
631215
631216
631217
631218
631219
631220
631221
631222
631223
631224
631225
631226
631227
631228
631229
631230
631231
631232
631233
631234
631235
631236
631237
631238
631239
631240
631241
631242
631243
631244
631245
631246
631247
631248
631249
631250
631251
631252
631253
631254
631255
631256
631257
631258
631259
631260
631261
631262
631263
631264
631265
631266
631267
631268
631269
631270
631271
631272
631273
631274
631275
631276
631277
631278
631279
631280
631281
631282
631283
631284
631285
631286
631287
631288
631289
631290
631291
631292
631293
631294
631295
631296
631297
631298
631299
631300
631301
631302
631303
631304
631305
631306
631307
631308
631309
631310
631311
631312
631313
631314
631315
631316
631317
631318
631319
631320
631321
631322
631323
631324
631325
631326
631327
631328
631329
631330
631331
631332
631333
631334
631335
631336
631337
631338
631339
631340
631341
631342
631343
631344
631345
631346
631347
631348
631349
631350
631351
631352
631353
631354
631355
631356
631357
631358
631359
631360
631361
631362
631363
631364
631365
631366
631367
631368
631369
631370
631371
631372
631373
631374
631375
631376
631377
631378
631379
631380
631381
631382
631383
631384
631385
631386
631387
631388
631389
631390
631391
631392
631393
631394
631395
631396
631397
631398
631399
631400
631401
631402
631403
631404
631405
631406
631407
631408
631409
631410
631411
631412
631413
631414
631415
631416
631417
631418
631419
631420
631421
631422
631423
631424
631425
631426
631427
631428
631429
631430
631431
631432
631433
631434
631435
631436
631437
631438
631439
631440
631441
631442
631443
631444
631445
631446
631447
631448
631449
631450
631451
631452
631453
631454
631455
631456
631457
631458
631459
631460
631461
631462
631463
631464
631465
631466
631467
631468
631469
631470
631471
631472
631473
631474
631475
631476
631477
631478
631479
631480
631481
631482
631483
631484
631485
631486
631487
631488
631489
631490
631491
631492
631493
631494
631495
631496
631497
631498
631499
631500
631501
631502
631503
631504
631505
631506
631507
631508
631509
631510
631511
631512
631513
631514
631515
631516
631517
631518
631519
631520
631521
631522
631523
631524
631525
631526
631527
631528
631529
631530
631531
631532
631533
631534
631535
631536
631537
631538
631539
631540
631541
631542
631543
631544
631545
631546
631547
631548
631549
631550
631551
631552
631553
631554
631555
631556
631557
631558
631559
631560
631561
631562
631563
631564
631565
631566
631567
631568
631569
631570
631571
631572
631573
631574
631575
631576
631577
631578
631579
631580
631581
631582
631583
631584
631585
631586
631587
631588
631589
631590
631591
631592
631593
631594
631595
631596
631597
631598
631599
631600
631601
631602
631603
631604
631605
631606
631607
631608
631609
631610
631611
631612
631613
631614
631615
631616
631617
631618
631619
631620
631621
631622
631623
631624
631625
631626
631627
631628
631629
631630
631631
631632
631633
631634
631635
631636
631637
631638
631639
631640
631641
631642
631643
631644
631645
631646
631647
631648
631649
631650
631651
631652
631653
631654
631655
631656
631657
631658
631659
631660
631661
631662
631663
631664
631665
631666
631667
631668
631669
631670
631671
631672
631673
631674
631675
631676
631677
631678
631679
631680
631681
631682
631683
631684
631685
631686
631687
631688
631689
631690
631691
631692
631693
631694
631695
631696
631697
631698
631699
631700
631701
631702
631703
631704
631705
631706
631707
631708
631709
631710
631711
631712
631713
631714
631715
631716
631717
631718
631719
631720
631721
631722
631723
631724
631725
631726
631727
631728
631729
631730
631731
631732
631733
631734
631735
631736
631737
631738
631739
631740
631741
631742
631743
631744
631745
631746
631747
631748
631749
631750
631751
631752
631753
631754
631755
631756
631757
631758
631759
631760
631761
631762
631763
631764
631765
631766
631767
631768
631769
631770
631771
631772
631773
631774
631775
631776
631777
631778
631779
631780
631781
631782
631783
631784
631785
631786
631787
631788
631789
631790
631791
631792
631793
631794
631795
631796
631797
631798
631799
631800
631801
631802
631803
631804
631805
631806
631807
631808
631809
631810
631811
631812
631813
631814
631815
631816
631817
631818
631819
631820
631821
631822
631823
631824
631825
631826
631827
631828
631829
631830
631831
631832
631833
631834
631835
631836
631837
631838
631839
631840
631841
631842
631843
631844
631845
631846
631847
631848
631849
631850
631851
631852
631853
631854
631855
631856
631857
631858
631859
631860
631861
631862
631863
631864
631865
631866
631867
631868
631869
631870
631871
631872
631873
631874
631875
631876
631877
631878
631879
631880
631881
631882
631883
631884
631885
631886
631887
631888
631889
631890
631891
631892
631893
631894
631895
631896
631897
631898
631899
631900
631901
631902
631903
631904
631905
631906
631907
631908
631909
631910
631911
631912
631913
631914
631915
631916
631917
631918
631919
631920
631921
631922
631923
631924
631925
631926
631927
631928
631929
631930
631931
631932
631933
631934
631935
631936
631937
631938
631939
631940
631941
631942
631943
631944
631945
631946
631947
631948
631949
631950
631951
631952
631953
631954
631955
631956
631957
631958
631959
631960
631961
631962
631963
631964
631965
631966
631967
631968
631969
631970
631971
631972
631973
631974
631975
631976
631977
631978
631979
631980
631981
631982
631983
631984
631985
631986
631987
631988
631989
631990
631991
631992
631993
631994
631995
631996
631997
631998
631999
632000
632001
632002
632003
632004
632005
632006
632007
632008
632009
632010
632011
632012
632013
632014
632015
632016
632017
632018
632019
632020
632021
632022
632023
632024
632025
632026
632027
632028
632029
632030
632031
632032
632033
632034
632035
632036
632037
632038
632039
632040
632041
632042
632043
632044
632045
632046
632047
632048
632049
632050
632051
632052
632053
632054
632055
632056
632057
632058
632059
632060
632061
632062
632063
632064
632065
632066
632067
632068
632069
632070
632071
632072
632073
632074
632075
632076
632077
632078
632079
632080
632081
632082
632083
632084
632085
632086
632087
632088
632089
632090
632091
632092
632093
632094
632095
632096
632097
632098
632099
632100
632101
632102
632103
632104
632105
632106
632107
632108
632109
632110
632111
632112
632113
632114
632115
632116
632117
632118
632119
632120
632121
632122
632123
632124
632125
632126
632127
632128
632129
632130
632131
632132
632133
632134
632135
632136
632137
632138
632139
632140
632141
632142
632143
632144
632145
632146
632147
632148
632149
632150
632151
632152
632153
632154
632155
632156
632157
632158
632159
632160
632161
632162
632163
632164
632165
632166
632167
632168
632169
632170
632171
632172
632173
632174
632175
632176
632177
632178
632179
632180
632181
632182
632183
632184
632185
632186
632187
632188
632189
632190
632191
632192
632193
632194
632195
632196
632197
632198
632199
632200
632201
632202
632203
632204
632205
632206
632207
632208
632209
632210
632211
632212
632213
632214
632215
632216
632217
632218
632219
632220
632221
632222
632223
632224
632225
632226
632227
632228
632229
632230
632231
632232
632233
632234
632235
632236
632237
632238
632239
632240
632241
632242
632243
632244
632245
632246
632247
632248
632249
632250
632251
632252
632253
632254
632255
632256
632257
632258
632259
632260
632261
632262
632263
632264
632265
632266
632267
632268
632269
632270
632271
632272
632273
632274
632275
632276
632277
632278
632279
632280
632281
632282
632283
632284
632285
632286
632287
632288
632289
632290
632291
632292
632293
632294
632295
632296
632297
632298
632299
632300
632301
632302
632303
632304
632305
632306
632307
632308
632309
632310
632311
632312
632313
632314
632315
632316
632317
632318
632319
632320
632321
632322
632323
632324
632325
632326
632327
632328
632329
632330
632331
632332
632333
632334
632335
632336
632337
632338
632339
632340
632341
632342
632343
632344
632345
632346
632347
632348
632349
632350
632351
632352
632353
632354
632355
632356
632357
632358
632359
632360
632361
632362
632363
632364
632365
632366
632367
632368
632369
632370
632371
632372
632373
632374
632375
632376
632377
632378
632379
632380
632381
632382
632383
632384
632385
632386
632387
632388
632389
632390
632391
632392
632393
632394
632395
632396
632397
632398
632399
632400
632401
632402
632403
632404
632405
632406
632407
632408
632409
632410
632411
632412
632413
632414
632415
632416
632417
632418
632419
632420
632421
632422
632423
632424
632425
632426
632427
632428
632429
632430
632431
632432
632433
632434
632435
632436
632437
632438
632439
632440
632441
632442
632443
632444
632445
632446
632447
632448
632449
632450
632451
632452
632453
632454
632455
632456
632457
632458
632459
632460
632461
632462
632463
632464
632465
632466
632467
632468
632469
632470
632471
632472
632473
632474
632475
632476
632477
632478
632479
632480
632481
632482
632483
632484
632485
632486
632487
632488
632489
632490
632491
632492
632493
632494
632495
632496
632497
632498
632499
632500
632501
632502
632503
632504
632505
632506
632507
632508
632509
632510
632511
632512
632513
632514
632515
632516
632517
632518
632519
632520
632521
632522
632523
632524
632525
632526
632527
632528
632529
632530
632531
632532
632533
632534
632535
632536
632537
632538
632539
632540
632541
632542
632543
632544
632545
632546
632547
632548
632549
632550
632551
632552
632553
632554
632555
632556
632557
632558
632559
632560
632561
632562
632563
632564
632565
632566
632567
632568
632569
632570
632571
632572
632573
632574
632575
632576
632577
632578
632579
632580
632581
632582
632583
632584
632585
632586
632587
632588
632589
632590
632591
632592
632593
632594
632595
632596
632597
632598
632599
632600
632601
632602
632603
632604
632605
632606
632607
632608
632609
632610
632611
632612
632613
632614
632615
632616
632617
632618
632619
632620
632621
632622
632623
632624
632625
632626
632627
632628
632629
632630
632631
632632
632633
