715153
715154
715155
715156
715157
715158
715159
715160
715161
715162
715163
715164
715165
715166
715167
715168
715169
715170
715171
715172
715173
715174
715175
715176
715177
715178
715179
715180
715181
715182
715183
715184
715185
715186
715187
715188
715189
715190
715191
715192
715193
715194
715195
715196
715197
715198
715199
715200
715201
715202
715203
715204
715205
715206
715207
715208
715209
715210
715211
715212
715213
715214
715215
715216
715217
715218
715219
715220
715221
715222
715223
715224
715225
715226
715227
715228
715229
715230
715231
715232
715233
715234
715235
715236
715237
715238
715239
715240
715241
715242
715243
715244
715245
715246
715247
715248
715249
715250
715251
715252
715253
715254
715255
715256
715257
715258
715259
715260
715261
715262
715263
715264
715265
715266
715267
715268
715269
715270
715271
715272
715273
715274
715275
715276
715277
715278
715279
715280
715281
715282
715283
715284
715285
715286
715287
715288
715289
715290
715291
715292
715293
715294
715295
715296
715297
715298
715299
715300
715301
715302
715303
715304
715305
715306
715307
715308
715309
715310
715311
715312
715313
715314
715315
715316
715317
715318
715319
715320
715321
715322
715323
715324
715325
715326
715327
715328
715329
715330
715331
715332
715333
715334
715335
715336
715337
715338
715339
715340
715341
715342
715343
715344
715345
715346
715347
715348
715349
715350
715351
715352
715353
715354
715355
715356
715357
715358
715359
715360
715361
715362
715363
715364
715365
715366
715367
715368
715369
715370
715371
715372
715373
715374
715375
715376
715377
715378
715379
715380
715381
715382
715383
715384
715385
715386
715387
715388
715389
715390
715391
715392
715393
715394
715395
715396
715397
715398
715399
715400
715401
715402
715403
715404
715405
715406
715407
715408
715409
715410
715411
715412
715413
715414
715415
715416
715417
715418
715419
715420
715421
715422
715423
715424
715425
715426
715427
715428
715429
715430
715431
715432
715433
715434
715435
715436
715437
715438
715439
715440
715441
715442
715443
715444
715445
715446
715447
715448
715449
715450
715451
715452
715453
715454
715455
715456
715457
715458
715459
715460
715461
715462
715463
715464
715465
715466
715467
715468
715469
715470
715471
715472
715473
715474
715475
715476
715477
715478
715479
715480
715481
715482
715483
715484
715485
715486
715487
715488
715489
715490
715491
715492
715493
715494
715495
715496
715497
715498
715499
715500
715501
715502
715503
715504
715505
715506
715507
715508
715509
715510
715511
715512
715513
715514
715515
715516
715517
715518
715519
715520
715521
715522
715523
715524
715525
715526
715527
715528
715529
715530
715531
715532
715533
715534
715535
715536
715537
715538
715539
715540
715541
715542
715543
715544
715545
715546
715547
715548
715549
715550
715551
715552
715553
715554
715555
715556
715557
715558
715559
715560
715561
715562
715563
715564
715565
715566
715567
715568
715569
715570
715571
715572
715573
715574
715575
715576
715577
715578
715579
715580
715581
715582
715583
715584
715585
715586
715587
715588
715589
715590
715591
715592
715593
715594
715595
715596
715597
715598
715599
715600
715601
715602
715603
715604
715605
715606
715607
715608
715609
715610
715611
715612
715613
715614
715615
715616
715617
715618
715619
715620
715621
715622
715623
715624
715625
715626
715627
715628
715629
715630
715631
715632
715633
715634
715635
715636
715637
715638
715639
715640
715641
715642
715643
715644
715645
715646
715647
715648
715649
715650
715651
715652
715653
715654
715655
715656
715657
715658
715659
715660
715661
715662
715663
715664
715665
715666
715667
715668
715669
715670
715671
715672
715673
715674
715675
715676
715677
715678
715679
715680
715681
715682
715683
715684
715685
715686
715687
715688
715689
715690
715691
715692
715693
715694
715695
715696
715697
715698
715699
715700
715701
715702
715703
715704
715705
715706
715707
715708
715709
715710
715711
715712
715713
715714
715715
715716
715717
715718
715719
715720
715721
715722
715723
715724
715725
715726
715727
715728
715729
715730
715731
715732
715733
715734
715735
715736
715737
715738
715739
715740
715741
715742
715743
715744
715745
715746
715747
715748
715749
715750
715751
715752
715753
715754
715755
715756
715757
715758
715759
715760
715761
715762
715763
715764
715765
715766
715767
715768
715769
715770
715771
715772
715773
715774
715775
715776
715777
715778
715779
715780
715781
715782
715783
715784
715785
715786
715787
715788
715789
715790
715791
715792
715793
715794
715795
715796
715797
715798
715799
715800
715801
715802
715803
715804
715805
715806
715807
715808
715809
715810
715811
715812
715813
715814
715815
715816
715817
715818
715819
715820
715821
715822
715823
715824
715825
715826
715827
715828
715829
715830
715831
715832
715833
715834
715835
715836
715837
715838
715839
715840
715841
715842
715843
715844
715845
715846
715847
715848
715849
715850
715851
715852
715853
715854
715855
715856
715857
715858
715859
715860
715861
715862
715863
715864
715865
715866
715867
715868
715869
715870
715871
715872
715873
715874
715875
715876
715877
715878
715879
715880
715881
715882
715883
715884
715885
715886
715887
715888
715889
715890
715891
715892
715893
715894
715895
715896
715897
715898
715899
715900
715901
715902
715903
715904
715905
715906
715907
715908
715909
715910
715911
715912
715913
715914
715915
715916
715917
715918
715919
715920
715921
715922
715923
715924
715925
715926
715927
715928
715929
715930
715931
715932
715933
715934
715935
715936
715937
715938
715939
715940
715941
715942
715943
715944
715945
715946
715947
715948
715949
715950
715951
715952
715953
715954
715955
715956
715957
715958
715959
715960
715961
715962
715963
715964
715965
715966
715967
715968
715969
715970
715971
715972
715973
715974
715975
715976
715977
715978
715979
715980
715981
715982
715983
715984
715985
715986
715987
715988
715989
715990
715991
715992
715993
715994
715995
715996
715997
715998
715999
716000
716001
716002
716003
716004
716005
716006
716007
716008
716009
716010
716011
716012
716013
716014
716015
716016
716017
716018
716019
716020
716021
716022
716023
716024
716025
716026
716027
716028
716029
716030
716031
716032
716033
716034
716035
716036
716037
716038
716039
716040
716041
716042
716043
716044
716045
716046
716047
716048
716049
716050
716051
716052
716053
716054
716055
716056
716057
716058
716059
716060
716061
716062
716063
716064
716065
716066
716067
716068
716069
716070
716071
716072
716073
716074
716075
716076
716077
716078
716079
716080
716081
716082
716083
716084
716085
716086
716087
716088
716089
716090
716091
716092
716093
716094
716095
716096
716097
716098
716099
716100
716101
716102
716103
716104
716105
716106
716107
716108
716109
716110
716111
716112
716113
716114
716115
716116
716117
716118
716119
716120
716121
716122
716123
716124
716125
716126
716127
716128
716129
716130
716131
716132
716133
716134
716135
716136
716137
716138
716139
716140
716141
716142
716143
716144
716145
716146
716147
716148
716149
716150
716151
716152
716153
716154
716155
716156
716157
716158
716159
716160
716161
716162
716163
716164
716165
716166
716167
716168
716169
716170
716171
716172
716173
716174
716175
716176
716177
716178
716179
716180
716181
716182
716183
716184
716185
716186
716187
716188
716189
716190
716191
716192
716193
716194
716195
716196
716197
716198
716199
716200
716201
716202
716203
716204
716205
716206
716207
716208
716209
716210
716211
716212
716213
716214
716215
716216
716217
716218
716219
716220
716221
716222
716223
716224
716225
716226
716227
716228
716229
716230
716231
716232
716233
716234
716235
716236
716237
716238
716239
716240
716241
716242
716243
716244
716245
716246
716247
716248
716249
716250
716251
716252
716253
716254
716255
716256
716257
716258
716259
716260
716261
716262
716263
716264
716265
716266
716267
716268
716269
716270
716271
716272
716273
716274
716275
716276
716277
716278
716279
716280
716281
716282
716283
716284
716285
716286
716287
716288
716289
716290
716291
716292
716293
716294
716295
716296
716297
716298
716299
716300
716301
716302
716303
716304
716305
716306
716307
716308
716309
716310
716311
716312
716313
716314
716315
716316
716317
716318
716319
716320
716321
716322
716323
716324
716325
716326
716327
716328
716329
716330
716331
716332
716333
716334
716335
716336
716337
716338
716339
716340
716341
716342
716343
716344
716345
716346
716347
716348
716349
716350
716351
716352
716353
716354
716355
716356
716357
716358
716359
716360
716361
716362
716363
716364
716365
716366
716367
716368
716369
716370
716371
716372
716373
716374
716375
716376
716377
716378
716379
716380
716381
716382
716383
716384
716385
716386
716387
716388
716389
716390
716391
716392
716393
716394
716395
716396
716397
716398
716399
716400
716401
716402
716403
716404
716405
716406
716407
716408
716409
716410
716411
716412
716413
716414
716415
716416
716417
716418
716419
716420
716421
716422
716423
716424
716425
716426
716427
716428
716429
716430
716431
716432
716433
716434
716435
716436
716437
716438
716439
716440
716441
716442
716443
716444
716445
716446
716447
716448
716449
716450
716451
716452
716453
716454
716455
716456
716457
716458
716459
716460
716461
716462
716463
716464
716465
716466
716467
716468
716469
716470
716471
716472
716473
716474
716475
716476
716477
716478
716479
716480
716481
716482
716483
716484
716485
716486
716487
716488
716489
716490
716491
716492
716493
716494
716495
716496
716497
716498
716499
716500
716501
716502
716503
716504
716505
716506
716507
716508
716509
716510
716511
716512
716513
716514
716515
716516
716517
716518
716519
716520
716521
716522
716523
716524
716525
716526
716527
716528
716529
716530
716531
716532
716533
716534
716535
716536
716537
716538
716539
716540
716541
716542
716543
716544
716545
716546
716547
716548
716549
716550
716551
716552
716553
716554
716555
716556
716557
716558
716559
716560
716561
716562
716563
716564
716565
716566
716567
716568
716569
716570
716571
716572
716573
716574
716575
716576
716577
716578
716579
716580
716581
716582
716583
716584
716585
716586
716587
716588
716589
716590
716591
716592
716593
716594
716595
716596
716597
716598
716599
716600
716601
716602
716603
716604
716605
716606
716607
716608
716609
716610
716611
716612
716613
716614
716615
716616
716617
716618
716619
716620
716621
716622
716623
716624
716625
716626
716627
716628
716629
716630
716631
716632
716633
716634
716635
716636
716637
716638
716639
716640
716641
716642
716643
716644
716645
716646
716647
716648
716649
716650
716651
716652
716653
716654
716655
716656
716657
716658
716659
716660
716661
716662
716663
716664
716665
716666
716667
716668
716669
716670
716671
716672
716673
716674
716675
716676
716677
716678
716679
716680
716681
716682
716683
716684
716685
716686
716687
716688
716689
716690
716691
716692
716693
716694
716695
716696
716697
716698
716699
716700
716701
716702
716703
716704
716705
716706
716707
716708
716709
716710
716711
716712
716713
716714
716715
716716
716717
716718
716719
716720
716721
716722
716723
716724
716725
716726
716727
716728
716729
716730
716731
716732
716733
716734
716735
716736
716737
716738
716739
716740
716741
716742
716743
716744
716745
716746
716747
716748
716749
716750
716751
716752
716753
716754
716755
716756
716757
716758
716759
716760
716761
716762
716763
716764
716765
716766
716767
716768
716769
716770
716771
716772
716773
716774
716775
716776
716777
716778
716779
716780
716781
716782
716783
716784
716785
716786
716787
716788
716789
716790
716791
716792
716793
716794
716795
716796
716797
716798
716799
716800
716801
716802
716803
716804
716805
716806
716807
716808
716809
716810
716811
716812
716813
716814
716815
716816
716817
716818
716819
716820
716821
716822
716823
716824
716825
716826
716827
716828
716829
716830
716831
716832
716833
716834
716835
716836
716837
716838
716839
716840
716841
716842
716843
716844
716845
716846
716847
716848
716849
716850
716851
716852
716853
716854
716855
716856
716857
716858
716859
716860
716861
716862
716863
716864
716865
716866
716867
716868
716869
716870
716871
716872
716873
716874
716875
716876
716877
716878
716879
716880
716881
716882
716883
716884
716885
716886
716887
716888
716889
716890
716891
716892
716893
716894
716895
716896
716897
716898
716899
716900
716901
716902
716903
716904
716905
716906
716907
716908
716909
716910
716911
716912
716913
716914
716915
716916
716917
716918
716919
716920
716921
716922
716923
716924
716925
716926
716927
716928
716929
716930
716931
716932
716933
716934
716935
716936
716937
716938
716939
716940
716941
716942
716943
716944
716945
716946
716947
716948
716949
716950
716951
716952
716953
716954
716955
716956
716957
716958
716959
716960
716961
716962
716963
716964
716965
716966
716967
716968
716969
716970
716971
716972
716973
716974
716975
716976
716977
716978
716979
716980
716981
716982
716983
716984
716985
716986
716987
716988
716989
716990
716991
716992
716993
716994
716995
716996
716997
716998
716999
717000
717001
717002
717003
717004
717005
717006
717007
717008
717009
717010
717011
717012
717013
717014
717015
717016
717017
717018
717019
717020
717021
717022
717023
717024
717025
717026
717027
717028
717029
717030
717031
717032
717033
717034
717035
717036
717037
717038
717039
717040
717041
717042
717043
717044
717045
717046
717047
717048
717049
717050
717051
717052
717053
717054
717055
717056
717057
717058
717059
717060
717061
717062
717063
717064
717065
717066
717067
717068
717069
717070
717071
717072
717073
717074
717075
717076
717077
717078
717079
717080
717081
717082
717083
717084
717085
717086
717087
717088
717089
717090
717091
717092
717093
717094
717095
717096
717097
717098
717099
717100
717101
717102
717103
717104
717105
717106
717107
717108
717109
717110
717111
717112
717113
717114
717115
717116
717117
717118
717119
717120
717121
717122
717123
717124
717125
717126
717127
717128
717129
717130
717131
717132
717133
717134
717135
717136
717137
717138
717139
717140
717141
717142
717143
717144
717145
717146
717147
717148
717149
717150
717151
717152
717153
717154
717155
717156
717157
717158
717159
717160
717161
717162
717163
717164
717165
717166
717167
717168
717169
717170
717171
717172
717173
717174
717175
717176
717177
717178
717179
717180
717181
717182
717183
717184
717185
717186
717187
717188
717189
717190
717191
717192
717193
717194
717195
717196
717197
717198
717199
717200
717201
717202
717203
717204
717205
717206
717207
717208
717209
717210
717211
717212
717213
717214
717215
717216
717217
717218
717219
717220
717221
717222
717223
717224
717225
717226
717227
717228
717229
717230
717231
717232
717233
717234
717235
717236
717237
717238
717239
717240
717241
717242
717243
717244
717245
717246
717247
717248
717249
717250
717251
717252
717253
717254
717255
717256
717257
717258
717259
717260
717261
717262
717263
717264
717265
717266
717267
717268
717269
717270
717271
717272
717273
717274
717275
717276
717277
717278
717279
717280
717281
717282
717283
717284
717285
717286
717287
717288
717289
717290
717291
717292
717293
717294
717295
717296
717297
717298
717299
717300
717301
717302
717303
717304
717305
717306
717307
717308
717309
717310
717311
717312
717313
717314
717315
717316
717317
717318
717319
717320
717321
717322
717323
717324
717325
717326
717327
717328
717329
717330
717331
717332
717333
717334
717335
717336
717337
717338
717339
717340
717341
717342
717343
717344
717345
717346
717347
717348
717349
717350
717351
717352
717353
717354
717355
717356
717357
717358
717359
717360
717361
717362
717363
717364
717365
717366
717367
717368
717369
717370
717371
717372
717373
717374
717375
717376
717377
717378
717379
717380
717381
717382
717383
717384
717385
717386
717387
717388
717389
717390
717391
717392
717393
717394
717395
717396
717397
717398
717399
717400
717401
717402
717403
717404
717405
717406
717407
717408
717409
717410
717411
717412
717413
717414
717415
717416
717417
717418
717419
717420
717421
717422
717423
717424
717425
717426
717427
717428
717429
717430
717431
717432
717433
717434
717435
717436
717437
717438
717439
717440
717441
717442
717443
717444
717445
717446
717447
717448
717449
717450
717451
717452
717453
717454
717455
717456
717457
717458
717459
717460
717461
717462
717463
717464
717465
717466
717467
717468
717469
717470
717471
717472
717473
717474
717475
717476
717477
717478
717479
717480
717481
717482
717483
717484
717485
717486
717487
717488
717489
717490
717491
717492
717493
717494
717495
717496
717497
717498
717499
717500
717501
717502
717503
717504
717505
717506
717507
717508
717509
717510
717511
717512
717513
717514
717515
717516
717517
717518
717519
717520
717521
717522
717523
717524
717525
717526
717527
717528
717529
717530
717531
717532
717533
717534
717535
717536
717537
717538
717539
717540
717541
717542
717543
717544
717545
717546
717547
717548
717549
717550
717551
717552
717553
717554
717555
717556
717557
717558
717559
717560
717561
717562
717563
717564
717565
717566
717567
717568
717569
717570
717571
717572
717573
717574
717575
717576
717577
717578
717579
717580
717581
717582
717583
717584
717585
717586
717587
717588
717589
717590
717591
717592
717593
717594
717595
717596
717597
717598
717599
717600
717601
717602
717603
717604
717605
717606
717607
717608
717609
717610
717611
717612
717613
717614
717615
717616
717617
717618
717619
717620
717621
717622
717623
717624
717625
717626
717627
717628
717629
717630
717631
717632
717633
717634
717635
717636
717637
717638
717639
717640
717641
717642
717643
717644
717645
717646
717647
717648
717649
717650
717651
717653
717654
717655
717656
717657
717658
717659
717660
717661
717662
717663
717664
717665
717666
717667
717668
717669
717670
717671
717672
717673
717674
717675
717676
717677
717678
717679
717680
717681
717682
717683
717684
717685
717686
717687
717688
717689
717690
717691
717692
717693
717694
717695
717696
717697
717698
717699
717700
717701
717702
717703
717704
717705
717706
717707
717708
717709
717710
717711
717712
717713
717714
717715
717716
717717
717718
717719
717720
717721
717722
717723
717724
717725
717726
717727
717728
717729
717730
717731
717732
717733
717734
717735
717736
717737
717738
717739
717740
717741
717742
717743
717744
717745
717746
717747
717748
717749
717750
717751
717752
717753
717754
717755
717756
717757
717758
717759
717760
717761
717762
717763
717764
717765
717766
717767
717768
717769
717770
717771
717772
717773
717774
717775
717776
717777
717778
717779
717780
717781
717782
717783
717784
717785
717786
717787
717788
717789
717790
717791
717792
717793
717794
717795
717796
717797
717798
717799
717800
717801
717802
717803
717804
717805
717806
717807
717808
717809
717810
717811
717812
717813
717814
717815
717816
717817
717818
717819
717820
717821
717822
717823
717824
717825
717826
717827
717828
717829
717830
717831
717832
717833
717834
717835
717836
717837
717838
717839
717840
717841
717842
717843
717844
717845
717846
717847
717848
717849
717850
717851
717852
717853
717854
717855
717856
717857
717858
717859
717860
717861
717862
717863
717864
717865
717866
717867
717868
717869
717870
717871
717872
717873
717874
717875
717876
717877
717878
717879
717880
717881
717882
717883
717884
717885
717886
717887
717888
717889
717890
717891
717892
717893
717894
717895
717896
717897
717898
717899
717900
717901
717902
717903
717904
717905
717906
717907
717908
717909
717910
717911
717912
717913
717914
717915
717916
717917
717918
717919
717920
717921
717922
717923
717924
717925
717926
717927
717928
717929
717930
717931
717932
717933
717934
717935
717936
717937
717938
717939
717940
717941
717942
717943
717944
717945
717946
717947
717948
717949
717950
717951
717952
717953
717954
717955
717956
717957
717958
717959
717960
717961
717962
717963
717964
717965
717966
717967
717968
717969
717970
717971
717972
717973
717974
717975
717976
717977
717978
717979
717980
717981
717982
717983
717984
717985
717986
717987
717988
717989
717990
717991
717992
717993
717994
717995
717996
717997
717998
717999
718000
718001
718002
718003
718004
718005
718006
718007
718008
718009
718010
718011
718012
718013
718014
718015
718016
718017
718018
718019
718020
718021
718022
718023
718024
718025
718026
718027
718028
718029
718030
718031
718032
718033
718034
718035
718036
718037
718038
718039
718040
718041
718042
718043
718044
718045
718046
718047
718048
718049
718050
718051
718052
718053
718054
718055
718056
718057
718058
718059
718060
718061
718062
718063
718064
718065
718066
718067
718068
718069
718070
718071
718072
718073
718074
718075
718076
718077
718078
718079
718080
718081
718082
718083
718084
718085
718086
718087
718088
718089
718090
718091
718092
718093
718094
718095
718096
718097
718098
718099
718100
718101
718102
718103
718104
718105
718106
718107
718108
718109
718110
718111
718112
718113
718114
718115
718116
718117
718118
718119
718120
718121
718122
718123
718124
718125
718126
718127
718128
718129
718130
718131
718132
718133
718134
718135
718136
718137
718138
718139
718140
718141
718142
718143
718144
718145
718146
718147
718148
718149
718150
718151
718152
718153
718154
718155
718156
718157
718158
718159
718160
718161
718162
718163
718164
718165
718166
718167
718168
718169
718170
718171
718172
718173
718174
718175
718176
718177
718178
718179
718180
718181
718182
718183
718184
718185
718186
718187
718188
718189
718190
718191
718192
718193
718194
718195
718196
718197
718198
718199
718200
718201
718202
718203
718204
718205
