326914
326915
326916
326917
326918
326919
326920
448929
448930
448931
448932
448933
448934
448935
448936
448937
448938
448939
448940
448941
448942
448943
448944
448945
448946
448947
448948
448949
448950
448951
448952
448953
448954
448955
448956
448957
448958
448959
448960
448961
448962
448963
448964
448965
448966
448967
448968
448969
448970
448971
448972
448973
448974
448975
448976
448977
448978
448979
448980
448981
448982
448983
448984
448985
448986
448987
448988
448989
448990
448991
448992
448993
448994
448995
448996
448997
448998
448999
449000
449001
449002
449003
449004
449005
449006
449007
449008
449009
449010
449011
449012
449013
449014
449015
449016
449017
449018
449019
449020
449021
449022
449023
449024
449025
449026
449027
449028
449029
449030
449031
449032
449033
449034
449035
449036
449037
449038
449039
449040
449041
449042
449043
449044
449045
449046
449047
449048
449049
449050
449051
449052
449053
449054
449055
449056
449057
449058
449059
449060
449061
449062
449063
449064
449065
449066
449067
449068
449069
449070
449071
449072
449073
449074
449075
449076
449077
449078
449079
449080
449081
449082
449083
449084
449085
449086
449087
449088
449089
449090
449091
449092
449093
449094
449095
449096
449097
449098
449099
449100
449101
449102
449103
449104
449105
449106
449107
449108
449109
449110
449111
449112
449113
449114
449115
449116
449117
449118
449119
449120
449121
449122
449123
449124
449125
449126
449127
449128
449129
449130
449131
449132
449133
449134
449135
449136
449137
449138
449139
449140
449141
449142
449143
449144
449145
449146
449147
449148
449149
449150
449151
449152
449153
449154
449155
449156
449157
449158
449159
449160
449161
449162
449163
449164
449165
449166
449167
449168
449169
449170
449171
449172
449173
449174
449175
449176
449177
449178
449179
449180
449181
449182
449183
449184
449185
449186
449187
449188
449189
449190
449191
449192
449193
449194
449195
449196
449197
449198
449199
449200
449201
449202
449203
449204
449205
449206
449207
449208
449209
449210
449211
449212
449213
449214
449215
449216
449217
449218
449219
449220
449221
449222
449223
449224
449225
449226
449227
449228
449229
449230
449231
449232
449233
449234
449235
449236
449237
449238
449239
449240
449241
449242
449243
449244
449245
449246
449247
449248
449249
449250
449251
449252
449253
449254
449255
449256
449257
449258
449259
449260
449261
449262
449263
449264
449265
449266
449267
449268
449269
449270
449271
449272
449273
449274
449275
449276
449277
449278
449279
449280
449281
449282
449283
449284
449285
449286
449287
449288
449289
449290
449291
449292
449293
449294
449295
449296
449297
449298
449299
449300
449301
449302
449303
449304
449305
449306
449307
449308
449309
449310
449311
449312
449313
449314
449315
449316
449317
449318
449319
449320
449321
449322
449323
449324
449325
449326
449327
449328
449329
449330
449331
449332
449333
449334
449335
449336
449337
449338
449339
449340
449341
449342
449343
449344
449345
449346
449347
449348
449349
449350
449351
449352
449353
449354
449355
449356
449357
449358
449359
449360
449361
449362
449363
449364
449365
449366
449367
449368
449369
449370
449371
449372
449373
449374
449375
449376
449377
449378
449379
449380
449381
449382
449383
449384
449385
449386
449387
449388
449389
449390
449391
449392
449393
449394
449395
449396
449397
449398
449399
449400
449401
449402
449403
449404
449405
449406
449407
449408
449409
449410
449411
449412
449413
449414
449415
449416
449417
449418
449419
449420
449421
449422
449423
449424
449425
449426
449427
449428
449429
449430
449431
449432
449433
449434
449435
449436
449437
449438
449439
449440
449441
449442
449443
449444
449445
449446
449447
449448
449449
449450
449451
449452
449453
449454
449455
449456
449457
449458
449459
449460
449461
449462
449463
449464
449465
449466
449467
449468
449469
449470
449471
449472
449473
449474
449475
449476
449477
449478
449479
449480
449481
449482
449483
449484
449485
449486
449487
449488
449489
449490
449491
449492
449493
449494
449495
449498
449499
449500
449501
449502
449503
449504
449505
449506
449507
449508
449509
449510
449511
449512
449513
449514
449515
449516
449517
449518
449519
449520
449521
449522
449523
449524
449525
449526
449527
449528
449529
449530
449531
449532
449533
449534
449535
449536
449537
449538
449539
449540
449541
449542
449543
449544
449545
449546
449547
449548
449549
449550
449551
449552
449553
449554
449555
449556
449557
449558
449559
449560
449561
449562
449563
449564
449565
449566
449567
449568
449569
449570
449571
449572
449573
449574
449575
449576
449577
449578
449579
449580
449581
449582
449583
449584
449585
449586
449587
449588
449589
449590
449591
449592
449593
449594
449595
449596
449597
449598
449599
449600
449601
449602
449603
449604
449605
449606
449607
449608
449609
449610
449611
449612
449613
449614
449615
449616
449617
449618
449619
449620
449621
449622
449623
449624
449625
449626
449627
449628
449629
449630
449631
449632
449633
449634
449635
449636
449637
449638
449639
449640
449641
449642
449643
449644
449645
449646
449647
449648
449649
449650
449651
449652
449653
449654
449655
449656
449657
449658
449659
449660
449661
449662
449663
449664
449665
449666
449667
449668
449669
449670
449671
449672
449673
449674
449675
449676
449677
449678
449679
449680
449681
449682
449683
449684
449685
449686
449687
449688
449689
449690
449691
449692
449693
449694
449695
449696
449697
449698
449699
449700
449701
449702
449703
449704
449705
449706
449707
449708
449709
449710
449711
449712
449713
449714
449715
449716
449717
449718
449719
449720
449721
449722
449723
449724
449725
449726
449727
449728
449729
449730
449731
449732
449733
449734
449735
449736
449737
449738
449739
449740
449741
449742
449743
449744
449745
449746
449747
449748
449749
449750
449751
449752
449753
449754
449755
449756
449757
449758
449759
449760
449761
449762
449763
449764
449765
449766
449767
449768
449769
449770
449771
449772
449773
449774
449775
449776
449777
449778
449779
449780
449781
449782
449783
449784
449785
449786
449787
449788
449789
449790
449791
449792
449793
449794
449795
449796
449797
449798
449799
449800
449801
449802
449803
449804
449805
449806
449807
449808
449809
449810
449811
449812
449813
449814
449815
449816
449817
449818
449819
449820
449821
449822
449823
449824
449825
449826
449827
449828
449829
449830
449831
449832
449833
449834
449835
449836
449837
449838
449839
449840
449841
449842
449843
449844
449845
449846
449847
449848
449849
449850
449851
449852
449853
449854
449855
449856
449857
449858
449859
449860
449861
449862
449863
449864
449865
449866
449867
449868
449869
449870
449871
449872
449873
449874
449875
449876
449877
449878
449879
449880
449881
449882
449883
449884
449885
449886
449887
449888
449889
449890
449891
449892
449893
449894
449895
449896
449897
449898
449899
449900
449901
449902
449903
449905
449906
449907
449908
449909
449910
449911
449912
449913
449914
449915
449916
449917
449918
449919
449920
449921
449922
449923
449924
449925
449926
449927
449928
449929
449930
449931
449932
449933
449934
449935
449936
449937
449938
449939
449940
449941
449942
449943
449944
449945
449946
449947
449948
449949
449950
449951
449952
449953
449954
449955
449956
449957
449958
449959
449960
449961
449962
449963
449964
449965
449966
449967
449968
449969
449970
449971
449972
449973
449974
449975
449976
449977
449978
449979
449980
449981
449982
449983
449984
449985
449986
449987
449988
449989
449990
449991
449992
449993
449994
449995
449996
449997
449998
449999
450000
450001
450002
450003
450004
450005
450006
450007
450008
450009
450010
450011
450012
450013
450014
450015
450016
450017
450018
450019
450020
450021
450022
450023
450024
450025
450026
450027
450028
450029
450030
450031
450032
450033
450034
450035
450036
450037
450038
450039
450040
450041
450042
450043
450044
450045
450046
450047
450048
450049
450050
450051
450052
450053
450054
450055
450056
450057
450058
450059
450060
450061
450062
450063
450064
450065
450066
450067
450068
450069
450070
450071
450072
450073
450074
450075
450076
450077
450078
450079
450080
450081
450082
450083
450084
450085
450086
450087
450088
450089
450090
450091
450092
450093
450094
450095
450096
450097
450098
450099
450100
450101
450102
450103
450104
450105
450106
450107
450108
450109
450110
450111
450112
450113
450114
450115
450116
450117
450118
450119
450120
450121
450122
450123
450124
450125
450126
450127
450128
450129
450130
450131
450132
450133
450134
450135
450136
450137
450138
450139
450140
450141
450142
450143
450144
450145
450146
450147
450148
450149
450150
450151
450152
450153
450154
450155
450156
450157
450158
450159
450160
450161
450162
450163
450164
450165
450166
450167
450168
450169
450170
450171
450172
450173
450174
450175
450176
450177
450178
450179
450180
450181
450182
450183
450184
450185
450186
450187
450188
450189
450190
450191
450192
450193
450194
450195
450196
450197
450198
450199
450200
450201
450202
450203
450204
450205
450206
450207
450208
450209
450210
450211
450212
450213
450214
450215
450216
450217
450218
450219
450220
450221
450222
450223
450224
450225
450226
450227
450228
450229
450230
450231
450232
450233
450234
450235
450236
450237
450238
450239
450240
450241
450242
450243
450244
450245
450246
450247
450248
450249
450250
450251
450252
450253
450254
450255
450256
450257
450258
450259
450260
450261
450262
450263
450264
450265
450266
450267
450268
450269
450270
450271
450272
450273
450274
450275
450276
450277
450278
450279
450280
450281
450282
450283
450284
450285
450286
450287
450288
450289
450290
450291
450292
450293
450294
450295
450296
450297
450298
450299
450300
450301
450302
450303
450304
450305
450306
450307
450308
450309
450310
450311
450312
450313
450314
450315
450316
450317
450318
450319
450320
450321
450322
450323
450324
450325
450326
450327
450328
450329
450330
450331
450332
450333
450334
450335
450336
450337
450338
450339
450340
450341
450342
450343
450344
450345
450346
450347
450348
450349
450350
450351
450352
450353
450354
450355
450356
450357
450358
450359
450360
450361
450362
450363
450364
450365
450366
450367
450368
450369
450370
450371
450372
450373
450374
450375
450376
450377
450378
450379
450380
450381
450382
450383
450384
450385
450386
450387
450388
450389
450390
450391
450392
450393
450394
450395
450396
450397
450398
450399
450400
450401
450402
450403
450404
450405
450406
450407
450408
450409
450410
450411
450412
450413
450414
450415
450416
450417
450418
450419
450420
450421
450422
450423
450424
450425
450426
450427
450428
450429
450430
450431
450432
450433
450434
450435
450436
450437
450438
450439
450440
450441
450442
450443
450444
450445
450446
450447
450448
450449
450450
450451
450452
450453
450454
450455
450456
450457
450458
450459
450460
450461
450462
450463
450464
450465
450466
450467
450468
450469
450470
450471
450472
450473
450474
450475
450476
450477
450478
450479
450480
450481
450482
450483
450484
450485
450486
450487
450488
450489
450490
450491
450492
450493
450494
450495
450496
450497
450498
450499
450500
450501
450502
450503
450504
450505
450506
450507
450508
450509
450510
450511
450512
450513
450514
450515
450516
450517
450518
450519
450520
450521
450522
450523
450524
450525
450526
450527
450528
450529
450530
450531
450532
450533
450534
450535
450536
450537
450538
450539
450540
450541
450542
450543
450544
450545
450546
450547
450548
450549
450550
450551
450552
450553
450554
450555
450556
450557
450558
450559
450560
450561
450562
450563
450564
450565
450566
450567
450568
450569
450570
450571
450572
450573
450574
450575
450576
450577
450578
450579
450580
450581
450582
450583
450584
450585
450586
450587
450588
450589
450590
450591
450592
450593
450594
450595
450596
450597
450598
450599
450600
450601
450602
450603
450604
450605
450606
450607
450608
450609
450610
450611
450612
450613
450614
450615
450616
450617
450618
450619
450620
450621
450622
450623
450624
450625
450626
450627
450628
450629
450630
450631
450632
450633
450634
450635
450636
450637
450638
450639
450640
450641
450642
450643
450644
450645
450646
450647
450648
450649
450650
450651
450652
450653
450654
450655
450656
450657
450658
450659
450660
450661
450662
450663
450664
450665
450666
450667
450668
450670
450671
450672
450673
450674
450675
450676
450677
450678
450679
450680
450681
450682
450683
450684
450685
450686
450687
450688
450689
450690
450691
450692
450693
450694
450695
450696
450697
450698
450699
450700
450701
450702
450703
450704
450705
450706
450707
450708
450709
450710
450711
450712
450713
450714
450715
450716
450717
450718
450719
450720
450721
450722
450723
450724
450725
450726
450727
450728
450729
450730
450731
450732
450733
450734
450735
450736
450737
450738
450739
450740
450741
450742
450743
450744
450745
450746
450747
450748
450749
450750
450751
450752
450753
450754
450755
450756
450757
450758
450759
450760
450761
450762
450763
450764
450765
450766
450767
450768
450769
450770
450771
450772
450773
450774
450775
450776
450777
450778
450779
450780
450781
450782
450783
450785
450786
450787
450788
450789
450790
450791
450792
450793
450795
450796
450797
450798
450799
450800
450801
450802
450803
450804
450805
450806
450807
450808
450809
450810
450811
450812
450813
450814
450815
450816
450817
450818
450819
450820
450821
450822
450823
450824
450825
450826
450827
450828
450829
450830
450831
450832
450833
450834
450835
450836
450837
450838
450839
450840
450841
450842
450843
450844
450845
450846
450847
450848
450849
450850
450851
450852
450853
450854
450855
450856
450857
450858
450859
450860
450861
450862
450863
450864
450865
450866
450867
450868
450869
450870
450871
450872
450873
450874
450875
450876
450877
450878
450879
450880
450881
450882
450883
450884
450885
450886
450887
450888
450889
450890
450891
450892
450893
450894
450895
450896
450897
450898
450899
450900
450901
450902
450903
450904
450905
450906
450907
450908
450909
450910
450911
450912
450913
450914
450915
450916
450917
450918
450919
450920
450921
450922
450923
450924
450925
450926
450927
450928
450929
450930
450931
450932
450933
450934
450935
450936
450937
450938
450939
450940
450941
450942
450943
450944
450945
450946
450947
450948
450949
450950
450951
450952
450953
450954
450955
450956
450957
450958
450959
450960
450961
450962
450963
450964
450965
450966
450967
450968
450969
450970
450971
450972
450973
450974
450975
450976
450977
450978
450979
450980
450981
450982
450983
450984
450985
450986
450987
450988
450989
450990
450991
450992
450993
450994
450995
450996
450997
450998
450999
451000
451001
451002
451003
451004
451005
451006
451007
451008
451009
451010
451011
451012
451013
451014
451015
451016
451017
451018
451019
451020
451021
451022
451023
451024
451025
451026
451027
451028
451029
451030
451031
451032
451033
451034
451035
451036
451037
451038
451039
451040
451041
451042
451043
451044
451045
451046
451047
451048
451049
451050
451051
451052
451053
451054
451055
451056
451057
451058
451059
451060
451061
451062
451063
451064
451065
451066
451067
451068
451069
451070
451071
451072
451073
451074
451075
451076
451077
451078
451079
451080
451081
451082
451083
451084
451085
451086
451087
451088
451089
451090
451091
451092
451093
451094
451095
451096
451097
451098
451099
451100
451101
451102
451103
451104
451105
451106
451107
451108
451109
451110
451111
451112
451113
451114
451115
451116
451117
451118
451119
451120
451121
451122
451123
451124
451125
451126
451127
451128
451129
451130
451131
451132
451133
451134
451135
451136
451137
451138
451139
451140
451141
451142
451143
451144
451145
451146
451147
451148
451149
451150
451151
451152
451153
451154
451155
451156
451157
451158
451159
451160
451161
451162
451163
451164
451165
451166
451167
451168
451169
451170
451171
451172
451173
451174
451175
451176
451177
451178
451179
451180
451181
451182
451183
451184
451185
451186
451187
451188
451189
451190
451191
451192
451193
451194
451195
451196
451197
451198
451199
451200
451201
451202
451203
451204
451205
451206
451207
451208
451209
451210
451211
451212
451213
451214
451215
451216
451217
451218
451219
451220
451221
451222
451223
451224
451225
451226
451227
451228
451229
451230
451232
451233
451234
451235
451236
451238
451239
451241
451242
451243
451244
451245
451246
451247
451248
451249
451250
451251
451252
451253
451254
451255
451256
451257
451258
451259
451260
451261
451262
451263
451264
451265
451266
451267
451268
451269
451270
451271
451272
451273
451274
451275
451276
451277
451278
451279
451280
451281
451282
451283
451284
451285
451286
451287
451288
451289
451290
451291
451292
451293
451294
451295
451296
451297
451298
451299
451300
451301
451302
451303
451304
451305
451306
451307
451308
451309
451310
451311
451312
451313
451314
451315
451316
451317
451318
451319
451320
451321
451322
451323
451324
451325
451326
451327
451328
451329
451330
451331
451332
451333
451334
451335
451336
451337
451338
451339
451340
451341
451342
451343
451344
451345
451346
451347
451348
451349
451350
451351
451352
451353
451354
451355
451356
451357
451358
451359
451360
451361
451362
451363
451364
451365
451366
451367
451368
451369
451370
451371
451372
451373
451374
451375
451376
451377
451378
451379
451380
451381
451382
451383
451384
451385
451386
451387
451388
451389
451390
451391
451392
451393
451394
451395
451396
451397
451398
451399
451400
451401
451402
451403
451404
451405
451406
451407
451408
451409
451410
451411
451412
451413
451414
451415
451416
451417
451418
451419
451420
451421
451422
451423
451424
451425
451426
451427
451428
451429
451430
451431
451432
451433
451434
451435
451436
451437
451438
451439
451440
451441
451442
451443
451444
451445
451446
451447
451448
451449
451450
451451
451452
451453
451454
451455
451456
451457
451458
451459
451460
451461
451462
451463
451464
451465
451466
451467
451468
451469
451470
451471
451472
451473
451474
451475
451476
451477
451478
451479
451480
451481
451482
451483
451484
451485
451486
451487
451488
451489
451490
451491
451492
451493
451494
451495
451496
451497
451498
451499
451500
451501
451502
451503
451504
451505
451506
451507
451508
451509
451510
451511
451512
451513
451514
451515
451516
451517
451518
451519
451520
451521
451522
451523
451524
451525
451526
451527
451528
451529
451530
451531
451532
451533
451534
451535
451536
451537
451538
451539
451540
451541
451542
451543
451544
451545
451546
451547
451548
451549
451550
451551
451552
451553
451554
451555
451556
451557
451558
451559
451560
451561
451562
451563
451564
451565
451566
451567
451568
451569
451570
451571
451572
451573
451574
451575
451576
451577
451578
451579
451580
451581
451582
451583
451584
451585
451586
451587
451588
451589
451590
451591
451592
451593
451594
451595
451596
451597
451598
451599
451600
451601
451602
451603
451604
451605
451606
451607
451608
451609
451610
451611
451612
451613
451614
451615
451616
451617
451618
451619
451620
451621
451622
451623
451624
451625
451626
451627
451628
451629
451630
451631
451632
451633
451634
451635
451636
451637
451638
451639
451640
451641
451642
451643
451644
451645
451646
451647
451648
451649
451650
451651
451652
451653
451654
451655
451656
451657
451658
451659
451660
451661
451662
451663
451664
451665
451666
451667
451668
451669
451670
451671
451672
451673
451674
451675
451676
451677
451678
451679
451680
451681
451682
451683
451684
451685
451686
451687
451688
451689
451690
451691
451692
451693
451694
451695
451696
451697
451698
451699
451700
451701
451702
451703
451704
451705
451706
451707
451708
451709
451710
451711
451712
451713
451714
451715
451716
451717
451718
451719
451720
451721
451722
451723
451724
451725
451726
451727
451728
451729
451730
451731
451732
451733
451734
451735
451736
451737
451738
451739
451740
451741
451742
451743
451744
451745
451746
451747
451748
451749
451750
451751
451752
451753
451754
451755
451756
451757
451758
451759
451760
451761
451762
451763
451764
451765
451766
451767
451768
451769
451770
451771
451772
451773
451774
451775
451776
451777
451778
451779
451780
451781
451782
451783
451784
451785
451786
451787
451788
451789
451790
451791
451792
451793
451794
451795
451796
451797
451798
451799
451800
451801
451802
451803
451804
451805
451806
451807
451808
451809
451810
451811
451812
451813
451814
451815
451816
451817
451818
451819
451820
451821
451822
451823
451824
451825
451826
451827
451828
451829
451830
451831
451832
451833
451834
451835
451836
451837
451838
451839
451840
451841
451842
451843
451844
451845
451846
451847
451848
451849
451850
451851
451852
451853
451854
451855
451856
451857
451858
451859
451860
451861
451862
451863
451864
451865
451866
451867
451868
451869
451870
451871
451872
451873
451874
451875
451876
451877
451878
451879
451880
451881
451882
451883
451884
451885
451886
451887
451888
451889
451890
451891
451892
451893
451894
451895
451896
451897
451898
451899
451900
451901
451902
451903
451904
451905
451906
451907
451908
451909
451910
451911
451912
451913
451914
451915
451916
451917
451918
451919
451920
451921
451922
451923
451924
451925
451926
451927
451928
451929
451930
451931
451932
451933
451934
451935
451936
451937
451938
451939
451940
451941
451942
451943
451944
451945
451946
451947
451948
451949
451950
451951
451952
451953
451954
451955
451956
451957
451958
451959
451960
451961
451962
451963
451964
451965
451966
451967
451968
451969
451970
451971
