593686
593687
593688
593689
593690
593691
593692
593693
593694
593695
593696
593697
593698
593699
593700
593701
593702
593703
593704
593705
593706
593707
593708
593709
593710
593711
593712
593713
593714
593715
593716
593717
593718
593719
593720
593721
593722
593723
593724
593725
593726
593727
593728
593729
593730
593731
593732
593733
593734
593735
593736
593737
593738
593739
593740
593741
593742
593743
593744
593745
593746
593747
593748
593749
593750
593751
593752
593753
593754
593755
593756
593757
593758
593759
593760
593761
593762
593763
593764
593765
593766
593767
593768
593769
593770
593771
593772
593773
593774
593775
593776
593777
593778
593779
593780
593781
593782
593783
593784
593785
593786
593787
593788
593789
593790
593791
593792
593793
593794
593795
593796
593797
593798
593799
593800
593801
593802
593803
593804
593805
593806
593807
593808
593809
593810
593811
593812
593813
593814
593815
593816
593817
593818
593819
593820
593821
593822
593823
593824
593825
593826
593827
593828
593829
593830
593831
593832
593833
593834
593835
593836
593837
593838
593839
593840
593841
593842
593843
593844
593845
593846
593847
593848
593849
593850
593851
593852
593853
593854
593855
593856
593857
593858
593859
593860
593861
593862
593863
593864
593865
593866
593867
593868
593869
593870
593871
593872
593873
593874
593875
593876
593877
593878
593879
593880
593881
593882
593883
593884
593885
593886
593887
593888
593889
593890
593891
593892
593893
593894
593895
593896
593897
593898
593899
593900
593901
593902
593903
593904
593905
593906
593907
593908
593909
593910
593911
593912
593913
593914
593915
593916
593917
593918
593919
593920
593921
593922
593923
593924
593925
593926
593927
593928
593929
593930
593931
593932
593933
593934
593935
593936
593937
593938
593939
593940
593941
593942
593943
593944
593945
593946
593947
593948
593949
593950
593951
593952
593953
593954
593955
593956
593957
593958
593959
593960
593961
593962
593963
593964
593965
593966
593967
593968
593969
593970
593971
593972
593973
593974
593975
593976
593977
593978
593979
593980
593981
593982
593983
593984
593985
593986
593987
593988
593989
593990
593991
593992
593993
593994
593995
593996
593997
593998
593999
594000
594001
594002
594003
594004
594005
594006
594007
594008
594009
594010
594011
594012
594013
594014
594015
594016
594017
594018
594019
594020
594021
594022
594023
594024
594025
594026
594027
594028
594029
594030
594031
594032
594033
594034
594035
594036
594037
594038
594039
594040
594041
594042
594043
594044
594045
594046
594047
594048
594049
594050
594051
594052
594053
594054
594055
594056
594057
594058
594059
594060
594061
594062
594063
594064
594065
594066
594067
594068
594069
594070
594071
594072
594073
594074
594075
594076
594077
594078
594079
594080
594081
594082
594083
594084
594085
594086
594087
594088
594089
594090
594091
594092
594093
594094
594095
594096
594097
594098
594099
594100
594101
594102
594103
594104
594105
594106
594107
594108
594109
594110
594111
594112
594113
594114
594115
594116
594117
594118
594119
594120
594121
594122
594123
594124
594125
594126
594127
594128
594129
594130
594131
594132
594133
594134
594135
594136
594137
594138
594139
594140
594141
594142
594143
594144
594145
594146
594147
594148
594149
594150
594151
594152
594153
594154
594155
594156
594157
594158
594159
594160
594161
594162
594163
594164
594165
594166
594167
594168
594169
594170
594171
594172
594173
594174
594175
594176
594177
594178
594179
594180
594181
594182
594183
594184
594185
594186
594187
594188
594189
594190
594191
594192
594193
594194
594195
594196
594197
594198
594199
594200
594201
594202
594203
594204
594205
594206
594207
594208
594209
594210
594211
594212
594213
594214
594215
594216
594217
594218
594219
594220
594221
594222
594223
594224
594225
594226
594227
594228
594229
594230
594231
594232
594233
594234
594235
594236
594237
594238
594239
594240
594241
594242
594243
594244
594245
594246
594247
594248
594249
594250
594251
594252
594253
594254
594255
594256
594257
594258
594259
594260
594261
594262
594263
594264
594265
594266
594267
594268
594269
594270
594271
594272
594273
594274
594275
594276
594277
594278
594279
594280
594281
594282
594283
594284
594285
594286
594287
594288
594289
594290
594291
594292
594293
594294
594295
594296
594297
594298
594299
594300
594301
594302
594303
594304
594305
594306
594307
594308
594309
594310
594311
594312
594313
594314
594315
594316
594317
594318
594319
594320
594321
594322
594323
594324
594325
594326
594327
594328
594329
594330
594331
594332
594333
594334
594335
594336
594337
594338
594339
594340
594341
594342
594343
594344
594345
594346
594347
594348
594349
594350
594351
594352
594353
594354
594355
594356
594357
594358
594359
594360
594361
594362
594363
594364
594365
594366
594367
594368
594369
594370
594371
594372
594373
594374
594375
594376
594377
594378
594379
594380
594381
594382
594383
594384
594385
594386
594387
594388
594389
594390
594391
594392
594393
594394
594395
594396
594397
594398
594399
594400
594401
594402
594403
594404
594405
594406
594407
594408
594409
594410
594411
594412
594413
594414
594415
594416
594417
594418
594419
594420
594421
594422
594423
594424
594425
594426
594427
594428
594429
594430
594431
594432
594433
594434
594435
594436
594437
594438
594439
594440
594441
594442
594443
594444
594445
594446
594447
594448
594449
594450
594451
594452
594453
594454
594455
594456
594457
594458
594459
594460
594461
594462
594463
594464
594465
594466
594467
594468
594469
594470
594471
594472
594473
594474
594475
594476
594477
594478
594479
594480
594481
594482
594483
594484
594485
594486
594487
594488
594489
594490
594491
594492
594493
594494
594495
594496
594497
594498
594499
594500
594501
594502
594503
594504
594505
594506
594507
594508
594509
594510
594511
594512
594513
594514
594515
594516
594517
594518
594519
594520
594521
594522
594523
594524
594525
594526
594527
594528
594529
594530
594531
594532
594533
594534
594535
594536
594537
594538
594539
594540
594541
594542
594543
594544
594545
594546
594547
594548
594549
594550
594551
594552
594553
594554
594555
594556
594557
594558
594559
594560
594561
594562
594563
594564
594565
594566
594567
594568
594569
594570
594571
594572
594573
594574
594575
594576
594577
594578
594579
594580
594581
594582
594583
594584
594585
594586
594587
594588
594589
594590
594591
594592
594593
594594
594595
594596
594597
594598
594599
594600
594601
594602
594603
594604
594605
594606
594607
594608
594609
594610
594611
594612
594613
594614
594615
594616
594617
594618
594619
594620
594621
594622
594623
594624
594625
594626
594627
594628
594629
594630
594631
594632
594633
594634
594635
594636
594637
594638
594639
594640
594641
594642
594643
594644
594645
594646
594647
594648
594649
594650
594651
594652
594653
594654
594655
594656
594657
594658
594659
594660
594661
594662
594663
594664
594665
594666
594667
594668
594669
594670
594671
594672
594673
594674
594675
594676
594677
594678
594679
594680
594681
594682
594683
594684
594685
594686
594687
594688
594689
594690
594691
594692
594693
594694
594695
594696
594697
594698
594699
594700
594701
594702
594703
594704
594705
594706
594707
594708
594709
594710
594711
594712
594713
594714
594715
594716
594717
594718
594719
594720
594721
594722
594723
594724
594725
594726
594727
594728
594729
594730
594731
594732
594733
594734
594735
594736
594737
594738
594739
594740
594741
594742
594743
594744
594745
594746
594747
594748
594749
594750
594751
594752
594753
594754
594755
594756
594757
594758
594759
594760
594761
594762
594763
594764
594765
594766
594767
594768
594769
594770
594771
594772
594773
594774
594775
594776
594777
594778
594779
594780
594781
594782
594783
594784
594785
594786
594787
594788
594789
594790
594791
594792
594793
594794
594795
594796
594797
594798
594799
594800
594801
594802
594803
594804
594805
594806
594807
594808
594809
594810
594811
594812
594813
594814
594815
594816
594817
594818
594819
594820
594821
594822
594823
594824
594825
594826
594827
594828
594829
594830
594831
594832
594833
594834
594835
594836
594837
594838
594839
594840
594841
594842
594843
594844
594845
594846
594847
594848
594849
594850
594851
594852
594853
594854
594855
594856
594857
594858
594859
594860
594861
594862
594863
594864
594865
594866
594867
594868
594869
594870
594871
594872
594873
594874
594875
594876
594877
594878
594879
594880
594881
594882
594883
594884
594885
594886
594887
594888
594889
594890
594891
594892
594893
594894
594895
594896
594897
594898
594899
594900
594901
594902
594903
594904
594905
594906
594907
594908
594909
594910
594911
594912
594913
594914
594915
594916
594917
594918
594919
594920
594921
594922
594923
594924
594925
594926
594927
594928
594929
594930
594931
594932
594933
594934
594935
594936
594937
594938
594939
594940
594941
594942
594943
594944
594945
594946
594947
594948
594949
594950
594951
594952
594953
594954
594955
594956
594957
594958
594959
594960
594961
594962
594963
594964
594965
594966
594967
594968
594969
594970
594971
594972
594973
594974
594975
594976
594977
594978
594979
594980
594981
594982
594983
594984
594985
594986
594987
594988
594989
594990
594991
594992
594993
594994
594995
594996
594997
594998
594999
595000
595001
595002
595003
595004
595005
595006
595007
595008
595009
595010
595011
595012
595013
595014
595015
595016
595017
595018
595019
595020
595021
595022
595023
595024
595025
595026
595027
595028
595029
595030
595031
595032
595033
595034
595035
595036
595037
595038
595039
595040
595041
595042
595043
595044
595045
595046
595047
595048
595049
595050
595051
595052
595053
595054
595055
595056
595057
595058
595059
595060
595061
595062
595063
595064
595065
595066
595067
595068
595069
595070
595071
595072
595073
595074
595075
595076
595077
595078
595079
595080
595081
595082
595083
595084
595085
595086
595087
595088
595089
595090
595091
595092
595093
595094
595095
595096
595097
595098
595099
595100
595101
595102
595103
595104
595105
595106
595107
595108
595109
595110
595111
595112
595113
595114
595115
595116
595117
595118
595119
595120
595121
595122
595123
595124
595125
595126
595127
595128
595129
595130
595131
595132
595133
595134
595135
595136
595137
595138
595139
595140
595141
595142
595143
595144
595145
595146
595147
595148
595149
595150
595151
595152
595153
595154
595155
595156
595157
595158
595159
595160
595161
595162
595163
595164
595165
595166
595167
595168
595169
595170
595171
595172
595173
595174
595175
595176
595177
595178
595179
595180
595181
595182
595183
595184
595185
595186
595187
595188
595189
595190
595191
595192
595193
595194
595195
595196
595197
595198
595199
595200
595201
595202
595203
595204
595205
595206
595207
595208
595209
595210
595211
595212
595213
595214
595215
595216
595217
595218
595219
595220
595221
595222
595223
595224
595225
595226
595227
595228
595229
595230
595231
595232
595233
595234
595235
595236
595237
595238
595239
595240
595241
595242
595243
595244
595245
595246
595247
595248
595249
595250
595251
595252
595253
595254
595255
595256
595257
595258
595259
595260
595261
595262
595263
595264
595265
595266
595267
595268
595269
595270
595271
595272
595273
595274
595275
595276
595277
595278
595279
595280
595281
595282
595283
595284
595285
595286
595287
595288
595289
595290
595291
595292
595293
595294
595295
595296
595297
595298
595299
595300
595301
595302
595303
595304
595305
595306
595307
595308
595309
595310
595311
595312
595313
595314
595315
595316
595317
595318
595319
595320
595321
595322
595323
595324
595325
595326
595327
595328
595329
595330
595331
595332
595333
595334
595335
595336
595337
595338
595339
595340
595341
595342
595343
595344
595345
595346
595347
595348
595349
595350
595351
595352
595353
595354
595355
595356
595357
595358
595359
595360
595361
595362
595363
595364
595365
595366
595367
595368
595369
595370
595371
595372
595373
595374
595375
595376
595377
595378
595379
595380
595381
595382
595383
595384
595385
595386
595387
595388
595389
595390
595391
595392
595393
595394
595395
595396
595397
595398
595399
595400
595401
595402
595403
595404
595405
595406
595407
595408
595409
595410
595411
595412
595413
595414
595415
595416
595417
595418
595419
595420
595421
595422
595423
595424
595425
595426
595427
595428
595429
595430
595431
595432
595433
595434
595435
595436
595437
595438
595439
595440
595441
595442
595443
595444
595445
595446
595447
595448
595449
595450
595451
595452
595453
595454
595455
595456
595457
595458
595459
595460
595461
595462
595463
595464
595465
595466
595467
595468
595469
595470
595471
595472
595473
595474
595475
595476
595477
595478
595479
595480
595481
595482
595483
595484
595485
595486
595487
595488
595489
595490
595491
595492
595493
595494
595495
595496
595497
595498
595499
595500
595501
595502
595503
595504
595505
595506
595507
595508
595509
595510
595511
595512
595513
595514
595515
595516
595517
595518
595519
595520
595521
595522
595523
595524
595525
595526
595527
595528
595529
595530
595531
595532
595533
595534
595535
595536
595537
595538
595539
595540
595541
595542
595543
595544
595545
595546
595547
595548
595549
595550
595551
595552
595553
595554
595555
595556
595557
595558
595559
595560
595561
595562
595563
595564
595565
595566
595567
595568
595569
595570
595571
595572
595573
595574
595575
595576
595577
595578
595579
595580
595581
595582
595583
595584
595585
595586
595587
595588
595589
595590
595591
595592
595593
595594
595595
595596
595597
595598
595599
595600
595601
595602
595603
595604
595605
595606
595607
595608
595609
595610
595611
595612
595613
595614
595615
595616
595617
595618
595619
595620
595621
595622
595623
595624
595625
595626
595627
595628
595629
595630
595631
595632
595633
595634
595635
595636
595637
595638
595639
595640
595641
595642
595643
595644
595645
595646
595647
595648
595649
595650
595651
595652
595653
595654
595655
595656
595657
595658
595659
595660
595661
595662
595663
595664
595665
595666
595667
595668
595669
595670
595671
595672
595673
595674
595675
595676
595677
595678
595679
595680
595681
595682
595683
595684
595685
595686
595687
595688
595689
595690
595691
595692
595693
595694
595695
595696
595697
595698
595699
595700
595701
595702
595703
595704
595705
595706
595707
595708
595709
595710
595711
595712
595713
595714
595715
595716
595717
595718
595719
595720
595721
595722
595723
595724
595725
595726
595727
595728
595729
595730
595731
595732
595733
595734
595735
595736
595737
595738
595739
595740
595741
595742
595743
595744
595745
595746
595747
595748
595749
595750
595751
595752
595753
595754
595755
595756
595757
595758
595759
595760
595761
595762
595763
595764
595765
595766
595767
595768
595769
595770
595771
595772
595773
595774
595775
595776
595777
595778
595779
595780
595781
595782
595783
595784
595785
595786
595787
595788
595789
595790
595791
595792
595793
595794
595795
595796
595797
595798
595799
595800
595801
595802
595803
595804
595805
595806
595807
595808
595809
595810
595811
595812
595813
595814
595815
595816
595817
595818
595819
595820
595821
595822
595823
595824
595825
595826
595827
595828
595829
595830
595831
595832
595833
595834
595835
595836
595837
595838
595839
595840
595841
595842
595843
595844
595845
595846
595847
595848
595849
595850
595851
595852
595853
595854
595855
595856
595857
595858
595859
595860
595861
595862
595863
595864
595865
595866
595867
595868
595869
595870
595871
595872
595873
595874
595875
595876
595877
595878
595879
595880
595881
595882
595883
595884
595885
595886
595887
595888
595889
595890
595891
595892
595893
595894
595895
595896
595897
595898
595899
595900
595901
595902
595903
595904
595905
595906
595907
595908
595909
595910
595911
595912
595913
595914
595915
595916
595917
595918
595919
595920
595921
595922
595923
595924
595925
595926
595927
595928
595929
595930
595931
595932
595933
595934
595935
595936
595937
595938
595939
595940
595941
595942
595943
595944
595945
595946
595947
595948
595949
595950
595951
595952
595953
595954
595955
595956
595957
595958
595959
595960
595961
595962
595963
595964
595965
595966
595967
595968
595969
595970
595971
595972
595973
595974
595975
595976
595977
595978
595979
595980
595981
595982
595983
595984
595985
595986
595987
595988
595989
595990
595991
595992
595993
595994
595995
595996
595997
595998
595999
596000
596001
596002
596003
596004
596005
596006
596007
596008
596009
596010
596011
596012
596013
596014
596015
596016
596017
596018
596019
596020
596021
596022
596023
596024
596025
596026
596027
596028
596029
596030
596031
596032
596033
596034
596035
596036
596037
596038
596039
596040
596041
596042
596043
596044
596045
596046
596047
596048
596049
596050
596051
596052
596053
596054
596055
596056
596057
596058
596059
596060
596061
596062
596063
596064
596065
596066
596067
596068
596069
596070
596071
596072
596073
596074
596075
596076
596077
596078
596079
596080
596081
596082
596083
596084
596085
596086
596087
596088
596089
596090
596091
596092
596093
596094
596095
596096
596097
596098
596099
596100
596101
596102
596103
596104
596105
596106
596107
596108
596109
596110
596111
596112
596113
596114
596115
596116
596117
596118
596119
596120
596121
596122
596123
596124
596125
596126
596127
596128
596129
596130
596131
596132
596133
596134
596135
596136
596137
596138
596139
596140
596141
596142
596143
596144
596145
596146
596147
596148
596149
596150
596151
596152
596153
596154
596155
596156
596157
596158
596159
596160
596161
596162
596163
596164
596165
596166
596167
596168
596169
596170
596171
596172
596173
596174
596175
596176
596177
596178
596179
596180
596181
596182
596183
596184
596185
596186
596187
596188
596189
596190
596191
596192
596193
596194
596195
596196
596197
596198
596199
596200
596201
596202
596203
596204
596205
596206
596207
596208
596209
596210
596211
596212
596213
596214
596215
596216
596217
596218
596219
596220
596221
596222
596223
596224
596225
596226
596227
596228
596229
596230
596231
596232
596233
596234
596235
596236
596237
596238
596239
596240
596241
596242
596243
596244
596245
596246
596247
596248
596249
596250
596251
596252
596253
596254
596255
596256
596257
596258
596259
596260
596261
596262
596263
596264
596265
596266
596267
596268
596269
596270
596271
596272
596273
596274
596275
596276
596277
596278
596279
596280
596281
596282
596283
596284
596285
596286
596287
596288
596289
596290
596291
596292
596293
596294
596295
596296
596297
596298
596299
596300
596301
596302
596303
596304
596305
596306
596307
596308
596309
596310
596311
596312
596313
596314
596315
596316
596317
596318
596319
596320
596321
596322
596323
596324
596325
596326
596327
596328
596329
596330
596331
596332
596333
596334
596335
596336
596337
596338
596339
596340
596341
596342
596343
596344
596345
596346
596347
596348
596349
596350
596351
596352
596353
596354
596355
596356
596357
596358
596359
596360
596361
596362
596363
596364
596365
596366
596367
596368
596369
596370
596371
596372
596373
596374
596375
596376
596377
596378
596379
596380
596381
596382
596383
596384
596385
596386
596387
596388
596389
596390
596391
596392
596393
596394
596395
596396
596397
596398
596399
596400
596401
596402
596403
596404
596405
596406
596407
596408
596409
596410
596411
596412
596413
596414
596415
596416
596417
596418
596419
596420
596421
596422
596423
596424
596425
596426
596427
596428
596429
596430
596431
596432
596433
596434
596435
596436
596437
596438
596439
596440
596441
596442
596443
596444
596445
596446
596447
596448
596449
596450
596451
596452
596453
596454
596455
596456
596457
596458
596459
596460
596461
596462
596463
596464
596465
596466
596467
596468
596469
596470
596471
596472
596473
596474
596475
596476
596477
596478
596479
596480
596481
596482
596483
596484
596485
596486
596487
596488
596489
596490
596491
596492
596493
596494
596495
596496
596497
596498
596499
596500
596501
596502
596503
596504
596505
596506
596507
596508
596509
596510
596511
596512
596513
596514
596515
596516
596517
596518
596519
596520
596521
596522
596523
596524
596525
596526
596527
596528
596529
596530
596531
596532
596533
596534
596535
596536
596537
596538
596539
596540
596541
596542
596543
596544
596545
596546
596547
596548
596549
596550
596551
596552
596553
596554
596555
596556
596557
596558
596559
596560
596561
596562
596563
596564
596565
596566
596567
596568
596569
596570
596571
596572
596573
596574
596575
596576
596577
596578
596579
596580
596581
596582
596583
596584
596585
596586
596587
596588
596589
596590
596591
596592
596593
596594
596595
596596
596597
596598
596599
596600
596601
596602
596603
596604
596605
596606
596607
596608
596609
596610
596611
596612
596613
596614
596615
596616
596617
596618
596619
596620
596621
596622
596623
596624
596625
596626
596627
596628
596629
596630
596631
596632
596633
596634
596635
596636
596637
596638
596639
596640
596641
596642
596643
596644
596645
596646
596647
596648
596649
596650
596651
596652
596653
596654
596655
596656
596657
596658
596659
596660
596661
596662
596663
596664
596665
596666
596667
596668
596669
596670
596671
596672
596673
596674
596675
596676
596677
596678
596679
596680
596681
596682
596683
596684
596685
596686
596687
596688
596689
596690
596691
596692
596693
596694
596695
596696
596697
596698
596699
596700
596701
596702
596703
596704
596705
596706
596707
596708
596709
596710
596711
596712
596713
596714
596715
596716
596717
596718
596719
596720
596721
596722
596723
596724
596725
596726
596727
596728
596729
596730
596731
596732
596733
596734
596735
596736
596737
596738
596739
596740
596741
596742
596743
596744
596745
596746
596747
596748
596749
596750
596751
596752
596753
596754
596755
596756
596757
596758
596759
596760
596761
596762
596763
596764
596765
596766
596767
596768
596770
596771
596772
596773
596776
596777
596778
596779
596781
596783
596784
596785
596786
596787
