645033
645034
645035
645036
645037
645038
645039
645040
645041
645042
645043
645044
645045
645046
645047
645048
645049
645050
645051
645052
645053
645054
645055
645056
645057
645058
645059
645060
645061
645062
645063
645064
645065
645066
645067
645068
645069
645070
645071
645072
645073
645074
645075
645076
645077
645078
645079
645080
645081
645082
645083
645084
645085
645086
645087
645088
645089
645090
645091
645092
645093
645094
645095
645096
645097
645098
645099
645100
645101
645102
645103
645104
645105
645106
645107
645108
645109
645110
645111
645112
645113
645114
645115
645116
645117
645118
645119
645120
645121
645122
645123
645124
645125
645126
645127
645128
645129
645130
645131
645132
645133
645134
645135
645136
645137
645138
645139
645140
645141
645142
645143
645144
645145
645146
645147
645148
645149
645150
645151
645152
645153
645154
645155
645156
645157
645158
645159
645160
645161
645162
645163
645164
645165
645166
645167
645168
645169
645170
645171
645172
645173
645174
645175
645176
645177
645178
645179
645180
645181
645182
645183
645184
645185
645186
645187
645188
645189
645190
645191
645192
645193
645194
645195
645196
645197
645198
645199
645200
645201
645202
645203
645204
645205
645206
645207
645208
645209
645210
645211
645212
645213
645214
645215
645216
645217
645218
645219
645220
645221
645222
645223
645224
645225
645226
645227
645228
645229
645230
645231
645232
645233
645234
645235
645236
645237
645238
645239
645240
645241
645242
645243
645244
645245
645246
645247
645248
645249
645250
645251
645252
645253
645254
645255
645256
645257
645258
645259
645260
645261
645262
645263
645264
645265
645266
645267
645268
645269
645270
645271
645272
645273
645274
645275
645276
645277
645278
645279
645280
645281
645282
645283
645284
645285
645286
645287
645288
645289
645290
645291
645292
645293
645294
645295
645296
645297
645298
645299
645300
645301
645302
645303
645304
645305
645306
645307
645308
645309
645310
645311
645312
645313
645314
645315
645316
645317
645318
645319
645320
645321
645322
645323
645324
645325
645326
645327
645328
645329
645330
645331
645332
645333
645334
645335
645336
645337
645338
645339
645340
645341
645342
645343
645344
645345
645346
645347
645348
645349
645350
645351
645352
645353
645354
645355
645356
645357
645358
645359
645360
645361
645362
645363
645364
645365
645366
645367
645368
645369
645370
645371
645372
645373
645374
645375
645376
645377
645378
645379
645380
645381
645382
645383
645384
645385
645386
645387
645388
645389
645390
645391
645392
645393
645394
645395
645396
645397
645398
645399
645400
645401
645402
645403
645404
645405
645406
645407
645408
645409
645410
645411
645412
645413
645414
645415
645416
645417
645418
645419
645420
645421
645422
645423
645424
645425
645426
645427
645428
645429
645430
645431
645432
645433
645434
645435
645436
645437
