542367
542368
542369
542370
542371
542372
542373
542374
542375
542376
542377
542378
542379
542380
542381
542382
542383
542384
542385
542386
542387
542388
542389
542390
542391
542392
542393
542394
542395
542396
542397
542398
542399
542400
542401
542402
542403
542404
542405
542406
542407
542408
542409
542410
542411
542412
542413
542414
542415
542416
542417
542418
542419
542420
542421
542422
542423
542424
542425
542426
542427
542428
542429
542430
542431
542432
542433
542434
542435
542436
542437
542438
542439
542440
542441
542442
542443
542444
542445
542446
542447
542448
542449
542450
542451
542452
542453
542454
542455
542456
542457
542458
542459
542460
542461
542462
542463
542464
542465
542466
542467
542468
542469
542470
542471
542472
542473
542474
542475
542476
542477
542478
542479
542480
542481
542482
542483
542484
542485
542486
542487
542488
542489
542490
542491
542492
542493
542494
542495
542496
542497
542498
542499
542500
542501
542502
542503
542504
542505
542506
542507
542508
542509
542510
542511
542512
542513
542514
542515
542516
542517
542518
542519
542520
542521
542522
542523
542524
542525
542526
542527
542528
542529
542530
542531
542532
542533
542534
542535
542536
542537
542538
542539
542540
542541
542542
542543
542544
542545
542546
542547
542548
542549
542550
542551
542552
542553
542554
542555
542556
542557
542558
542559
542560
542561
542562
542563
542564
542565
542566
542567
542568
542569
542570
542571
542572
542573
542574
542575
542576
542577
542578
542579
542580
542581
542582
542583
542584
542585
542586
542587
542588
542589
542590
542591
542592
542593
542594
542595
542596
542597
542598
542599
542600
542601
542602
542603
542604
542605
542606
542607
542608
542609
542610
542611
542612
542613
542614
542615
542616
542617
542618
542619
542620
542621
542622
542623
542624
542625
542626
542627
542628
542629
542630
542631
542632
542633
542634
542635
542636
542637
542638
542639
542640
542641
542642
542643
542644
542645
542646
542647
542648
542649
542650
542651
542652
542653
542654
542655
542656
542657
542658
542659
542660
542661
542662
542663
542664
542665
542666
542667
542668
542669
542670
542671
542672
542673
542674
542675
542676
542677
542678
542679
542680
542681
542682
542683
542684
542685
542686
542687
542688
542689
542690
542691
542692
542693
542694
542695
542696
542697
542698
542699
542700
542701
542702
542703
542704
542705
542706
542707
542708
542709
542710
542711
542712
542713
542714
542715
542716
542717
542718
542719
542720
542721
542722
542723
542724
542725
542726
542727
542728
542729
542730
542731
542732
542733
542734
542735
542736
542737
542738
542739
542740
542741
542742
542743
542744
542745
542746
542747
542748
542749
542750
542751
542752
542753
542754
542755
542756
542757
542758
542759
542760
542761
542762
542763
542764
542765
542766
542767
542768
542769
542770
542771
542772
542773
542774
542775
542776
542777
542778
542779
542780
542781
542782
542783
542784
542785
542786
542787
542788
542789
542790
542791
542792
542793
542794
542795
542796
542797
542798
542799
542800
542801
542802
542803
542804
542805
542806
542807
542808
542809
542810
542811
542812
542813
542814
542815
542816
542817
542818
542819
542820
542821
542822
542823
542824
542825
542826
542827
542828
542829
542830
542831
542832
542833
542834
542835
542836
542837
542838
542839
542840
542841
542842
542843
542844
542845
542846
542847
542848
542849
542850
542851
542852
542853
542854
542855
542856
542857
542858
542859
542860
542861
542862
542863
542864
542865
542866
542867
542868
542869
542870
542871
542872
542873
542874
542875
542876
542877
542878
542879
542880
542881
542882
542883
542884
542885
542886
542887
542888
542889
542890
542891
542892
542893
542894
542895
542896
542897
542898
542899
542900
542901
542902
542903
542904
542905
542906
542907
542908
542909
542910
542911
542912
542913
542914
542915
542916
542917
542918
542919
542920
542921
542922
542923
542924
542925
542926
542927
542928
542929
542930
542931
542932
542933
542934
542935
542936
542937
542938
542939
542940
542941
542942
542943
542944
542945
542946
542947
542948
542949
542950
542951
542952
542953
542954
542955
542956
542957
542958
542959
542960
542961
542962
542963
542964
542965
542966
542967
542968
542969
542970
542971
542972
542973
542974
542975
542976
542977
542978
542979
542980
542981
542982
542983
542984
542985
542986
542987
542988
542989
542990
542991
542992
542993
542994
542995
542996
542997
542998
542999
543000
543001
543002
543003
543004
543005
543006
543007
543008
543009
543010
543011
543012
543013
543014
543015
543016
543017
543018
543019
543020
543021
543022
543023
543024
543025
543026
543027
543028
543029
543030
543031
543032
543033
543034
543035
543036
543037
543038
543039
543040
543041
543042
543043
543044
543045
543046
543047
543048
543049
543050
543051
543052
543053
543054
543055
543056
543057
543058
543059
543060
543061
543062
543063
543064
543065
543066
543067
543068
543069
543070
543071
543072
543073
543074
543075
543076
543077
543078
543079
543080
543081
543082
543083
543084
543085
543086
543087
543088
543089
543090
543091
543092
543093
543094
543095
543096
543097
543098
543099
543100
543101
543102
543103
543104
543105
543106
543107
543108
543109
543110
543111
543112
543113
543114
543115
543116
543117
543118
543119
543120
543121
543122
543123
543124
543125
543126
543127
543128
543129
543130
543131
543132
543133
543134
543135
543136
543137
543138
543139
543140
543141
543142
543143
543144
543145
543146
543147
543148
543149
543150
543151
543152
543153
543154
543155
543156
543157
543158
543159
543160
543161
543162
543163
543164
543165
543166
543167
543168
543169
543170
543171
543172
543173
543174
543175
543176
543177
543178
543179
543180
543181
543182
543183
543184
543185
543186
543187
543188
543189
543190
543191
543192
543193
543194
543195
543196
543197
543198
543199
543200
543201
543202
543203
543204
543205
543206
543207
543208
543209
543210
543211
543212
543213
543214
543215
543216
543217
543218
543219
543220
543221
543222
543223
543224
543225
543226
543227
543228
543229
543230
543231
543232
543233
543234
543235
543236
543237
543238
543239
543240
543241
543242
543243
543244
543245
543246
543247
543248
543249
543250
543251
543252
543253
543254
543255
543256
543257
543258
543259
543260
543261
543262
543263
543264
543265
543266
543267
543268
543269
543270
543271
543272
543273
543274
543275
543276
543277
543278
543279
543280
543281
543282
543283
543284
543285
543286
543287
543288
543289
543290
543291
543292
543293
543294
543295
543296
543297
543298
543299
543300
543301
543302
543303
543304
543305
543306
543307
543308
543309
543310
543311
543312
543313
543314
543315
543316
543317
543318
543319
543320
543321
543322
543323
543324
543325
543326
543327
543328
543329
543330
543331
543332
543333
543334
543335
543336
543337
543338
543339
543340
543341
543342
543343
543344
543345
543346
543347
543348
543349
543350
543351
543352
543353
543354
543355
543356
543357
543358
543359
543360
543361
543362
543363
543364
543365
543366
543367
543368
543369
543370
543371
543372
543373
543374
543375
543376
543377
543378
543379
543380
543381
543382
543383
543384
543385
543386
543387
543388
543389
543390
543391
543392
543393
543394
543395
543396
543397
543398
543399
543400
543401
543402
543403
543404
543405
543406
543407
543408
543409
543410
543411
543412
543413
543414
543415
543416
543417
543418
543419
543420
543421
543422
543423
543424
543425
543426
543427
543428
543429
543430
543431
543432
543433
543434
543435
543436
543437
543438
543439
543440
543441
543442
543443
543444
543445
543446
543447
543448
543449
543450
543451
543452
543453
543454
543455
543456
543457
543458
543459
543460
543461
543462
543463
543464
543465
543466
543467
543468
543469
543470
543471
543472
543473
543474
543475
543476
543477
543478
543479
543480
543481
543482
543483
543484
543485
543486
543487
543488
543489
543490
543491
543492
543493
543494
543495
543496
543497
543498
543499
543500
543501
543502
543503
543504
543505
543506
543507
543508
543509
543510
543511
543512
543513
543514
543515
543516
543517
543518
543519
543520
543521
543522
543523
543524
543525
543526
543527
543528
543529
543530
543531
543532
543533
543534
543535
543536
543537
543538
543539
543540
543541
543542
543543
543544
543545
543546
543547
543548
543549
543550
543551
543552
543553
543554
543555
543556
543557
543558
543559
543560
543561
543562
543563
543564
543565
543566
543567
543568
543569
543570
543571
543572
543573
543574
543575
543576
543577
543578
543579
543580
543581
543582
543583
543584
543585
543586
543587
543588
543589
543590
543591
543592
543593
543594
543595
543596
543597
543598
543599
543600
543601
543602
543603
543604
543605
543606
543607
543608
543609
543610
543611
543612
543613
543614
543615
543616
543617
543618
543619
543620
543621
543622
543623
543624
543625
543626
543627
543628
543629
543630
543631
543632
543633
543634
543635
543636
543637
543638
543639
543640
543641
543642
543643
543644
543645
543646
543647
543648
543649
543650
543651
543652
543653
543654
543655
543656
543657
543658
543659
543660
543661
543662
543663
543664
543665
543666
543667
543668
543669
543670
543671
543672
543673
543674
543675
543676
543677
543678
543679
543680
543681
543682
543683
543684
543685
543686
543687
543688
543689
543690
543691
543692
543693
543694
543695
543696
543697
543698
543699
543700
543701
543702
543703
543704
543705
543706
543707
543708
543709
543710
543711
543712
543713
543714
543715
543716
543717
543718
543719
543720
543721
543722
543723
543724
543725
543726
543727
543728
543729
543730
543731
543732
543733
543734
543735
543736
543737
543738
543739
543740
543741
543742
543743
543744
543745
543746
543747
543748
543749
543750
543751
543752
543753
543754
543755
543756
543757
543758
543759
543760
543761
543762
543763
543764
543765
543766
543767
543768
543769
543770
543771
543772
543773
543774
543775
543776
543777
543778
543779
543780
543781
543782
543783
543784
543785
543786
543787
543788
543789
543790
543791
543792
543793
543794
543795
543796
543797
543798
543799
543800
543801
543802
543803
543804
543805
543806
543807
543808
543809
543810
543811
543812
543813
543814
543815
543816
543817
543818
543819
543820
543821
543822
543823
543824
543825
543826
543827
543828
543829
543830
543831
543832
543833
543834
543835
543836
543837
543838
543839
543840
543841
543842
543843
543844
543845
543846
543847
543848
543849
543850
543851
543852
543853
543854
543855
543856
543857
543858
543859
543860
543861
543862
543863
543864
543865
543866
543867
543868
543869
543870
543871
543872
543873
543874
543875
543876
543877
543878
543879
543880
543881
543882
543883
543884
543885
543886
543887
543888
543889
543890
543891
543892
543893
543894
543895
543896
543897
543898
543899
543900
543901
543902
543903
543904
543905
543906
543907
543908
543909
543910
543911
543912
543913
543914
543915
543916
543917
543918
543919
543920
543921
543922
543923
543924
543925
543926
543927
543928
543929
543930
543931
543932
543933
543934
543935
543936
543937
543938
543939
543940
543941
543942
543943
543944
543945
543946
543947
543948
543949
543950
543951
543952
543953
543954
543955
543956
543957
543958
543959
543960
543961
543962
543963
543964
543965
543966
543967
543968
543969
543970
543971
543972
543973
543974
543975
543976
543977
543978
543979
543980
543981
543982
543983
543984
543985
543986
543987
543988
543989
543990
543991
543992
543993
543994
543995
543996
543997
543998
543999
544000
544001
544002
544003
544004
544005
544006
544007
544008
544009
544010
544011
544012
544013
544014
544015
544016
544017
544018
544019
544020
544021
544022
544023
544024
544025
544026
544027
544028
544029
544030
544031
544032
544033
544034
544035
544036
544037
544038
544039
544040
544041
544042
544043
544044
544045
544046
544047
544048
544049
544050
544051
544052
544053
544054
544055
544056
544057
544058
544059
544060
544061
544062
544063
544064
544065
544066
544067
544068
544069
544070
544071
544072
544073
544074
544075
544076
544077
544078
544079
544080
544081
544082
544083
544084
544085
544086
544087
544088
544089
544090
544091
544092
544093
544094
544095
544096
544097
544098
544099
544100
544101
544102
544103
544104
544105
544106
544107
544108
544109
544110
544111
544112
544113
544114
544115
544116
544117
544118
544119
544120
544121
544122
544123
544124
544125
544126
544127
544128
544129
544130
544131
544132
544133
544134
544135
544136
544137
544138
544139
544140
544141
544142
544143
544144
544145
544146
544147
544148
544149
544150
544151
544152
544153
544154
544155
544156
544157
544158
544159
544160
544161
544162
544163
544164
544165
544166
544167
544168
544169
544170
544171
544172
544173
544174
544175
544176
544177
544178
544179
544180
544181
544182
544183
544184
544185
544186
544187
544188
544189
544190
544191
544192
544193
544194
544195
544196
544197
544198
544199
544200
544201
544202
544203
544204
544205
544206
544207
544208
544209
544210
544211
544212
544213
544214
544215
544216
544217
544218
544219
544220
544221
544222
544223
544224
544225
544226
544227
544228
544229
544230
544231
544232
544233
544234
544235
544236
544237
544238
544239
544240
544241
544242
544243
544244
544245
544246
544247
544248
544249
544250
544251
544252
544253
544254
544255
544256
544257
544258
544259
544260
544261
544262
544263
544264
544265
544266
544267
544268
544269
544270
544271
544272
544273
544274
544275
544276
544277
544278
544279
544280
544281
544282
544283
544284
544285
544286
544287
544288
544289
544290
544291
544292
544293
544294
544295
544296
544297
544298
544299
544300
544301
544302
544303
544304
544305
544306
544307
544308
544309
544310
544311
544312
544313
544314
544315
544316
544317
544318
544319
544320
544321
544322
544323
544324
544325
544326
544327
544328
544329
544330
544331
544332
544333
544334
544335
544336
544337
544338
544339
544340
544341
544342
544343
544344
544345
544346
544347
544348
544349
544350
544351
544352
544353
544354
544355
544356
544357
544358
544359
544360
544361
544362
544363
544364
544365
544366
544367
544368
544369
544370
544371
544372
544373
544374
544375
544376
544377
544378
544379
544380
544381
544382
544383
544384
544385
544386
544387
544388
544389
544390
544391
544392
544393
544394
544395
544396
544397
544398
544399
544400
544401
544402
544403
544404
544405
544406
544407
544408
544409
544410
544411
544412
544413
544414
544415
544416
544417
544418
544419
544420
544421
544422
544423
544424
544425
544426
544427
544428
544429
544430
544431
544432
544433
544434
544435
544436
544437
544438
544439
544440
544441
544442
544443
544444
544445
544446
544447
544448
544449
544450
544451
544452
544453
544454
544455
544456
544457
544458
544459
544460
544461
544462
544463
544464
544465
544466
544467
544468
544469
544470
544471
544472
544473
544474
544475
544476
544477
544478
544479
544480
544481
544482
544483
544484
544485
544486
544487
544488
544489
544490
544491
544492
544493
544494
544495
544496
544497
544498
544499
544500
544501
544502
544503
544504
544505
544506
544507
544508
544509
544510
544511
544512
544513
544514
544515
544516
544517
544518
544519
544520
544521
544522
544523
544524
544525
544526
544527
544528
544529
544530
544531
544532
544533
544534
544535
544536
544537
544538
544539
544540
544541
544542
544543
544544
544545
544546
544547
544548
544549
544550
544551
544552
544553
544554
544555
544556
544557
544558
544559
544560
544561
544562
544563
544564
544565
544566
544567
544568
544569
544570
544571
544572
544573
544574
544575
544576
544577
544578
544579
544580
544581
544582
544583
544584
544585
544586
544587
544588
544589
544590
544591
544592
544593
544594
544595
544596
544597
544598
544599
544600
544601
544602
544603
544604
544605
544606
544607
544608
544609
544610
544611
544612
544613
544614
544615
544616
544617
544618
544619
544620
544621
544622
544623
544624
544625
544626
544627
544628
544629
544630
544631
544632
544633
544634
544635
544636
544637
544638
544639
544640
544641
544642
544643
544644
544645
544646
544647
544648
544649
544650
544651
544652
544653
544654
544655
544656
544657
544658
544659
544660
544661
544662
544663
544664
544665
544666
544667
544668
544669
544670
544671
544672
544673
544674
544675
544676
544677
544678
544679
544680
544681
544682
544683
544684
544685
544686
544687
544688
544689
544690
544691
544692
544693
544694
544695
544696
544697
544698
544699
544700
544701
544702
544703
544704
544705
544706
544707
544708
544709
544710
544711
544712
544713
544714
544715
544716
544717
544718
544719
544720
544721
544722
544723
544724
544725
544726
544727
544728
544729
544730
544731
544732
544733
544734
544735
544736
544737
544738
544739
544740
544741
544742
544743
544744
544745
544746
544747
544748
544749
544750
544751
544752
544753
544754
544755
544756
544757
544758
544759
544760
544761
544762
544763
544764
544765
544766
544767
544768
544769
544770
544771
544772
544773
544774
544775
544776
544777
544778
544779
544780
544781
544782
544783
544784
544785
544786
544787
544788
544789
544790
544791
544792
544793
544794
544795
544796
544797
544798
544799
544800
544801
544802
544803
544804
544805
544806
544807
544808
544809
544810
544811
544812
544813
544814
544815
544816
544817
544818
544819
544820
544821
544822
544823
544824
544825
544826
544827
544828
544829
544830
544831
544832
544833
544834
544835
544836
544837
544838
544839
544840
544841
544842
544843
544844
544845
544846
544847
544848
544849
544850
544851
544852
544853
544854
544855
544856
544857
544858
544859
544860
544861
544862
544863
544864
544865
544866
544867
544868
544869
544870
544871
544872
544873
544874
544875
544876
544877
544878
544879
544880
544881
544882
544883
544884
544885
544886
544887
544888
544889
544890
544891
544892
544893
544894
544895
544896
544897
544898
544899
544900
544901
544902
544903
544904
544905
544906
544907
544908
544909
544910
544911
544912
544913
544914
544915
544916
544917
544918
544919
544920
544921
544922
544923
544924
544925
544926
544927
544928
544929
544930
544931
544932
544933
544934
544935
544936
544937
544938
544939
544940
544941
544942
544943
544944
544945
544946
544947
544948
544949
544950
544951
544952
544953
544954
544955
544956
544957
544958
544959
544960
544961
544962
544963
544964
544965
544966
544967
544968
544969
544970
544971
544972
544973
544974
544975
544976
544977
544978
544979
544980
544981
544982
544983
544984
544985
544986
544987
544988
544989
544990
544991
544992
544993
544994
544995
544996
544997
544998
544999
545000
545001
545002
545003
545004
545005
545006
545007
545008
545009
545010
545011
545012
545013
545014
545015
545016
545017
545018
545019
545020
545021
545022
545023
545024
545025
545026
545027
545028
545029
545030
545031
545032
545033
545034
545035
545036
545037
545038
545039
545040
545041
545042
545043
545044
545045
545046
545047
545048
545049
545050
545051
545052
545053
545054
545055
545056
545057
545058
545059
545060
545061
545062
545063
545064
545065
545066
545067
545068
545069
545070
545071
545072
545073
545074
545075
545076
545077
545078
545079
545080
545081
545082
545083
545084
545085
545086
545087
545088
545089
545090
545091
545092
545093
545094
545095
545096
545097
545098
545099
545100
545101
545102
545103
545104
545105
545106
545107
545108
545109
545110
545111
545112
545113
545114
545115
545116
545117
545118
545119
545120
545121
545122
545123
545124
545125
545126
545127
545128
545129
545130
545131
545132
545133
545134
545135
545136
545137
545138
545139
545140
545141
545142
545143
545144
545145
545146
545147
545148
545149
545150
545151
545152
545153
545154
545155
545156
545157
545158
545159
545160
545161
545162
545163
545164
545165
545166
545167
545168
545169
545170
545171
545172
545173
545174
545175
545176
545177
545178
545179
545180
545181
545182
545183
545184
545185
545186
545187
545188
545189
545190
545191
545192
545193
545194
545195
545196
545197
545198
545199
545200
545201
545202
545203
545204
545205
545206
545207
545208
545209
545210
545211
545212
545213
545214
545215
545216
545217
545218
545219
545220
545221
545222
545223
545224
545225
545226
545227
545228
545229
545230
545231
545232
545233
545234
545235
545236
545237
545238
545239
545240
545241
545242
545243
545244
545245
545246
545247
545248
545249
545250
545251
545252
545253
545254
545255
545256
545257
545258
545259
545260
545261
545262
545263
545264
545265
545266
545267
545268
545269
545270
545271
545272
545273
545274
545275
545276
545277
545278
545279
545280
545281
545282
545283
545284
545285
545286
545287
545288
545289
545290
545291
545292
545293
545294
545295
545296
545297
545298
545299
545300
545301
545302
545303
545304
545305
545306
545307
545308
545309
545310
545311
545312
545313
545314
545315
545316
545317
545318
545319
545320
545321
545322
545323
545324
545325
545326
545327
545328
545329
545330
545331
545332
545333
545334
545335
545336
545337
545338
545339
545340
545341
545342
545343
545344
545345
545346
545347
545348
545349
545350
545351
545352
545353
545354
545355
545356
545357
545358
545359
545360
545361
545362
545363
545364
545365
545366
545367
545368
545369
545370
545371
545372
545373
545374
545375
545376
545377
545378
545379
545380
545381
545382
545383
545384
545385
545386
545387
545388
545389
545390
545391
545392
545393
545394
545395
545396
545397
545398
545399
545400
545401
545402
545403
545404
545405
545406
545407
545408
545409
545410
545411
545412
545413
545414
545415
545416
545417
545418
545419
545420
545421
545422
545423
545424
545425
545426
545427
545428
545429
545430
545431
545432
545433
545434
545435
545436
545437
545438
545439
545440
545441
545442
545443
545444
545445
545446
545447
545448
545449
545450
545451
545452
545453
545454
545455
545456
545457
545458
545459
545460
545461
545462
545463
545464
545465
545466
545467
545468
545469
545470
545471
545472
545473
545474
545475
545476
545477
545478
545479
545480
545481
545482
545483
545484
545485
545486
545487
545488
545489
545490
545491
545492
545493
545494
545495
545496
545497
545498
545499
545500
545501
545502
545503
545504
545505
545506
545507
545508
545509
545510
545511
545512
545513
545514
545515
545516
545517
545518
545519
545520
545521
545522
545523
545524
545525
545526
545527
545528
545529
545530
545531
545532
545533
545534
545535
545536
545537
545538
545539
545540
545541
545542
545543
545544
545545
545546
545547
545548
545549
545550
545551
545552
545553
545554
545555
545556
545557
545558
545559
545560
545561
545562
545563
545564
545565
545566
545567
545568
545569
545570
545571
545572
545573
545574
545575
545576
545577
545578
545579
545580
545581
