783806
783807
783808
783809
783810
783811
783812
783813
783814
783815
783816
783817
783818
783819
783820
783821
783822
783823
783824
783825
783826
783827
783828
783829
783830
783831
783832
783833
783834
783835
783836
783837
783838
783839
783840
783841
783842
783843
783844
783845
783846
783847
783848
783849
783850
783851
783852
783853
783854
783855
783856
783857
783858
783859
783860
783861
783862
783863
783864
783865
783866
783867
783868
783869
783870
783871
783872
783873
783874
783875
783876
783877
783878
783879
783880
783881
783882
783883
783884
783885
783886
783887
783888
783889
783890
783891
783892
783893
783894
783895
783896
783897
783898
783899
783900
783901
783902
783903
783904
783905
783906
783907
783908
783909
783910
783911
783912
783913
783914
783915
783916
783917
783918
783919
783920
783921
783922
783923
783924
783925
783926
783927
783928
783929
783930
783931
783932
783933
783934
783935
783936
783937
783938
783939
783940
783941
783942
783943
783944
783945
783946
783947
783948
783949
783950
783951
783952
783953
783954
783955
783956
783957
783958
783959
783960
783961
783962
783963
783964
783965
783966
783967
783968
783969
783970
783971
783972
783973
783974
783975
783976
783977
783978
783979
783980
783981
783982
783983
783984
783985
783986
783987
783988
783989
783990
783991
783992
783993
783994
783995
783996
783997
783998
783999
784000
784001
784002
784003
784004
784005
784006
784007
784008
784009
784010
784011
784012
784013
784014
784015
784016
784017
784018
784019
784020
784021
784022
784023
784024
784025
784026
784027
784028
784029
784030
784031
784032
784033
784034
784035
784036
784037
784038
784039
784040
784041
784042
784043
784044
784045
784046
784047
784048
784049
784050
784051
784052
784053
784054
784055
784056
784057
784058
784059
784060
784061
784062
784063
784064
784065
784066
784067
784068
784069
784070
784071
784072
784073
784074
784075
784076
784077
784078
784079
784080
784081
784082
784083
784084
784085
784086
784087
784088
784089
784090
784091
784092
784093
784094
784095
784096
784097
784098
784099
784100
784101
784102
784103
784104
784105
784106
784107
784108
784109
784110
784111
784112
784113
784114
784115
784116
784117
784118
784119
784120
784121
784122
784123
784124
784125
784126
784127
784128
784129
784130
784131
784132
784133
784134
784135
784136
784137
784138
784139
784140
784141
784142
784143
784144
784145
784146
784147
784148
784149
784150
784151
784152
784153
784154
784155
784156
784157
784158
784159
784160
784161
784162
784163
784164
784165
784166
784167
784168
784169
784170
784171
784172
784173
784174
784175
784176
784177
784178
784179
784180
784181
784182
784183
784184
784185
784186
784187
784188
784189
784190
784191
784192
784193
784194
784195
784196
784197
784198
784199
784200
784201
784202
784203
784204
784205
784206
784207
784208
784209
784210
784211
784212
784213
784214
784215
784216
784217
784218
784219
784220
784221
784222
784223
784224
784225
784226
784227
784228
784229
784230
784231
784232
784233
784234
784235
784236
784237
784238
784239
784240
784241
784242
784243
784244
784245
784246
784247
784248
784249
784250
784251
784252
784253
784254
784255
784256
784257
784258
784259
784260
784261
784262
784263
784264
784265
784266
784267
784268
784269
784270
784271
784272
784273
784274
784275
784276
784277
784278
784279
784280
784281
784282
784283
784284
784285
784286
784287
784288
784289
784290
784291
784292
784293
784294
784295
784296
784297
784298
784299
784300
784301
784302
784303
784304
784305
784306
784307
784308
784309
784310
784311
784312
784313
784314
784315
784316
784317
784318
784319
784320
784321
784322
784323
784324
784325
784326
784327
784328
784329
784330
784331
784332
784333
784334
784335
784336
784337
784338
784339
784340
784341
784342
784343
784344
784345
784346
784347
784348
784349
784350
784351
784352
784353
784354
784355
784356
784357
784358
784359
784360
784361
784362
784363
784364
784365
784366
784367
784368
784369
784370
784371
784372
784373
784374
784375
784376
784377
784378
784379
784380
784381
784382
784383
784384
784385
784386
784387
784388
784389
784390
784391
784392
784393
784394
784395
784396
784397
784398
784399
784400
784401
784402
784403
784404
784405
784406
784407
784408
784409
784410
784411
784412
784413
784414
784415
784416
784417
784418
784419
784420
784421
784422
784423
784424
784425
784426
784427
784428
784429
784430
784431
784432
784433
784434
784435
784436
784437
784438
784439
784440
784441
784442
784443
784444
784445
784446
784447
784448
784449
784450
784451
784452
784453
784454
784455
784456
784457
784458
784459
784460
784461
784462
784463
784464
784465
784466
784467
784468
784469
784470
784471
784472
784473
784474
784475
784476
784477
784478
784479
784480
784481
784482
784483
784484
784485
784486
784487
784488
784489
784490
784491
784492
784493
784494
784495
784496
784497
784498
784499
784500
784501
784502
784503
784504
784505
784506
784507
784508
784509
784510
784511
784512
784513
784514
784515
784516
784517
784518
784519
784520
784521
784522
784523
784524
784525
784526
784527
784528
784529
784530
784531
784532
784533
784534
784535
784536
784537
784538
784539
784540
784541
784542
784543
784544
784545
784546
784547
784548
784549
784550
784551
784552
784553
784554
784555
784556
784557
784558
784559
784560
784561
784562
784563
784564
784565
784566
784567
784568
784569
784570
784571
784572
784573
784574
784575
784576
784577
784578
784579
784580
784581
784582
784583
784584
784585
784586
784587
784588
784589
784590
784591
784592
784593
784594
784595
784596
784597
784598
784599
784600
784601
784602
784603
784604
784605
784606
784607
784608
784609
784610
784611
784612
784613
784614
784615
784616
784617
784618
784619
784620
784621
784622
784623
784624
784625
784626
784627
784628
784629
784630
784631
784632
784633
784634
784635
784636
784637
784638
784639
784640
784641
784642
784643
784644
784645
784646
784647
784648
784649
784650
784651
784652
784653
784654
784655
784656
784657
784658
784659
784660
784661
784662
784663
784664
784665
784666
784667
784668
784669
784670
784671
784672
784673
784674
784675
784676
784677
784678
784679
784680
784681
784682
784683
784684
784685
784686
784687
784688
784689
784690
784691
784692
784693
784694
784695
784696
784697
784698
784699
784700
784701
784702
784703
784704
784705
784706
784707
784708
784709
784710
784711
784712
784713
784714
784715
784716
784717
784718
784719
784720
784721
784722
784723
784724
784725
784726
784727
784728
784729
784730
784731
784732
784733
784734
784735
784736
784737
784738
784739
784740
784741
784742
784743
784744
784745
784746
784747
784748
784749
784750
784751
784752
784753
784754
784755
784756
784757
784758
784759
784760
784761
784762
784763
784764
784765
784766
784767
784768
784769
784770
784771
784772
784773
784774
784775
784776
784777
784778
784779
784780
784781
784782
784783
784784
784785
784786
784787
784788
784789
784790
784791
784792
784793
784794
784795
784796
784797
784798
784799
784800
784801
784802
784803
784804
784805
784806
784807
784808
784809
784810
784811
784812
784813
784814
784815
784816
784817
784818
784819
784820
784821
784822
784823
784824
784825
784826
784827
784828
784829
784830
784831
784832
784833
784834
784835
784836
784837
784838
784839
784840
784841
784842
784843
784844
784845
784846
784847
784848
784849
784850
784851
784852
784853
784854
784855
784856
784857
784858
784859
784860
784861
784862
784863
784864
784865
784866
784867
784868
784869
784870
784871
784872
784873
784874
784875
784876
784877
784878
784879
784880
784881
784882
784883
784884
784885
784886
784887
784888
784889
784890
784891
784892
784893
784894
784895
784896
784897
784898
784899
784900
784901
784902
784903
784904
784905
784906
784907
784908
784909
784910
784911
784912
784913
784914
784915
784916
784917
784918
784919
784920
784921
784922
784923
784924
784925
784926
784927
784928
784929
784930
784931
784932
784933
784934
784935
784936
784937
784938
784939
784940
784941
784942
784943
784944
784945
784946
784947
784948
784949
784950
784951
784952
784953
784954
784955
784956
784957
784958
784959
784960
784961
784962
784963
784964
784965
784966
784967
784968
784969
784970
784971
784972
784973
784974
784975
784976
784977
784978
784979
784980
784981
784982
784983
784984
784985
784986
784987
784988
784989
784990
784991
784992
784993
784994
784995
784996
784997
784998
784999
785000
785001
785002
785003
785004
785005
785006
785007
785008
785009
785010
785011
785012
785013
785014
785015
785016
785017
785018
785019
785020
785021
785022
785023
785024
785025
785026
785027
785028
785029
785030
785031
785032
785033
785034
785035
785036
785037
785038
785039
785040
785041
785042
785043
785044
785045
785046
785047
785048
785049
785050
785051
785052
785053
785054
785055
785056
785057
785058
785059
785060
785061
785062
785063
785064
785065
785066
785067
785068
785069
785070
785071
785072
785073
785074
785075
785076
785077
785078
785079
785080
785081
785082
785083
785084
785085
785086
785087
785088
785089
785090
785091
785092
785093
785094
785095
785096
785097
785098
785099
785100
785101
785102
785103
785104
785105
785106
785107
785108
785109
785110
785111
785112
785113
785114
785115
785116
785117
785118
785119
785120
785121
785122
785123
785124
785125
785126
785127
785128
785129
785130
785131
785132
785133
785134
785135
785136
785137
785138
785139
785140
785141
785142
785143
785144
785145
785146
785147
785148
785149
785150
785151
785152
785153
785154
785155
785156
785157
785158
785159
785160
785161
785162
785163
785164
785165
785166
785167
785168
785169
785170
785171
785172
785173
785174
785175
785176
785177
785178
785179
785180
785181
785182
785183
785184
785185
785186
785187
785188
785189
785190
785191
785192
785193
785194
785195
785196
785197
785198
785199
785200
785201
785202
785203
785204
785205
785206
785207
785208
785209
785210
785211
785212
785213
785214
785215
785216
785217
785218
785219
785220
785221
785222
785223
785224
785225
785226
785227
785228
785229
785230
785231
785232
785233
785234
785235
785236
785237
785238
785239
785240
785241
785242
785243
785244
785245
785246
785247
785248
785249
785250
785251
785252
785253
785254
785255
785256
785257
785258
785259
785260
785261
785262
785263
785264
785265
785266
785267
785268
785269
785270
785271
785272
785273
785274
785275
785276
785277
785278
785279
785280
785281
785282
785283
785284
785285
785286
785287
785288
785289
785290
785291
785292
785293
785294
785295
785296
785297
785298
785299
785300
785301
785302
785303
785304
785305
785306
785307
785308
785309
785310
785311
785312
785313
785314
785315
785316
785317
785318
785319
785320
785321
785322
785323
785324
785325
785326
785327
785328
785329
785330
785331
785332
785333
785334
785335
785336
785337
785338
785339
785340
785341
785342
785343
785344
785345
785346
785347
785348
785349
785350
785351
785352
785353
785354
785355
785356
785357
785358
785359
785360
785361
785362
785363
785364
785365
785366
785367
785368
785369
785370
785371
785372
785373
785374
785375
785376
785377
785378
785379
785380
785381
785382
785383
785384
785385
785386
785387
785388
785389
785390
785391
785392
785393
785394
785395
785396
785397
785398
785399
785400
785401
785402
785403
785404
785405
785406
785407
785408
785409
785410
785411
785412
785413
785414
785415
785416
785417
785418
785419
785420
785421
785422
785423
785424
785425
785426
785427
785428
785429
785430
785431
785432
785433
785434
785435
785436
785437
785438
785439
785440
785441
785442
785443
785444
785445
785446
785447
785448
785449
785450
785451
785452
785453
785454
785455
785456
785457
785458
785459
785460
785461
785462
785463
785464
785465
785466
785467
785468
785469
785470
785471
785472
785473
785474
785475
785476
785477
785478
785479
785480
785481
785482
785483
785484
785485
785486
785487
785488
785489
785490
785491
785492
785493
785494
785495
785496
785497
785498
785499
785500
785501
785502
785503
785504
785505
785506
785507
785508
785509
785510
785511
785512
785513
785514
785515
785516
785517
785518
785519
785520
785521
785522
785523
785524
785525
785526
785527
785528
785529
785530
785531
785532
785533
785534
785535
785536
785537
785538
785539
785540
785541
785542
785543
785544
785545
785546
785547
785548
785549
785550
785551
785552
785553
785554
785555
785556
785557
785558
785559
785560
785561
785562
785563
785564
785565
785566
785567
785568
785569
785570
785571
785572
785573
785574
785575
785576
785577
785578
785579
785580
785581
785582
785583
785584
785585
785586
785587
785588
785589
785590
785591
785592
785593
785594
785595
785596
785597
785598
785599
785600
785601
785602
785603
785604
785605
785606
785607
785608
785609
785610
785611
785612
785613
785614
785615
785616
785617
785618
785619
785620
785621
785622
785623
785624
785625
785626
785627
785628
785629
785630
785631
785632
785633
785634
785635
785636
785637
785638
785639
785640
785641
785642
785643
785644
785645
785646
785647
785648
785649
785650
785651
785652
785653
785654
785655
785656
785657
785658
785659
785660
785661
785662
785663
785664
785665
785666
785667
785668
785669
785670
785671
785672
785673
785674
785675
785676
785677
785678
785679
785680
785681
785682
785683
785684
785685
785686
785687
785688
785689
785690
785691
785692
785693
785694
785695
785696
785697
785698
785699
785700
785701
785702
785703
785704
785705
785706
785707
785708
785709
785710
785711
785712
785713
785714
785715
785716
785717
785718
785719
785720
785721
785722
785723
785724
785725
785726
785727
785728
785729
785730
785731
785732
785733
785734
785735
785736
785737
785738
785739
785740
785741
785742
785743
785744
785745
785746
785747
785748
785749
785750
785751
785752
785753
785754
785755
785756
785757
785758
785759
785760
785761
785762
785763
785764
785765
785766
785767
785768
785769
785770
785771
785772
785773
785774
785775
785776
785777
785778
785779
785780
785781
785782
785783
785784
785785
785786
785787
785788
785789
785790
785791
785792
785793
785794
785795
785796
785797
785798
785799
785800
785801
785802
785803
785804
785805
785806
785807
785808
785809
785810
785811
785812
785813
785814
785815
785816
785817
785818
785819
785820
785821
785822
785823
785824
785825
785826
785827
785828
785829
785830
785831
785832
785833
785834
785835
785836
785837
785838
785839
785840
785841
785842
785843
785844
785845
785846
785847
785848
785849
785850
785851
785852
785853
785854
785855
785856
785857
785858
785859
785860
785861
785862
785863
785864
785865
785866
785867
785868
785869
785870
785871
785872
785873
785874
785875
785876
785877
785878
785879
785880
785881
785882
785883
785884
785885
785886
785887
785888
785889
785890
785891
785892
785893
785894
785895
785896
785897
785898
785899
785900
785901
785902
785903
785904
785905
785906
785907
785908
785909
785910
785911
785912
785913
785914
785915
785916
785917
785918
785919
785920
785921
785922
785923
785924
785925
785926
785927
785928
785929
785930
785931
785932
785933
785934
785935
785936
785937
785938
785939
785940
785941
785942
785943
785944
785945
785946
785947
785948
785949
785950
785951
785952
785953
785954
785955
785956
785957
785958
785959
785960
785961
785962
785963
785964
785965
785966
785967
785968
785969
785970
785971
785972
785973
785974
785975
785976
785977
785978
785979
785980
785981
785982
785983
785984
785985
785986
785987
785988
785989
785990
785991
785992
785993
785994
785995
785996
785997
785998
785999
786000
786001
786002
786003
786004
786005
786006
786007
786008
786009
786010
786011
786012
786013
786014
786015
786016
786017
786018
786019
786020
786021
786022
786023
786024
786025
786026
786027
786028
786029
786030
786031
786032
786033
786034
786035
786036
786037
786038
786039
786040
786041
786042
786043
786044
786045
786046
786047
786048
786049
786050
786051
786052
786053
786054
786055
786056
786057
786058
786059
786060
786061
786062
786063
786064
786065
786066
786067
786068
786069
786070
786071
786072
786073
786074
786075
786076
786077
786078
786079
786080
786081
786082
786083
786084
786085
786086
786087
786088
786089
786090
786091
786092
786093
786094
786095
786096
786097
786098
786099
786100
786101
786102
786103
786104
786105
786106
786107
786108
786109
786110
786111
786112
786113
786114
786115
786116
786117
786118
786119
786120
786121
786122
786123
786124
786125
786126
786127
786128
786129
786130
786131
786132
786133
786134
786135
786136
786137
786138
786139
786140
786141
786142
786143
786144
786145
786146
786147
786148
786149
786150
786151
786152
786153
786154
786155
786156
786157
786158
786159
786160
786161
786162
786163
786164
786165
786166
786167
786168
786169
786170
786171
786172
786173
786174
786175
786176
786177
786178
786179
786180
786181
786182
786183
786184
786185
786186
786187
786188
786189
786190
786191
786192
786193
786194
786195
786196
786197
786198
786199
786200
786201
786202
786203
786204
786205
786206
786207
786208
786209
786210
786211
786212
786213
786214
786215
786216
786217
786218
786219
786220
786221
786222
786223
786224
786225
786226
786227
786228
786229
786230
786231
786232
786233
786234
786235
786236
786237
786238
786239
786240
786241
786242
786243
786244
786245
786246
786247
786248
786249
786250
786251
786252
786253
786254
786255
786256
786257
786258
786259
786260
786261
786262
786263
786264
786265
786266
786267
786268
786269
786270
786271
786272
786273
786274
786275
786276
786277
786278
786279
786280
786281
786282
786283
786284
786285
786286
786287
786288
786289
786290
786291
786292
786293
786294
786295
786296
786297
786298
786299
786300
786301
786302
786303
786304
786305
786306
786307
786308
786309
786310
786311
786312
786313
786314
786315
786316
786317
786318
786319
786320
786321
786322
786323
786324
786325
786326
786327
786328
786329
786330
786331
786332
786333
786334
786335
786336
786337
786338
786339
786340
786341
786342
786343
786344
786345
786346
786347
786348
786349
786350
786351
786352
786353
786354
786355
786356
786357
786358
786359
786360
786361
786362
786363
786364
786365
786366
786367
786368
786369
786370
786371
786372
786373
786374
786375
786376
786377
786378
786379
786380
786381
786382
786383
786384
786385
786386
786387
786388
786389
786390
786391
786392
786393
786394
786395
786396
786397
786398
786399
786400
786401
786402
786403
786404
786405
786406
786407
786408
786409
786410
786411
786412
786413
786414
786415
786416
786417
786418
786419
786420
786421
786422
786423
786424
786425
786426
786427
786428
786429
786430
786431
786432
786433
786434
786435
786436
786437
786438
786439
786440
786441
786442
786443
786444
786445
786446
786447
786448
786449
786450
786451
786452
786453
786454
786455
786456
786457
786458
786459
786460
786461
786462
786463
786464
786465
786466
786467
786468
786469
786470
786471
786472
786473
786474
786475
786476
786477
786478
786479
786480
786481
786482
786483
786484
786485
786486
786487
786488
786489
786490
786491
786492
786493
786494
786495
786496
786497
786498
786499
786500
786501
786502
786503
786504
786505
786506
786507
786508
786509
786510
786511
786512
786513
786514
786515
786516
786517
786518
786519
786520
786521
786522
786523
786524
786525
786526
786527
786528
786529
786530
786531
786532
786533
786534
786535
786536
786537
786538
786539
786540
786541
786542
786543
786544
786545
786546
786547
786548
786549
786550
786551
786552
786553
786554
786555
786556
786557
786558
786559
786560
786561
786562
786563
786564
786565
786566
786567
786568
786569
786570
786571
786572
786573
786574
786575
786576
786577
786578
786579
786580
786581
786582
786583
786584
786585
786586
786587
786588
786589
786590
786591
786592
786593
786594
786595
786596
786597
786598
786599
786600
786601
786602
786603
786604
786605
786606
786607
786608
786609
786610
786611
786612
786613
786614
786615
786616
786617
786618
786619
786620
786621
786622
786623
786624
786625
786626
786627
786628
786629
786630
786631
786632
786633
786634
786635
786636
786637
786638
786639
786640
786641
786642
786643
786644
786645
786646
786647
786648
786649
786650
786651
786652
786653
786654
786655
786656
786657
786658
786659
786660
786661
786662
786663
786664
786665
786666
786667
786668
786669
786670
786671
786672
786673
786674
786675
786676
786677
786678
786679
786680
786681
786682
786683
786684
786685
786686
786687
786688
786689
786690
786691
786692
786693
786694
786695
786696
786697
786698
786699
786700
786701
786702
786703
786704
786705
786706
786707
786708
786709
786710
786711
786712
786713
786714
786715
786716
786717
786718
786719
786720
786721
786722
786723
786724
786725
786726
786727
786728
786729
786730
786731
786732
786733
786734
786735
786736
786737
786738
786739
786740
786741
786742
786743
786744
786745
786746
786747
786748
786749
786750
786751
786752
786753
786754
786755
786756
786757
786758
786759
786760
786761
786762
786763
786764
786765
786766
786767
786768
786769
786770
786771
786772
786773
786774
786775
786776
786777
786778
786779
786780
786781
786782
786783
786784
786785
786786
786787
786788
786789
786790
786791
786792
786793
786794
786795
786796
786797
786798
786799
786800
786801
786802
786803
786804
786805
786806
786807
786808
786809
786810
786811
786812
786813
786814
786815
786816
786817
786818
786819
786820
786821
786822
786823
786824
786825
786826
786827
786828
786829
786830
786831
786832
786833
786834
786835
786836
786837
786838
786839
786840
786841
786842
786843
786844
786845
786846
786847
786848
786849
786850
786851
786852
786853
786854
786855
786856
786857
786858
786859
786860
786861
786862
786863
786864
786865
786867
786868
786869
786870
786871
786872
786873
786874
786875
786876
786877
786878
786879
786880
786881
786882
786883
786884
786885
786886
786890
786891
786892
786893
