555127
555128
555129
555130
555131
555132
555133
555134
555135
555136
555137
555138
555139
555140
555141
555142
555143
555144
555145
555146
555147
555148
555149
555150
555151
555152
555153
555154
555155
555156
555157
555158
555159
555160
555161
555162
555163
555164
555165
555166
555167
555168
555169
555170
555171
555172
555173
555174
555175
555176
555177
555178
555179
555180
555181
555182
555183
555184
555185
555186
555187
555188
555189
555190
555191
555192
555193
555194
555195
555196
555197
555198
555199
555200
555201
555202
555203
555204
555205
555206
555207
555208
555209
555210
555211
555212
555213
555214
555215
555216
555217
555218
555219
555220
555221
555222
555223
555224
555225
555226
555227
555228
555229
555230
555231
555232
555233
555234
555235
555236
555237
555238
555239
555240
555241
555242
555243
555244
555245
555246
555247
555248
555249
555250
555251
555252
555253
555254
555255
555256
555257
555258
555259
555260
555261
555262
555263
555264
555265
555266
555267
555268
555269
555270
555271
555272
555273
555274
555275
555276
555277
555278
555279
555280
555281
555282
555283
555284
555285
555286
555287
555288
555289
555290
555291
555292
555293
555294
555295
555296
555297
555298
555299
555300
555301
555302
555303
555304
555305
555306
555307
555308
555309
555310
555311
555312
555313
555314
555315
555316
555317
555318
555319
555320
555321
555322
555323
555324
555325
555326
555327
555328
555329
555330
555331
555332
555333
555334
555335
555336
555337
555338
555339
555340
555341
555342
555343
555344
555345
555346
555347
555348
555349
555350
555351
555352
555353
555354
555355
555356
555357
555358
555359
555360
555361
555362
555363
555364
555365
555366
555367
555368
555369
555370
555371
555372
555373
555374
555375
555376
555377
555378
555379
555380
555381
555382
555383
555384
555385
555386
555387
555388
555389
555390
555391
555392
555393
555394
555395
555396
555397
555398
555399
555400
555401
555402
555403
555404
555405
555406
555407
555408
555409
555410
555411
555412
555413
555414
555415
555416
555417
555418
555419
555420
555421
555422
555423
555424
555425
555426
555427
555428
555429
555430
555431
555432
555433
555434
555435
555436
555437
555438
555439
555440
555441
555442
555443
555444
555445
555446
555447
555448
555449
555450
555451
555452
555453
555454
555455
555456
555457
555458
555459
555460
555461
555462
555463
555464
555465
555466
555467
555468
555469
555470
555471
555472
555473
555474
555475
555476
555477
555478
555479
555480
555481
555482
555483
555484
555485
555486
555487
555488
555489
555490
555491
555492
555493
555494
555495
555496
555497
555498
555499
555500
555501
555502
555503
555504
555505
555506
555507
555508
555509
555510
555511
555512
555513
555514
555515
555516
555517
555518
555519
555520
555521
555522
555523
555524
555525
555526
555527
555528
555529
555530
555531
555532
555533
555534
555535
555536
555537
555538
555539
555540
555541
555542
555543
555544
555545
555546
555547
555548
555549
555550
555551
555552
555553
555554
555555
555556
555557
555558
555559
555560
555561
555562
555563
555564
555565
555566
555567
555568
555569
555570
555571
555572
555573
555574
555575
555576
555577
555578
555579
555580
555581
555582
555583
555584
555585
555586
555587
555588
555589
555590
555591
555592
555593
555594
555595
555596
555597
555598
555599
555600
555601
555602
555603
555604
555605
555606
555607
555608
555609
555610
555611
555612
555613
555614
555615
555616
555617
555618
555619
555620
555621
555622
555623
555624
555625
555626
555627
555628
555629
555630
555631
555632
555633
555634
555635
555636
555637
555638
555639
555640
555641
555642
555643
555644
555645
555646
555647
555648
555649
555650
555651
555652
555653
555654
555655
555656
555657
555658
555659
555660
555661
555662
555663
555664
555665
555666
555667
555668
555669
555670
555671
555672
555673
555674
555675
555676
555677
555678
555679
555680
555681
555682
555683
555684
555685
555686
555687
555688
555689
555690
555691
555692
555693
555694
555695
555696
555697
555698
555699
555700
555701
555702
555703
555704
555705
555706
555707
555708
555709
555710
555711
555712
555713
555714
555715
555716
555717
555718
555719
555720
555721
555722
555723
555724
555725
555726
555727
555728
555729
555730
555731
555732
555733
555734
555735
555736
555737
555738
555739
555740
555741
555742
555743
555744
555745
555746
555747
555748
555749
555750
555751
555752
555753
555754
555755
555756
555757
555758
555759
555760
555761
555762
555763
555764
555765
555766
555767
555768
555769
555770
555771
555772
555773
555774
555775
555776
555777
555778
555779
555780
555781
555782
555783
555784
555785
555786
555787
555788
555789
555790
555791
555792
555793
555794
555795
555796
555797
555798
555799
555800
555801
555802
555803
555804
555805
555806
555807
555808
555809
555810
555811
555812
555813
555814
555815
555816
555817
555818
555819
555820
555821
555822
555823
555824
555825
555826
555827
555828
555829
555830
555831
555832
555833
555834
555835
555836
555837
555838
555839
555840
555841
555842
555843
555844
555845
555846
555847
555848
555849
555850
555851
555852
555853
555854
555855
555856
555857
555858
555859
555860
555861
555862
555863
555864
555865
555866
555867
555868
555869
555870
555871
555872
555873
555874
555875
555876
555877
555878
555879
555880
555881
555882
555883
555884
555885
555886
555887
555888
555889
555890
555891
555892
555893
555894
555895
555896
555897
555898
555899
555900
555901
555902
555903
555904
555905
555906
555907
555908
555909
555910
555911
555912
555913
555914
555915
555916
555917
555918
555919
555920
555921
555922
555923
555924
555925
555926
555927
555928
555929
555930
555931
555932
555933
555934
555935
555936
555937
555938
555939
555940
555941
555942
555943
555944
555945
555946
555947
555948
555949
555950
555951
555952
555953
555954
555955
555956
555957
555958
555959
555960
555961
555962
555963
555964
555965
555966
555967
555968
555969
555970
555971
555972
555973
555974
555975
555976
555977
555978
555979
555980
555981
555982
555983
555984
555985
555986
555987
555988
555989
555990
555991
555992
555993
555994
555995
555996
555997
555998
555999
556000
556001
556002
556003
556004
556005
556006
556007
556008
556009
556010
556011
556012
556013
556014
556015
556016
556017
556018
556019
556020
556021
556022
556023
556024
556025
556026
556027
556028
556029
556030
556031
556032
556033
556034
556035
556036
556037
556038
556039
556040
556041
556042
556043
556044
556045
556046
556047
556048
556049
556050
556051
556052
556053
556054
556055
556056
556057
556058
556059
556060
556061
556062
556063
556064
556065
556066
556067
556068
556069
556070
556071
556072
556073
556074
556075
556076
556077
556078
556079
556080
556081
556082
556083
556084
556085
556086
556087
556088
556089
556090
556091
556092
556093
556094
556095
556096
556097
556098
556099
556100
556101
556102
556103
556104
556105
556106
556107
556108
556109
556110
556111
556112
556113
556114
556115
556116
556117
556118
556119
556120
556121
556122
556123
556124
556125
556126
556127
556128
556129
556130
556131
556132
556133
556134
556135
556136
556137
556138
556139
556140
556141
556142
556143
556144
556145
556146
556147
556148
556149
556150
556151
556152
556153
556154
556155
556156
556157
556158
556159
556160
556161
556162
556163
556164
556165
556166
556167
556168
556169
556170
556171
556172
556173
556174
556175
556176
556177
556178
556179
556180
556181
556182
556183
556184
556185
556186
556187
556188
556189
556190
556191
556192
556193
556194
556195
556196
556197
556198
556199
556200
556201
556202
556203
556204
556205
556206
556207
556208
556209
556210
556211
556212
556213
556214
556215
556216
556217
556218
556219
556220
556221
556222
556223
556224
556225
556226
556227
556228
556229
556230
556231
556232
556233
556234
556235
556236
556237
556238
556239
556240
556241
556242
556243
556244
556245
556246
556247
556248
556249
556250
556251
556252
556253
556254
556255
556256
556257
556258
556259
556260
556261
556262
556263
556264
556265
556266
556267
556268
556269
556270
556271
556272
556273
556274
556275
556276
556277
556278
556279
556280
556281
556282
556283
556284
556285
556286
556287
556288
556289
556290
556291
556292
556293
556294
556295
556296
556297
556298
556299
556300
556301
556302
556303
556304
556305
556306
556307
556308
556309
556310
556311
556312
556313
556314
556315
556316
556317
556318
556319
556320
556321
556322
556323
556324
556325
556326
556327
556328
556329
556330
556331
556332
556333
556334
556335
556336
556337
556338
556339
556340
556341
556342
556343
556344
556345
556346
556347
556348
556349
556350
556351
556352
556353
556354
556355
556356
556357
556358
556359
556360
556361
556362
556363
556364
556365
556366
556367
556368
556369
556370
556371
556372
556373
556374
556375
556376
556377
556378
556379
556380
556381
556382
556383
556384
556385
556386
556387
556388
556389
556390
556391
556392
556393
556394
556395
556396
556397
556398
556399
556400
556401
556402
556403
556404
556405
556406
556407
556408
556409
556410
556411
556412
556413
556414
556415
556416
556417
556418
556419
556420
556421
556422
556423
556424
556425
556426
556427
556428
556429
556430
556431
556432
556433
556434
556435
556436
556437
556438
556439
556440
556441
556442
556443
556444
556445
556446
556447
556448
556449
556450
556451
556452
556453
556454
556455
556456
556457
556458
556459
556460
556461
556462
556463
556464
556465
556466
556467
556468
556469
556470
556471
556472
556473
556474
556475
556476
556477
556478
556479
556480
556481
556482
556483
556484
556485
556486
556487
556488
556489
556490
556491
556492
556493
556494
556495
556496
556497
556498
556499
556500
556501
556502
556503
556504
556505
556506
556507
556508
556509
556510
556511
556512
556513
556514
556515
556516
556517
556519
556520
556521
556522
556523
556524
556525
556526
556527
556528
556529
556530
556531
556532
556533
556534
556535
556536
556537
556538
556539
556540
556541
556542
556543
556544
556545
556546
556547
556548
556549
556550
556551
556552
556553
556554
556555
556556
556557
556558
556559
556560
556561
556562
556563
556564
556565
556566
556567
556568
556569
556570
556571
556572
556573
556574
556575
556576
556577
556578
556579
556580
556581
556582
556583
556584
556585
556586
556587
556588
556589
556590
556591
556592
556593
556594
556595
556596
556597
556598
556599
556600
556601
556602
556603
556604
556605
556606
556607
556608
556609
556610
556611
556612
556613
556614
556615
556616
556617
556618
556619
556620
556621
556622
556623
556624
556625
556626
556627
556628
556629
556630
556631
556632
556633
556634
556635
556636
556637
556638
556639
556640
556641
556642
556643
556644
556645
556646
556647
556648
556649
556650
556651
556652
556653
556654
556655
556656
556657
556658
556659
556660
556661
556662
556663
556664
556665
556666
556667
556668
556669
556670
556671
556672
556673
556674
556675
556676
556677
556678
556679
556680
556681
556682
556683
556684
556685
556686
556687
556688
556689
556690
556691
556692
556693
556694
556695
556696
556697
556698
556699
556700
556701
556702
556703
556704
556705
556706
556707
556708
556709
556710
556711
556712
556713
556714
556715
556716
556717
556718
556719
556720
556721
556722
556723
556724
556725
556726
556727
556728
556729
556730
556731
556732
556733
556734
556735
556736
556737
556738
556739
556740
556741
556742
556743
556744
556745
556746
556747
556748
556749
556750
556751
556752
556753
556754
556755
556756
556757
556758
556759
556760
556761
556762
556763
556764
556765
556766
556767
556768
556769
556770
556771
556772
556773
556774
556775
556776
556777
556778
556779
556780
556781
556782
556783
556784
556785
556786
556787
556788
556789
556790
556791
556792
556793
556794
556795
556796
556797
556798
556799
556800
556801
556802
556803
556804
556805
556806
556807
556808
556809
556810
556811
556812
556813
556814
556815
556816
556817
556818
556819
556820
556821
556822
556823
556824
556825
556826
556827
556828
556829
556830
556831
556832
556833
556834
556835
556836
556837
556838
556839
556840
556841
556842
556843
556844
556845
556846
556847
556848
556849
556850
556851
556852
556853
556854
556855
556856
556857
556858
556859
556860
556861
556862
556863
556864
556865
556866
556867
556868
556869
556870
556871
556872
556873
556874
556875
556876
556877
556878
556879
556880
556881
556882
556883
556884
556885
556886
556887
556888
556889
556890
556891
556892
556893
556894
556895
556896
556897
556898
556899
556900
556901
556902
556903
556904
556905
556906
556907
556908
556909
556910
556911
556912
556913
556914
556915
556916
556917
556918
556919
556920
556921
556922
556923
556924
556925
556926
556927
556928
556929
556930
556931
556932
556933
556934
556935
556936
556937
556938
556939
556940
556941
556942
556943
556944
556945
556946
556947
556948
556949
556950
556951
556952
556953
556954
556955
556956
556957
556958
556959
556960
556961
556962
556963
556964
556965
556966
556967
556968
556969
556970
556971
556972
556973
556974
556975
556976
556977
556978
556979
556980
556981
556982
556983
556984
556985
556986
556987
556988
556989
556990
556991
556992
556993
556994
556995
556996
556997
556998
556999
557000
557001
557002
557003
557004
557005
557006
557007
557008
557009
557010
557011
557012
557013
557014
557015
557016
557017
557018
557019
557020
557021
557022
557023
557024
557025
557026
557027
557028
557029
557030
557031
557032
557033
557034
557035
557036
557037
557038
557039
557040
557041
557042
557043
557044
557045
557046
557047
557048
557049
557050
557051
557052
557053
557054
557055
557056
557057
557058
557059
557060
557061
557062
557063
557064
557065
557066
557067
557068
557069
557070
557071
557072
557073
557074
557075
557076
557077
557078
557079
557080
557081
557082
557083
557084
557085
557086
557087
557088
557089
557090
557091
557092
557093
557094
557095
557096
557097
557098
557099
557100
557101
557102
557103
557104
557105
557106
557107
557108
557109
557110
557111
557112
557113
557114
557115
557116
557117
557118
557119
557120
557121
557122
557123
557124
557125
557126
557127
557128
557129
557130
557131
557132
557133
557134
557135
557136
557137
557138
557139
557140
557141
557142
557143
557144
557145
557146
557147
557148
557149
557150
557151
557152
557153
557154
557155
557156
557157
557158
557159
557160
557161
557162
557163
557164
557165
557166
557167
557168
557169
557170
557171
557172
557173
557174
557175
557176
557177
557178
557179
557180
557181
557182
557183
557184
557185
557187
557188
557189
557190
557191
557192
557193
557194
557195
557196
557197
557198
557199
557200
557201
557202
557203
557204
557205
557206
557207
557208
557209
557210
557211
557212
557213
557214
557215
557216
557217
557218
557219
557220
557221
557222
557223
557224
557225
557226
557227
557228
557229
557230
557231
557232
557233
557234
557235
557236
557237
557238
557239
557240
557241
557242
557243
557244
557245
557246
557247
557248
557249
557250
557251
557252
557253
557254
557255
557256
557257
557258
557259
557260
557261
557262
557263
557264
557265
557266
557267
557268
557269
557270
557271
557272
557273
557274
557275
557276
557277
557278
557279
557280
557281
557282
557283
557284
557285
557286
557287
557288
557289
557290
557291
557292
557293
557294
557295
557296
557297
557298
557299
557300
557301
557302
557303
557304
557305
557306
557307
557308
557309
557310
557311
557312
557313
557314
557315
557316
557317
557318
557319
557320
557321
557322
557323
557324
557325
557326
557327
557328
557329
557330
557331
557332
557333
557334
557335
557336
557337
557338
557339
557340
557341
557342
557343
557344
557345
557346
557347
557348
557349
557350
557351
557352
557353
557354
557355
557356
557357
557358
557359
557360
557361
557362
557363
557364
557365
557366
557367
557368
557369
557370
557371
557372
557373
557374
557375
557376
557377
557378
557379
557380
557381
557382
557383
557384
557385
557386
557387
557388
557389
557390
557391
557392
557393
557394
557395
557396
557397
557398
557399
557400
557401
557402
557403
557404
557405
557406
557407
557408
557409
557410
557411
557412
557413
557414
557415
557416
557417
557418
557419
557420
557421
557422
557423
557424
557425
557426
557427
557428
557429
557430
557431
557432
557433
557434
557435
557436
557437
557438
557439
557440
557441
557442
557443
557444
557445
557446
557447
557448
557449
557450
557451
557452
557453
557454
557455
557456
557457
557458
557459
557460
557461
557462
557463
557464
557465
557466
557467
557468
557469
557470
557471
557472
557473
557474
557475
557476
557477
557478
557479
557480
557481
557482
557483
557484
557485
557486
557487
557488
557489
557490
557491
557492
557493
557494
557495
557496
557497
557498
557499
557500
557501
557502
557503
557504
557505
557506
557507
557508
557509
557510
557511
557512
557513
557514
557515
557516
557517
557518
557519
557520
557521
557522
557523
557524
557525
557526
557527
557528
557529
557530
557531
557532
557533
557534
557535
557536
557537
557538
557539
557540
557541
557542
557543
557544
557545
557546
557547
557548
557549
557550
557551
557552
557553
557554
557555
557556
557557
557558
557559
557560
557561
557562
557563
557564
557565
557566
557567
557568
557569
557570
557571
557572
557573
557574
557575
557576
557577
557578
557579
557580
557581
557582
557583
557584
557585
557586
557587
557588
557589
557590
557591
557592
557593
557594
557595
557596
557597
557598
557599
557600
557601
557602
557603
557604
557605
557606
557607
557608
557609
557610
557611
557612
557613
557614
557615
557616
557617
557618
557619
557620
557621
557622
557623
557624
557625
557626
557627
557628
557629
557630
557631
557632
557633
557634
557635
557636
557637
557638
557639
557640
557641
557642
557643
557644
557645
557646
557647
557648
557649
557650
557651
557652
557653
557654
557655
557656
557657
557658
557659
557660
557661
557662
557663
557664
557665
557666
557667
557668
557669
557670
557671
557672
557673
557674
557675
557676
557677
557678
557679
557680
557681
557682
557683
557684
557685
557686
557687
557688
557689
557690
557691
557692
557693
557694
557695
557696
557697
557698
557699
557700
557701
557702
557703
557704
557705
557706
557707
557708
557709
557710
557711
557712
557713
557714
557715
557716
557717
557718
557719
557720
557721
557722
557723
557724
557725
557726
557727
557728
557729
557730
557731
557732
557733
557734
557735
557736
557737
557738
557739
557740
557741
557742
557743
557744
557745
557746
557747
557748
557749
557750
557751
557752
557753
557754
557755
557756
557757
557758
557759
557760
557761
557762
557763
557764
557765
557766
557767
557768
557769
557770
557771
557772
557773
557774
557775
557776
557777
557778
557779
557780
557781
557782
557783
557784
557785
557786
557787
557788
557789
557790
557791
557792
557793
557794
557795
557796
557797
557798
557799
557800
557801
557802
557803
557804
557805
557806
557807
557808
557809
557810
557811
557812
557813
557814
557815
557816
557817
557818
557819
557820
557821
557822
557823
557824
557825
557826
557827
557828
557829
557830
557831
557832
557833
557834
557835
557836
557837
557838
557839
557840
557841
557842
557843
557844
557845
557846
557847
557848
557849
557850
557851
557852
557853
557854
557855
557856
557857
557858
557859
557860
557861
557862
557863
557864
557865
557866
557867
557868
557869
557870
557871
557872
557873
557874
557875
557876
557877
557878
557879
557880
557881
557882
557883
557884
557885
557886
557887
557888
557889
557890
557891
557892
557893
557894
557896
557897
557898
557899
557900
557901
557902
557903
557904
557905
557906
557907
557908
557909
557910
557911
557912
557913
557914
557915
557916
557917
