455151
455152
455153
455154
455155
455156
455157
455158
455159
455160
455161
455162
455163
455164
455165
455166
455167
455168
455169
455170
455171
455172
455173
455174
455175
455176
455177
455178
455179
455180
455181
455182
455183
455184
455185
455186
455187
455188
455189
455190
455191
455192
455193
455194
455195
455196
455197
455198
455199
455200
455201
455202
455203
455204
455205
455206
455207
455208
455209
455210
455211
455212
455213
455214
455215
455216
455217
455218
455219
455220
455221
455222
455223
455224
455225
455226
455227
455228
455229
455230
455231
455232
455233
455234
455235
455236
455237
455238
455239
455240
455241
455242
455243
455244
455245
455246
455247
455248
455249
455250
455251
455252
455253
455254
455255
455256
455257
455258
455259
455260
455261
455262
455263
455264
455265
455266
455267
455268
455269
455270
455271
455272
455273
455274
455275
455276
455277
455278
455279
455280
455281
455282
455283
455284
455285
455286
455287
455288
455289
455290
455291
455292
455293
455294
455295
455296
455297
455298
455299
455300
455301
455302
455303
455304
455305
455306
455307
455308
455309
455310
455311
455312
455313
455314
455315
455316
455317
455318
455319
455320
455321
455322
455323
455324
455325
455326
455327
455328
455329
455330
455331
455332
455333
455334
455335
455336
455337
455338
455339
455340
455341
455342
455343
455344
455345
455346
455347
455348
455349
455350
455351
455352
455353
455354
455355
455356
455357
455358
455359
455360
455361
455362
455363
455364
455365
455366
455367
455368
455369
455370
455371
455372
455373
455374
455375
455376
455377
455378
455379
455380
455381
455382
455383
455384
455385
455386
455387
455388
455389
455390
455391
455392
455393
455394
455395
455396
455397
455398
455399
455400
455401
455402
455403
455404
455405
455406
455407
455408
455409
455410
455411
455412
455413
455414
455415
455416
455417
455418
455419
455420
455421
455422
455423
455424
455425
455426
455427
455428
455429
455430
455431
455432
455433
455434
455435
455436
455437
455438
455439
455440
455441
455442
455443
455444
455445
455446
455447
455448
455449
455450
455451
455452
455453
455454
455455
455456
455457
455458
455459
455460
455461
455462
455463
455464
455465
455466
455467
455468
455469
455470
455471
455472
455473
455474
455475
455476
455477
455478
455479
455480
455481
455482
455483
455484
455485
455486
455487
455488
455489
455490
455491
455492
455493
455494
455495
455496
455497
455498
455499
455500
455501
455502
455503
455504
455505
455506
455507
455508
455509
455510
455511
455512
455513
455514
455515
455516
455517
455518
455519
455520
455521
455522
455523
455524
455525
455526
455527
455528
455529
455530
455531
455532
455533
455534
455535
455536
455537
455538
455539
455540
455541
455542
455543
455544
455545
455546
455547
455548
455549
455550
455551
455552
455553
455554
455555
455556
455557
455558
455559
455560
455561
455562
455563
455564
455565
455566
455567
455568
455569
455570
455571
455572
455573
455574
455575
455576
455577
455578
455579
455580
455581
455582
455583
455584
455585
455586
455587
455588
455589
455590
455591
455592
455593
455594
455595
455596
455597
455598
455599
455600
455601
455602
455603
455604
455605
455606
455607
455608
455609
455610
455611
455612
455613
455614
455615
455616
455617
455618
455619
455620
455621
455622
455623
455624
455625
455626
455627
455628
455629
455630
455631
455632
455633
455634
455635
455636
455637
455638
455639
455640
455641
455642
455643
455644
455645
455646
455647
455648
455649
455650
455651
455652
455653
455654
455655
455656
455657
455658
455659
455660
455661
455662
455663
455664
455665
455666
455667
455668
455669
455670
455671
455672
455673
455674
455675
455676
455677
455678
455679
455680
455681
455682
455683
455684
455685
455686
455687
455688
455689
455690
455691
455692
455693
455694
455695
455696
455697
455698
455699
455700
455701
455702
455703
455704
455705
455706
455707
455708
455709
455710
455711
455712
455713
455714
455715
455716
455717
455718
455719
455720
455721
455722
455723
455724
455725
455726
455727
455728
455729
455730
455731
455732
455733
455734
455735
455736
455737
455738
455739
455740
455741
455742
455743
455744
455745
455746
455747
455748
455749
455750
455751
455752
455753
455754
455755
455756
455757
455758
455759
455760
455761
455762
455763
455764
455765
455766
455767
455768
455769
455770
455771
455772
455773
455774
455775
455776
455777
455778
455779
455780
455781
455782
455783
455784
455785
455786
455787
455788
455789
455790
455791
455792
455793
455794
455795
455796
455797
455798
455799
455800
455801
455802
455803
455804
455805
455806
455807
455808
455809
455810
455811
455812
455813
455814
455815
455816
455817
455818
455819
455820
455821
455822
455823
455824
455825
455826
455827
455828
455829
455830
455831
455832
455833
455834
455835
455836
455837
455838
455839
455840
455841
455842
455843
455844
455845
455846
455847
455848
455849
455850
455851
455852
455853
455854
455855
455856
455857
455858
455859
455860
455861
455862
455863
455864
455865
455866
455867
455868
455869
455870
455871
455872
455873
455874
455875
455876
455877
455878
455879
455880
455881
455882
455883
455884
455885
455886
455887
455888
455889
455890
455891
455892
455893
455894
455895
455896
455897
455898
455899
455900
455901
455902
455903
455904
455905
455906
455907
455908
455909
455910
455911
455912
455913
455914
455915
455916
455917
455918
455919
455920
455921
455922
455923
455924
455925
455926
455927
455928
455929
455930
455931
455932
455933
455934
455935
455936
455937
455938
455939
455940
455941
455942
455943
455944
455945
455946
455947
455948
455949
455950
455951
455952
455953
455954
455955
455956
455957
455958
455959
455960
455961
455962
455963
455964
455965
455966
455967
455968
455969
455970
455971
455972
455973
455974
455975
455976
455977
455978
455979
455980
455981
455982
455983
455984
455985
455986
455987
455988
455989
455990
455991
455992
455993
455994
455995
455996
455997
455998
455999
456000
456001
456002
456003
456004
456005
456006
456007
456008
456009
456010
456011
456012
456013
456014
456015
456016
456017
456018
456019
456020
456021
456022
456023
456024
456025
456026
456027
456028
456029
456030
456031
456032
456033
456034
456035
456036
456037
456038
456039
456040
456041
456042
456043
456044
456045
456046
456047
456048
456049
456050
456051
456052
456053
456054
456055
456056
456057
456058
456059
456060
456061
456062
456063
456064
456065
456066
456067
456068
456069
456070
456071
456072
456073
456074
456075
456076
456077
456078
456079
456080
456081
456082
456083
456084
456085
456086
456087
456088
456089
456090
456091
456092
456093
456094
456095
456096
456097
456098
456099
456100
456101
456102
456103
456104
456105
456106
456107
456108
456109
456110
456111
456112
456113
456114
456115
456116
456117
456118
456119
456120
456121
456122
456123
456124
456125
456126
456127
456128
456129
456130
456131
456132
456133
456134
456135
456136
456137
456138
456139
456140
456141
456142
456143
456144
456145
456146
456147
456148
456149
456150
456151
456152
456153
456154
456155
456156
456157
456158
456159
456160
456161
456162
456163
456164
456165
456166
456167
456168
456169
456170
456171
456172
456173
456174
456175
456176
456177
456178
456179
456180
456181
456182
456183
456184
456185
456186
456187
456188
456189
456190
456191
456192
456193
456194
456195
456196
456197
456198
456199
456200
456201
456202
456203
456204
456205
456206
456207
456208
456209
456210
456211
456212
456213
456214
456215
456216
456217
456218
456219
456220
456221
456222
456223
456224
456225
456226
456227
456228
456229
456230
456231
456232
456233
456234
456235
456236
456237
456238
456239
456240
456241
456242
456243
456244
456245
456246
456247
456248
456249
456250
456251
456252
456253
456254
456255
456256
456257
456258
456259
456260
456261
456262
456263
456264
456265
456266
456267
456268
456269
456270
456271
456272
456273
456274
456275
456276
456277
456278
456279
456280
456281
456282
456283
456284
456285
456286
456287
456288
456289
456290
456291
456292
456293
456294
456295
456296
456297
456298
456299
456300
456301
456302
456303
456304
456305
456306
456307
456308
456309
456310
456311
456312
456313
456314
456315
456316
456317
456318
456319
456320
456321
456322
456323
456324
456325
456326
456327
456328
456329
456330
456331
456332
456333
456334
456335
456336
456337
456338
456339
456340
456341
456342
456343
456344
456345
456346
456347
456348
456349
456350
456351
456352
456353
456354
456355
456356
456357
456358
456359
456360
456361
456362
456363
456364
456365
456366
456367
456368
456369
456370
456371
456372
456373
456374
456375
456376
456377
456378
456379
456380
456381
456382
456383
456384
456385
456386
456387
456388
456389
456390
456391
456392
456393
456394
456395
456396
456397
456398
456399
456400
456401
456402
456403
456404
456405
456406
456407
456408
456409
456410
456411
456412
456413
456414
456415
456416
456417
456418
456419
456420
456421
456422
456423
456424
456425
456426
456427
456428
456429
456430
456431
456432
456433
456434
456435
456436
456437
456438
456439
456440
456441
456442
456443
456444
456445
456446
456447
456448
456449
456450
456451
456452
456453
456454
456455
456456
456457
456458
456459
456460
456461
456462
456463
456464
456465
456466
456467
456468
456469
456470
456471
456472
456473
456474
456475
456476
456477
456478
456479
456480
456481
456482
456483
456484
456485
456486
456487
456488
456489
456490
456491
456492
456493
456494
456495
456496
456497
456498
456499
456500
456501
456502
456503
456504
456505
456506
456507
456508
456509
456510
456511
456512
456513
456514
456515
456516
456517
456518
456519
456520
456521
456522
456523
456524
456525
456526
456527
456528
456529
456530
456531
456532
456533
456534
456535
456536
456537
456538
456539
456540
456541
456542
456543
456544
456545
456546
456547
456548
456549
456550
456551
456552
456553
456554
456555
456556
456557
456558
456559
456560
456561
456562
456563
456564
456565
456566
456567
456568
456569
456570
456571
456572
456573
456574
456575
456576
456577
456578
456579
456580
456581
456582
456583
456584
456585
456586
456587
456588
456589
456590
456591
456592
456593
456594
456595
456596
456597
456598
456599
456600
456601
456602
456603
456604
456605
456606
456607
456608
456609
456610
456611
456612
456613
456614
456615
456616
456617
456618
456619
456620
456621
456622
456623
456624
456625
456626
456627
456628
456629
456630
456631
456632
456633
456634
456635
456636
456637
456638
456639
456640
456641
456642
456643
456644
456645
456646
456647
456648
456649
456650
456651
456652
456653
456654
456655
456656
456657
456658
456659
456660
456661
456662
456663
456664
456665
456666
456667
456668
456669
456670
456671
456672
456673
456674
456675
456676
456677
456678
456679
456680
456681
456682
456683
456684
456685
456686
456687
456688
456689
456690
456691
456692
456693
456694
456695
456696
456697
456698
456699
456700
456701
456702
456703
456704
456705
456706
456707
456708
456709
456710
456711
456712
456713
456714
456715
456716
456717
456718
456719
456720
456721
456722
456723
456724
456725
456726
456727
456728
456729
456730
456731
456732
456733
456734
456735
456736
456737
456738
456739
456740
456741
456742
456743
456744
456745
456746
456747
456748
456749
456750
456751
456752
456753
456754
456755
456756
456757
456758
456759
456760
456761
456762
456763
456764
456765
456766
456767
456768
456769
456770
456771
456772
456773
456774
456775
456776
456777
456778
456779
456780
456781
456782
456783
456784
456785
456786
456787
456788
456789
456790
456791
456792
456793
456794
456795
456796
456797
456798
456799
456800
456801
456802
456803
456804
456805
456806
456807
456808
456809
456810
456811
456812
456813
456814
456815
456816
456817
456818
456819
456820
456821
456822
456823
456824
456825
456826
456827
456828
456829
456830
456831
456832
456833
456834
456835
456836
456837
456838
456839
456840
456841
456842
456843
456844
456845
456846
456847
456848
456849
456850
456851
456852
456853
456854
456855
456856
456857
456858
456859
456860
456861
456862
456863
456864
456865
456866
456867
456868
456869
456870
456871
456872
456873
456874
456875
456876
456877
456878
456879
456880
456881
456882
456883
456884
456885
456886
456887
456888
456889
456890
456891
456892
456893
456894
456895
456896
456897
456898
456899
456900
456901
456902
456903
456904
456905
456906
456907
456908
456909
456910
456911
456912
456913
456914
456915
456916
456917
456918
456919
456920
456921
456922
456923
456924
456925
456926
456927
456928
456929
456930
456931
456932
456933
456934
456935
456936
456937
456938
456939
456940
456941
456942
456943
456944
456945
456946
456947
456948
456949
456950
456951
456952
456953
456954
456955
456956
456957
456958
456959
456960
456961
456962
456963
456964
456965
456966
456967
456968
456969
456970
456971
456972
456973
456974
456975
456976
456977
456978
456979
456980
456981
456982
456983
456984
456985
456986
456987
456988
456989
456990
456991
456992
456993
456994
456995
456996
456997
456998
456999
457000
457001
457002
457003
457004
457005
457006
457007
457008
457009
457010
457011
457012
457013
457014
457015
457016
457017
457018
457019
457020
457021
457022
457023
457024
457025
457026
457027
457028
457029
457030
457031
457032
457033
457034
457035
457036
457037
457038
457039
457040
457041
457042
457043
457044
457045
457046
457047
457048
457049
457050
457051
457052
457053
457054
457055
457056
457057
457058
457059
457060
457061
457062
457063
457064
457065
457066
457067
457068
457069
457070
457071
457072
457073
457074
457075
457076
457077
457078
457079
457080
457081
457082
457083
457084
457085
457086
457087
457088
457089
457090
457091
457092
457093
457094
457095
457096
457097
457098
457099
457100
457101
457102
457103
457104
457105
457106
457107
457108
457109
457110
457111
457112
457113
457114
457115
457116
457117
457118
457119
457120
457121
457122
457123
457124
457125
457126
457127
457128
457129
457130
457131
457132
457133
457134
457135
457136
457137
457138
457139
457140
457141
457142
457143
457144
457145
457146
457147
457148
457149
457150
457151
457152
457153
457154
457155
457156
457157
457158
457159
457160
457161
457162
457163
457164
457165
457166
457167
457168
457169
457170
457171
457172
457173
457174
457175
457176
457177
457178
457179
457180
457181
457182
457183
457184
457185
457186
457187
457188
457189
457190
457191
457192
457193
457194
457195
457196
457197
457198
457199
457200
457201
457202
457203
457204
457205
457206
457207
457208
457209
457210
457211
457212
457213
457214
457215
457216
457217
457218
457219
457220
457221
457222
457223
457224
457225
457226
457227
457228
457229
457230
457231
457232
457233
457234
457235
457236
457237
457238
457239
457240
457241
457242
457243
457244
457245
457246
457247
457248
457249
457250
457251
457252
457253
457254
457255
457256
457257
457258
457259
457260
457261
457262
457263
457264
457265
457266
457267
457268
457269
457270
457271
457272
457273
457274
457275
457276
457277
457278
457279
457280
457281
457282
457283
457284
457285
457286
457287
457288
457289
457290
457291
457292
457293
457294
457295
457296
457297
457298
457299
457300
457301
457302
457303
457304
457305
457306
457307
457308
457309
457310
457311
457312
457313
457314
457315
457316
457317
457318
457319
457320
457321
457322
457323
457324
457325
457326
457327
457328
457329
457330
457331
457332
457333
457334
457335
457336
457337
457338
457339
457340
457341
457342
457343
457344
457345
457346
457347
457348
457349
457350
457351
457352
457353
457354
457355
457356
457357
457358
457359
457360
457361
457362
457363
457364
457365
457366
457367
457368
457369
457370
457371
457372
457373
457374
457375
457376
457377
457378
457379
457380
457381
457382
457383
457384
457385
457386
457387
457388
457389
457390
457391
457392
457393
457394
457395
457396
457397
457398
457399
457400
457401
457402
457403
457404
457405
457406
457407
457408
457409
457410
457411
457412
457413
457414
457415
457416
457417
457418
457419
457420
457421
457422
457423
457424
457425
457426
457427
457428
457429
457430
457431
457432
457433
457434
457435
457436
457437
457438
457439
457440
457441
457442
457443
457444
457445
457446
457447
457448
457449
457450
457451
457452
457453
457454
457455
457456
457457
457458
457459
457460
457461
457462
457463
457464
457465
457466
457467
457468
457469
457470
457471
457472
457473
457474
457475
457476
457477
457478
457479
457480
457481
457482
457483
457484
457485
457486
457487
457488
457489
457490
457491
457492
457493
457494
457495
457496
457497
457498
457499
457500
457501
457502
457503
457504
457505
457506
457507
457508
457509
457510
457511
457512
457513
457514
457515
457516
457517
457518
457519
457520
457521
457522
457523
457524
457525
457526
457527
457528
457529
457530
457531
457532
457533
457534
457535
457536
457537
457538
457539
457540
457541
457542
457543
457544
457545
457546
457547
457548
457549
457550
457551
457552
457553
457554
457555
457556
457557
457558
457559
457560
457561
457562
457563
457564
457565
457566
457567
457568
457569
457570
457571
457572
457573
457574
457575
457576
457577
457578
457579
457580
457581
457582
457583
457584
457585
457586
457587
457588
457589
457590
457591
457592
457593
457594
457595
457596
457597
457598
457599
457600
457601
457602
457603
457604
457605
457606
457607
457608
457609
457610
457611
457612
457613
457614
457615
457616
457617
457618
457619
457620
457621
457622
457623
457624
457625
457626
457627
457628
457629
457630
457631
457632
457633
457634
457635
457636
457637
457638
457639
457640
457641
457642
457643
457644
457645
457646
457647
457648
457649
457650
457651
457652
457653
457654
457655
457656
457657
457658
457659
457660
457661
457662
457663
457664
457665
457666
457667
457668
457669
457670
457671
457672
457673
457674
457675
457676
457677
457678
457679
457680
457681
457682
457683
457684
457685
457686
457687
457688
457689
457690
457691
457692
457693
457694
457695
457696
457697
457698
457699
457700
457701
457702
457703
457704
457705
457706
457707
457708
457709
457710
457711
457712
457713
457714
457715
457716
457717
457718
457719
457720
457721
457722
457723
457724
457725
457726
457727
457728
457729
457730
457731
457732
457733
457734
457735
457736
457737
457738
457739
457740
457741
457742
457743
457744
457745
457746
457747
457748
457749
457750
457751
457752
457753
457754
457755
457756
457757
457758
457759
457760
457761
457762
457763
457764
457765
457766
457767
457768
457769
457770
457771
457772
457773
457774
457775
457776
457777
457778
457779
457780
457781
457782
457783
457784
457785
457786
457787
457788
457789
457790
457791
457792
457793
457794
457795
457796
457797
457798
457799
457800
457801
457802
457803
457804
457805
457806
457807
457808
457809
457810
457811
457812
457813
457814
457815
457816
457817
457818
457819
457820
457821
457822
457823
457824
457825
457826
457827
457828
457829
457830
457831
457832
457833
457834
457835
457836
457837
457838
457839
457840
457841
457842
457843
457844
457845
457846
457847
457848
457849
457850
457851
457852
457853
457854
457855
457856
457857
457858
457859
457860
457861
457862
457863
457864
457865
457866
457867
457868
457869
457870
457871
457872
457873
457874
457875
457876
457877
457878
457879
457880
457881
457882
457883
457884
457885
457886
457887
457888
457889
457890
457891
457892
457893
457894
457895
457896
457897
457898
457899
457900
457901
457902
457903
457904
457905
457906
457907
457908
457909
457910
457911
457912
457913
457914
457915
457916
457917
457918
457919
457920
457921
457922
457923
457924
457925
457926
457927
457928
457929
457930
457931
457932
457933
457934
457935
457936
457937
457938
457939
457940
457941
457942
457943
457944
457945
457946
457947
457948
457949
457950
457951
457952
457953
457954
457955
457956
457957
457958
457959
457960
457961
457962
457963
457964
457965
457966
457967
457968
457969
457970
457971
457972
457973
457974
457975
457976
457977
457978
457979
457980
457981
457982
457983
457984
457985
457986
457987
457988
457989
457990
457991
457992
457993
457994
457995
457996
457997
457998
457999
458000
458001
458002
458003
458004
458005
458006
458007
458008
458009
458010
458011
458012
458013
458014
458015
458016
458017
458018
458019
458020
458021
458022
458023
458024
458025
458026
458027
458028
458029
458030
458031
458032
458033
458034
458035
458036
458037
458038
458039
458040
458041
458042
458043
458044
458045
458046
458047
458048
458049
458050
458051
458052
458053
458054
458055
458056
458057
458058
458059
458060
458061
458062
458063
458064
458065
458066
458067
458068
458069
458070
458071
458072
458073
458074
458075
458076
458077
458078
458079
458080
458081
458082
458083
458084
458085
458086
458087
458088
458089
458090
458091
458092
458093
458094
458095
458096
458097
458098
458099
458100
458101
458102
458103
458104
458105
458106
458107
458108
458109
458110
458111
458112
458113
458114
458115
458116
458117
458118
458119
458120
458121
458122
458123
458124
458125
458126
458127
458128
458129
458130
458131
458132
458133
458134
458135
458136
458137
458138
458139
458140
458141
458142
458143
458144
458145
458146
458147
458148
458149
458150
458151
458152
458153
458154
458155
458156
458157
458158
458159
458160
458161
458162
458163
458164
458165
458166
458167
458168
458169
458170
458171
458172
458173
458174
458175
458176
458177
458178
458179
458180
458181
458182
458183
458184
458185
458186
458187
458188
458189
458190
458191
458192
458193
458194
458195
458196
458197
458198
458199
458200
458201
458202
458203
458204
458205
458206
458207
458208
458209
458210
458211
458212
458213
458214
458215
458216
458217
458218
458219
458220
458221
458222
458223
458224
458225
458226
458227
458228
458229
458230
458231
458232
458233
458234
458235
458236
458237
458238
458239
458240
458241
458242
458243
458244
458245
458246
458247
458248
458249
458250
458251
458252
458253
458254
458255
458256
458257
458258
458259
458260
458261
458262
458263
458264
458265
458266
458267
458268
458269
458270
458271
458272
458273
458274
458275
458276
458277
458278
458279
458280
458281
458282
458283
458284
458285
458286
458287
458288
458289
458290
458291
458292
458293
458294
458295
458296
458297
458298
458299
458300
458301
458302
458303
458304
458305
458306
458307
458308
458309
458310
458311
458312
458313
458314
458315
458316
458317
458318
458319
458320
458321
458322
458323
458324
458325
458326
458327
