632634
632635
632636
632637
632638
632639
632640
632641
632642
632643
632644
632645
632646
632647
632648
632649
632650
632651
632652
632653
632654
632655
632656
632657
632658
632659
632660
632661
632662
632663
632664
632665
632666
632667
632668
632669
632670
632671
632672
632673
632674
632675
632676
632677
632678
632679
632680
632681
632682
632683
632684
632685
632686
632687
632688
632689
632690
632691
632692
632693
632694
632695
632696
632697
632698
632699
632700
632701
632702
632703
632704
632705
632706
632707
632708
632709
632710
632711
632712
632713
632714
632715
632716
632717
632718
632719
632720
632721
632722
632723
632724
632725
632726
632727
632728
632729
632730
632731
632732
632733
632734
632735
632736
632737
632738
632739
632740
632741
632742
632743
632744
632745
632746
632747
632748
632749
632750
632751
632752
632753
632754
632755
632756
632757
632758
632759
632760
632761
632762
632763
632764
632765
632766
632767
632768
632769
632770
632771
632772
632773
632774
632775
632776
632777
632778
632779
632780
632781
632782
632783
632784
632785
632786
632787
632788
632789
632790
632791
632792
632793
632794
632795
632796
632797
632798
632799
632800
632801
632802
632803
632804
632805
632806
632807
632808
632809
632810
632811
632812
632813
632814
632815
632816
632817
632818
632819
632820
632821
632822
632823
632824
632825
632826
632827
632828
632829
632830
632831
632832
632833
632834
632835
632836
632837
632838
632839
632840
632841
632842
632843
632844
632845
632846
632847
632848
632849
632850
632851
632852
632853
632854
632855
632856
632857
632858
632859
632860
632861
632862
632863
632864
632865
632866
632867
632868
632869
632870
632871
632872
632873
632874
632875
632876
632877
632878
632879
632880
632881
632882
632883
632884
632885
632886
632887
632888
632889
632890
632891
632892
632893
632894
632895
632896
632897
632898
632899
632900
632901
632902
632903
632904
632905
632906
632907
632908
632909
632910
632911
632912
632913
632914
632915
632916
632917
632918
632919
632920
632921
632922
632923
632924
632925
632926
632927
632928
632929
632930
632931
632932
632933
632934
632935
632936
632937
632938
632939
632940
632941
632942
632943
632944
632945
632946
632947
632948
632949
632950
632951
632952
632953
632954
632955
632956
632957
632958
632959
632960
632961
632962
632963
632964
632965
632966
632967
632968
632969
632970
632971
632972
632973
632974
632975
632976
632977
632978
632979
632980
632981
632982
632983
632984
632985
632986
632987
632988
632989
632990
632991
632992
632993
632994
632995
632996
632997
632998
632999
633000
633001
633002
633003
633004
633005
633006
633007
633008
633009
633010
633011
633012
633013
633014
633015
633016
633017
633018
633019
633020
633021
633022
633023
633024
633025
633026
633027
633028
633029
633030
633031
633032
633033
633034
633035
633036
633037
633038
633039
633040
633041
633042
633043
633044
633045
633046
633047
633048
633049
633050
633051
633052
633053
633054
633055
633056
633057
633058
633059
633060
633061
633062
633063
633064
633065
633066
633067
633068
633069
633070
633071
633072
633073
633074
633075
633076
633077
633078
633079
633080
633081
633082
633083
633084
633085
633086
633087
633088
633089
633090
633091
633092
633093
633094
633095
633096
633097
633098
633099
633100
633101
633102
633103
633104
633105
633106
633107
633108
633109
633110
633111
633112
633113
633114
633115
633116
633117
633118
633119
633120
633121
633122
633123
633124
633125
633126
633127
633128
633129
633130
633131
633132
633133
633134
633135
633136
633137
633138
633139
633140
633141
633142
633143
633144
633145
633146
633147
633148
633149
633150
633151
633152
633153
633154
633155
633156
633157
633158
633159
633160
633161
633162
633163
633164
633165
633166
633167
633168
633169
633170
633171
633172
633173
633174
633175
633176
633177
633178
633179
633180
633181
633182
633183
633184
633185
633186
633187
633188
633189
633190
633191
633192
633193
633194
633195
633196
633197
633198
633199
633200
633201
633202
633203
633204
633205
633206
633207
633208
633209
633210
633211
633212
633213
633214
633215
633216
633217
633218
633219
633220
633221
633222
633223
633224
633225
633226
633227
633228
633229
633230
633231
633232
633233
633234
633235
633236
633237
633238
633239
633240
633241
633242
633243
633244
633245
633246
633247
633248
633249
633250
633251
633252
633253
633254
633255
633256
633257
633258
633259
633260
633261
633262
633263
633264
633265
633266
633267
633268
633269
633270
633271
633272
633273
633274
633275
633276
633277
633278
633279
633280
633281
633282
633283
633284
633285
633286
633287
633288
633289
633290
633291
633292
633293
633294
633295
633296
633297
633298
633299
633300
633301
633302
633303
633304
633305
633306
633307
633308
633309
633310
633311
633312
633313
633314
633315
633316
633317
633318
633319
633320
633321
633322
633323
633324
633325
633326
633327
633328
633329
633330
633331
633332
633333
633334
633335
633336
633337
633338
633339
633340
633341
633342
633343
633344
633345
633346
633347
633348
633349
633350
633351
633352
633353
633354
633355
633356
633357
633358
633359
633360
633361
633362
633363
633364
633365
633366
633367
633368
633369
633370
633371
633372
633373
633374
633375
633376
633377
633378
633379
633380
633381
633382
633383
633384
633385
633386
633387
633388
633389
633390
633391
633392
633393
633394
633395
633396
633397
633398
633399
633400
633401
633402
633403
633404
633405
633406
633407
633408
633409
633410
633411
633412
633413
633414
633415
633416
633417
633418
633419
633420
633421
633422
633423
633424
633425
633426
633427
633428
633429
633430
633431
633432
633433
633434
633435
633436
633437
633438
633439
633440
633441
633442
633443
633444
633445
633446
633447
633448
633449
633450
633451
633452
633453
633454
633455
633456
633457
633458
633459
633460
633461
633462
633463
633464
633465
633466
633467
633468
633469
633470
633471
633472
633473
633474
633475
633476
633477
633478
633479
633480
633481
633482
633483
633484
633485
633486
633487
633488
633489
633490
633491
633492
633493
633494
633495
633496
633497
633498
633499
633500
633501
633502
633503
633504
633505
633506
633507
633508
633509
633510
633511
633512
633513
633514
633515
633516
633517
633518
633519
633520
633521
633522
633523
633524
633525
633526
633527
633528
633529
633530
633531
633532
633533
633534
633535
633536
633537
633538
633539
633540
633541
633542
633543
633544
633545
633546
633547
633548
633549
633550
633551
633552
633553
633554
633555
633556
633557
633558
633559
633560
633561
633562
633563
633564
633565
633566
633567
633568
633569
633570
633571
633572
633573
633574
633575
633576
633577
633578
633579
633580
633581
633582
633583
633584
633585
633586
633587
633588
633589
633590
633591
633592
633593
633594
633595
633596
633597
633598
633599
633600
633601
633602
633603
633604
633605
633606
633607
633608
633609
633610
633611
633612
633613
633614
633615
633616
633617
633618
633619
633620
633621
633622
633623
633624
633625
633626
633627
633628
633629
633630
633631
633632
633633
633634
633635
633636
633637
633638
633639
633640
633641
633642
633643
633644
633645
633646
633647
633648
633649
633650
633651
633652
633653
633654
633655
633656
633657
633658
633659
633660
633661
633662
633663
633664
633665
633666
633667
633668
633669
633670
633671
633672
633673
633674
633675
633676
633677
633678
633679
633680
633681
633682
633683
633684
633685
633686
633687
633688
633689
633690
633691
633692
633693
633694
633695
633696
633697
633698
633699
633700
633701
633702
633703
633704
633705
633706
633707
633708
633709
633710
633711
633712
633713
633714
633715
633716
633717
633718
633719
633720
633721
633722
633723
633724
633725
633726
633727
633728
633729
633730
633731
633732
633733
633734
633735
633736
633737
633738
633739
633740
633741
633742
633743
633744
633745
633746
633747
633748
633749
633750
633751
633752
633753
633754
633755
633756
633757
633758
633759
633760
633761
633762
633763
633764
633765
633766
633767
633768
633769
633770
633771
633772
633773
633774
633775
633776
633777
633778
633779
633780
633781
633782
633783
633784
633785
633786
633787
633788
633789
633790
633791
633792
633793
633794
633795
633796
633797
633798
633799
633800
633801
633802
633803
633804
633805
633806
633807
633808
633809
633810
633811
633812
633813
633814
633815
633816
633817
633818
633819
633820
633821
633822
633823
633824
633825
633826
633827
633828
633829
633830
633831
633832
633833
633834
633835
633836
633837
633838
633839
633840
633841
633842
633843
633844
633845
633846
633847
633848
633849
633850
633851
633852
633853
633854
633855
633856
633857
633858
633859
633860
633861
633862
633863
633864
633865
633866
633867
633868
633869
633870
633871
633872
633873
633874
633875
633876
633877
633878
633879
633880
633881
633882
633883
633884
633885
633886
633887
633888
633889
633890
633891
633892
633893
633894
633895
633896
633897
633898
633899
633900
633901
633902
633903
633904
633905
633906
633907
633908
633909
633910
633911
633912
633913
633914
633915
633916
633917
633918
633919
633920
633921
633922
633923
633924
633925
633926
633927
633928
633929
633930
633931
633932
633933
633934
633935
633936
633937
633938
633939
633940
633941
633942
633943
633944
633945
633946
633947
633948
633949
633950
633951
633952
633953
633954
633955
633956
633957
633958
633959
633960
633961
633962
633963
633964
633965
633966
633967
633968
633969
633970
633971
633972
633973
633974
633975
633976
633977
633978
633979
633980
633981
633982
633983
633984
633985
633986
633987
633988
633989
633990
633991
633992
633993
633994
633995
633996
633997
633998
633999
634000
634001
634002
634003
634004
634005
634006
634007
634008
634009
634010
634011
634012
634013
634014
634015
634016
634017
634018
634019
634020
634021
634022
634023
634024
634025
634026
634027
634028
634029
634030
634031
634032
634033
634034
634035
634036
634037
634038
634039
634040
634041
634042
634043
634044
634045
634046
634047
634048
634049
634050
634051
634052
634053
634054
634055
634056
634057
634058
634059
634060
634061
634062
634063
634064
634065
634066
634067
634068
634069
634070
634071
634072
634073
634074
634075
634076
634077
634078
634079
634080
634081
634082
634083
634084
634085
634086
634087
634088
634089
634090
634091
634092
634093
634094
634095
634096
634097
634098
634099
634100
634101
634102
634103
634104
634105
634106
634107
634108
634109
634110
634111
634112
634113
634114
634115
634116
634117
634118
634119
634120
634121
634122
634123
634124
634125
634126
634127
634128
634129
634130
634131
634132
634133
634134
634135
634136
634137
634138
634139
634140
634141
634142
634143
634144
634145
634146
634147
634148
634149
634150
634151
634152
634153
634154
634155
634156
634157
634158
634159
634160
634161
634162
634163
634164
634165
634166
634167
634168
634169
634170
634171
634172
634173
634174
634175
634176
634177
634178
634179
634180
634181
634182
634183
634184
634185
634186
634187
634188
634189
634190
634191
634192
634193
634194
634195
634196
634197
634198
634199
634200
634201
634202
634203
634204
634205
634206
634207
634208
634209
634210
634211
634212
634213
634214
634215
634216
634217
634218
634219
634220
634221
634222
634223
634224
634225
634226
634227
634228
634229
634230
634231
634232
634233
634234
634235
634236
634237
634238
634239
634240
634241
634242
634243
634244
634245
634246
634247
634248
634249
634250
634251
634252
634253
634254
634255
634256
634257
634258
634259
634260
634261
634262
634263
634264
634265
634266
634267
634268
634269
634270
634271
634272
634273
634274
634275
634276
634277
634278
634279
634280
634281
634282
634283
634284
634285
634286
634287
634288
634289
634290
634291
634292
634293
634294
634295
634296
634297
634298
634299
634300
634301
634302
634303
634304
634305
634306
634307
634308
634309
634310
634311
634312
634313
634314
634315
634316
634317
634318
634319
634320
634321
634322
634323
634324
634325
634326
634327
634328
634329
634330
634331
634332
634333
634334
634335
634336
634337
634338
634339
634340
634341
634342
634343
634344
634345
634346
634347
634348
634349
634350
634351
634352
634353
634354
634355
634356
634357
634358
634359
634360
634361
634362
634363
634364
634365
634366
634367
634368
634369
634370
634371
634372
634373
634374
634375
634376
634377
634378
634379
634380
634381
634382
634383
634384
634385
634386
634387
634388
634389
634390
634391
634392
634393
634394
634395
634396
634397
634398
634399
634400
634401
634402
634403
634404
634405
634406
634407
634408
634409
634410
634411
634412
634413
634414
634415
634416
634417
634418
634419
634420
634421
634422
634423
634424
634425
634426
634427
634428
634429
634430
634431
634432
634433
634434
634435
634436
634437
634438
634439
634440
634441
634442
634443
634444
634445
634446
634447
634448
634449
634450
634451
634452
634453
634454
634455
634456
634457
634458
634459
634460
634461
634462
634463
634464
634465
634466
634467
634468
634469
634470
634471
634472
634473
634474
634475
634476
634477
634478
634479
634480
634481
634482
634483
634484
634485
634486
634487
634488
634489
634490
634491
634492
634493
634494
634495
634496
634497
634498
634499
634500
634501
634502
634503
634504
634505
634506
634507
634508
634509
634510
634511
634512
634513
634514
634515
634516
634517
634518
634519
634520
634521
634522
634523
634524
634525
634526
634527
634528
634529
634530
634531
634532
634533
634534
634535
634536
634537
634538
634539
634540
634541
634542
634543
634544
634545
634546
634547
634548
634549
634550
634551
634552
634553
634554
634555
634556
634557
634558
634559
634560
634561
634562
634563
634564
634565
634566
634567
634568
634569
634570
634571
634572
634573
634574
634575
634576
634577
634578
634579
634580
634581
634582
634583
634584
634585
634586
634587
634588
634589
634590
634591
634592
634593
634594
634595
634596
634597
634598
634599
634600
634601
634602
634603
634604
634605
634606
634607
634608
634609
634610
634611
634612
634613
634614
634615
634616
634617
634618
634619
634620
634621
634622
634623
634624
634625
634626
634627
634628
634629
634630
634631
634632
634633
634634
634635
634636
634637
634638
634639
634640
634641
634642
634643
634644
634645
634646
634647
634648
634649
634650
634651
634652
634653
634654
634655
634656
634657
634658
634659
634660
634661
634662
634663
634664
634665
634666
634667
634668
634669
634670
634671
634672
634673
634674
634675
634676
634677
634678
634679
634680
634681
634682
634683
634684
634685
634686
634687
634688
634689
634690
634691
634692
634693
634694
634695
634696
634697
634698
634699
634700
634701
634702
634703
634704
634705
634706
634707
634708
634709
634710
634711
634712
634713
634714
634715
634716
634717
634718
634719
634720
634721
634722
634723
634724
634725
634726
634727
634728
634729
634730
634731
634732
634733
634734
634735
634736
634737
634738
634739
634740
634741
634742
634743
634744
634745
634746
634747
634748
634749
634750
634751
634752
634753
634754
634755
634756
634757
634758
634759
634760
634761
634762
634763
634764
634765
634766
634767
634768
634769
634770
634771
634772
634773
634774
634775
634776
634777
634778
634779
634780
634781
634782
634783
634784
634785
634786
634787
634788
634789
634790
634791
634792
634793
634794
634795
634796
634797
634798
634799
634800
634801
634802
634803
634804
634805
634806
634807
634808
634809
634810
634811
634812
634813
634814
634815
634816
634817
634818
634819
634820
634821
634822
634823
634824
634825
634826
634827
634828
634829
634830
634831
634832
634833
634834
634835
634836
634837
634838
634839
634840
634841
634842
634843
634844
634845
634846
634847
634848
634849
634850
634851
634852
634853
634854
634855
634856
634857
634858
634859
634860
634861
634862
634863
634864
634865
634866
634867
634868
634869
634870
634871
634872
634873
634874
634875
634876
634877
634878
634879
634880
634881
634882
634883
634884
634885
634886
634887
634888
634889
634890
634891
634892
634893
634894
634895
634896
634897
634898
634899
634900
634901
634902
634903
634904
634905
634906
634907
634908
634909
634910
634911
634912
634913
634914
634915
634916
634917
634918
634919
634920
634921
634922
634923
634924
634925
634926
634927
634928
634929
634930
634931
634932
634933
634934
634935
634936
634937
634938
634939
634940
634941
634942
634943
634944
634945
634946
634947
634948
634949
634950
634951
634952
634953
634954
634955
634956
634957
634958
634959
634960
634961
634962
634963
634964
634965
634966
634967
634968
634969
634970
634971
634972
634973
634974
634975
634976
634977
634978
634979
634980
634981
634982
634983
634984
634985
634986
634987
634988
634989
634990
634991
634992
634993
634994
634995
634996
634997
634998
634999
635000
635001
635002
635003
635004
635005
635006
635007
635008
635009
635010
635011
635012
635013
635014
635015
635016
635017
635018
635019
635020
635021
635022
635023
635024
635025
635026
635027
635028
635029
635030
635031
635032
635033
635034
635035
635036
635037
635038
635039
635040
635041
635042
635043
635044
635045
635046
635047
635048
635049
635050
635051
635052
635053
635054
635055
635056
635057
635058
635059
635060
635061
635062
635063
635064
635065
635066
635067
635068
635069
635070
635071
635072
635073
635074
635075
635076
635077
635078
635079
635080
635081
635082
635083
635084
635085
635086
635087
635088
635089
635090
635091
635092
635093
635094
635095
635096
635097
635098
635099
635100
635101
635102
635103
635104
635105
635106
635107
635108
635109
635110
635111
635112
635113
635114
635115
635116
635117
635118
635119
635120
635121
635122
635123
635124
635125
635126
635127
635128
635129
635130
635131
635132
635133
635134
635135
635136
635137
635138
635139
635140
635141
635142
635143
635144
635145
635146
635147
635148
635149
635150
635151
635152
635153
635154
635155
635156
635157
635158
635159
635160
635161
635162
635163
635164
635165
635166
635167
635168
635169
635170
635171
635172
635173
635174
635175
635176
635177
635178
635179
635180
635181
635182
635183
635184
635185
635186
635187
635188
635189
635190
635191
635192
635193
635194
635195
635196
635197
635198
635199
635200
635201
635202
635203
635204
635205
635206
635207
635208
635209
635210
635211
635212
635213
635214
635215
635216
635217
635218
635219
635220
635221
635222
635223
635224
635225
635226
635227
635228
635229
635230
635231
635232
635233
635234
635235
635236
635237
635238
635239
635240
635241
635242
635243
635244
635245
635246
635247
635248
635249
635250
635251
635252
635253
635254
635255
635256
635257
635258
635259
635260
635261
635262
635263
635264
635265
635266
635267
635268
635269
635270
635271
635272
635273
635274
635275
635276
635277
635278
635279
635280
635281
635282
635283
635284
635285
635286
635287
635288
635289
635290
635291
635292
635293
635294
635295
635296
635297
635298
635299
635300
635301
635302
635303
635304
635305
635306
635307
635308
635309
635310
635311
635312
635313
635314
635315
635316
635317
635318
635319
635320
635321
635322
635323
635324
635325
635326
635327
635328
635329
635330
635331
635332
635333
635334
635335
635336
635337
635338
635339
635340
635341
635342
635343
635344
635345
635346
635347
635348
635349
635350
635351
635352
635353
635354
635355
635356
635357
635358
635359
635360
635361
635362
635363
635364
635365
635366
635367
635368
635369
635370
635371
635372
635373
635374
635375
635376
635377
635378
635379
635380
635381
635382
635383
635384
635385
635386
635387
635388
635389
635390
635391
635392
635393
635394
635395
635396
635397
635398
635399
635400
635401
635402
635403
635404
635405
635406
635407
635408
635409
635410
635411
635412
635413
635414
635415
635416
635417
635418
635419
635420
635421
635422
635423
635424
635425
635426
635427
635428
635429
635430
635431
635432
635433
635434
635435
635436
635437
635438
635439
635440
635441
635442
635443
635444
635445
635446
635447
635448
635449
635450
635451
635452
635453
635454
635455
635456
635457
635458
635459
635460
635461
635462
635463
635464
635465
635466
635467
635468
635469
635470
635471
635472
635473
635474
635475
635476
635477
635478
635479
635480
635481
635482
635483
635484
635485
635486
635487
635488
635489
635490
635491
635492
635493
635494
635495
635496
635497
635498
635499
635500
635501
635502
635503
635504
635505
635506
635507
635508
635509
635510
635511
635512
635513
635514
635515
635516
635517
635518
635519
635520
635521
635522
635523
635524
635525
635526
635527
635528
635529
635530
635531
635532
635533
635534
635535
635536
635537
635538
635539
635540
635541
635542
635543
635544
635545
635546
635547
635548
635549
635550
635551
635552
635553
635554
635555
635556
635557
635558
635559
635560
635561
635562
635563
635564
635565
635566
635567
635568
635569
635570
635571
635572
635573
635574
635575
635576
635577
635578
635579
635580
635581
635582
635583
635584
635585
635586
635587
635588
635589
635590
635591
635592
635593
635594
635595
635596
635597
635598
635599
635600
635601
635602
635603
635604
635605
635606
635607
635608
635609
635610
635611
635612
635613
635614
635615
635616
635617
635618
635619
635620
635621
635622
635623
635624
635625
635626
635627
635628
635629
635630
635631
635632
635633
635634
635635
635636
635637
635638
635639
635640
635641
635642
635643
635644
635645
635646
635647
635648
635649
635650
635651
635652
635653
635654
635655
635656
635657
635658
635659
635660
635661
635662
635663
635664
635665
635666
635667
635668
635669
635670
635671
635672
635673
635674
635675
635676
635677
635678
635679
635680
635681
635682
635683
635684
635685
635686
635687
635688
635689
635690
635691
635692
635693
635694
635695
635696
635697
635698
635699
635700
635701
635702
635703
635704
635705
635706
635707
635708
635709
635710
635711
635712
635713
635714
635715
635716
635717
635718
635719
635720
635721
635722
635723
635724
635725
635726
635727
635728
635729
635730
635731
635732
635733
635734
635735
635736
635737
635738
635739
635740
635741
635742
635743
635744
635745
635746
635747
635748
635749
635750
