56373
79926
22410
19780
8820
27255
14097
38123
17518
4817
9141
85787
50118
85072
34563
8030
80752
10346
32893
52373
44854
38589
59648
34793
30635
55034
15384
70660
4279
8503
72055
85797
47727
65022
4335
25355
72260
78508
50290
8221
7779
8299
10064
44715
65005
54990
25659
24257
67071
5195
39210
56881
23061
15286
41858
4672
81329
78615
10320
24708
76748
28656
76206
14352
67456
38811
40780
18972
51839
47172
8036
56554
17044
51474
51567
52873
42148
4254
28800
43142
71702
41208
20516
57495
50251
13607
8798
42616
30633
52195
36133
44926
31577
22393
60499
61941
45386
52818
56429
43629
79877
58274
4862
27806
80846
23216
22783
20517
52898
5259
4591
41759
28147
6863
67512
84814
65015
52823
36917
55046
16851
48462
65866
32416
59055
67506
24687
64764
11867
15499
49903
27843
86673
16387
12302
77199
5709
20104
62637
19315
69880
55059
81386
4410
68349
83020
73270
50267
27689
28829
6891
32479
79103
66367
7778
19790
8296
12260
64985
4295
77511
4210
63242
13905
22754
44942
78938
50953
10021
60771
24616
65006
55635
23385
33024
37274
18761
47918
45463
12332
2888
56475
29025
3013
56115
48734
10196
56987
65592
76375
5078
10862
68071
22551
43174
2434
71133
42955
42579
25352
2386
53033
43672
59862
8841
40649
44764
50652
9885
13904
22471
44963
47594
33669
66436
84862
21020
13535
56146
46798
48512
24607
4309
28311
6949
50941
35429
33329
5511
41562
47693
82535
22396
15950
68120
40740
57482
81313
32917
60606
9387
23057
34811
43107
18796
67921
16896
5580
6826
56074
45270
25359
73628
47057
17795
63367
64300
83867
12505
20496
48616
7259
23779
67059
73881
75938
63396
23098
72059
28088
26512
23656
41250
41158
67484
77090
43901
4398
12436
50047
7394
79420
60500
52180
72702
8811
8797
18075
4869
59043
58782
5601
11971
15965
22905
80411
10361
16135
47743
14825
63459
28148
57586
11853
52126
45328
84716
21348
35907
56351
10515
44944
32808
84469
34836
84689
2327
73939
6941
25581
35628
13890
5302
6950
53366
2900
65576
58800
46286
19085
39458
25442
76621
10793
21012
5076
22285
18697
41211
81421
15385
38128
52572
34264
57216
43122
84474
20260
2289
5608
79426
74162
34493
33306
6946
51213
44217
64917
36122
20602
25315
42099
54895
28079
8769
51827
63416
20116
2814
50816
45373
24628
60749
38199
79351
60602
50917
84456
59398
8706
42153
2981
77686
51683
44060
33457
86010
59394
9279
57231
78519
8743
6282
46299
62000
24688
25588
63361
22350
20393
86960
54871
20641
47672
81411
59602
79105
59040
74628
66372
48553
5563
66229
24538
24278
47713
5467
43813
52009
31180
20716
48739
13482
53658
36176
12410
64174
7349
10339
17550
8235
23430
55032
86175
26376
68478
82883
22497
7504
4290
40731
28974
8745
13495
33648
77572
61979
76185
71012
45476
46270
55642
59647
63085
40525
8879
75910
8297
51481
47199
77248
8889
27461
50337
85801
31888
37240
57602
60741
44900
20158
55062
27244
7840
45301
62603
32683
5277
40556
33145
54906
66307
66035
84734
64237
40945
8779
18835
5889
48497
6122
25617
32870
45530
82152
36058
15240
71251
32348
36053
74647
52747
42533
9877
20513
48460
56815
47299
9108
16470
33680
70137
18379
70377
77116
65589
85846
6890
19361
62450
14717
71809
42214
82033
36958
15898
23209
10001
33767
80866
14816
33371
66396
71727
45506
71574
11820
38056
17971
78188
82729
36716
25573
28673
75987
38636
21913
17876
84463
5724
48623
48579
80255
52116
27941
75878
71117
18982
42140
42281
6926
74262
38080
2717
8844
38000
7626
22549
59650
17171
13882
18961
16162
8028
30695
84735
8287
78985
74633
22317
6925
80377
79422
20363
18341
8773
15198
47694
12389
20511
2846
21056
4220
10329
3127
27527
45409
64218
18041
2398
53062
36633
69684
84059
56602
5326
57228
27416
71709
52763
20354
74744
44670
65353
72177
33986
37985
16133
25475
44729
55637
37288
7540
14336
17804
15253
52860
4701
34601
45507
18329
49389
37724
55038
16394
86634
77680
85388
14443
55054
4718
74742
7548
63406
50870
15138
5079
50092
33649
31439
49277
52082
80843
84472
23266
28120
8737
11865
74253
67517
37255
39209
25618
33962
49327
12330
22208
49283
36718
73065
15263
50272
74673
70928
12573
19296
56981
79100
27922
17638
45487
45081
75381
7685
12423
55235
18409
12348
51228
71381
38320
16124
17104
20131
38886
23434
25468
5107
29552
48322
14896
57606
4144
17221
21583
37917
21577
86666
30640
14405
18089
2552
73253
28964
71526
58641
44938
12313
21918
33639
40782
42826
73919
65084
18651
51589
29011
6624
9928
60779
45509
48531
52057
17150
6875
7253
19291
62036
52058
67826
17222
63291
60107
5595
76879
7546
21523
23819
16268
36037
86815
73662
62592
56842
86738
61471
67528
51657
47534
56422
12060
56530
75354
32782
35783
54576
15958
10868
84505
4702
21627
18840
59962
14035
38013
68258
59652
55724
34872
28233
3025
25937
71268
10085
85482
13909
15967
56096
52078
60782
56369
9886
86270
20083
52783
56112
50862
67050
53670
69850
14056
52213
67025
79776
44485
59504
10850
8827
10337
33144
2914
38098
77108
44841
74727
41002
34168
22236
74373
85018
29008
66266
52193
11876
20563
6958
16041
41890
46678
45310
10843
72312
5200
12129
24629
51069
59619
73967
21204
57996
64922
28860
8232
8887
32778
15971
10837
60766
35607
73615
81182
32646
16294
46933
57567
57466
45355
85452
38046
61084
28900
84791
42979
8837
6956
7709
60767
28445
75859
76349
11874
17835
10336
24045
76182
84738
8744
10545
82994
38322
22312
22261
10434
80838
51712
32759
19165
35390
50893
78495
10338
17568
63377
55294
10426
60177
17916
62023
60942
36180
23682
25097
50859
33976
11983
13469
22327
44906
44885
66412
63026
74134
72041
61713
24643
7545
84739
15894
23287
74360
18095
43100
45708
34612
46271
84359
15120
14783
17146
20636
31187
22487
67666
47738
12482
52105
15992
30015
60739
77348
5238
43712
8862
8233
9362
35752
8803
4683
12310
27300
36522
66059
2688
85762
12261
37926
46835
63451
25397
77208
52770
59129
65252
6864
63254
14218
10749
34079
52161
84284
60755
28054
8275
12325
35354
14388
17154
18204
67278
14465
11305
45019
32420
47175
65270
60091
12276
82767
51990
81795
60491
44390
8292
86657
3177
37776
3001
59184
85815
22361
42517
60385
20826
20071
65324
49309
79564
45892
2288
42698
54279
33345
27312
80330
39713
21618
10684
73296
7809
12318
42712
75959
28078
48740
24630
8781
67288
54566
23337
52379
39629
38869
27333
20215
8343
58369
44934
26816
62799
81427
56454
18598
8068
31440
54337
72097
2821
5684
20776
64701
34266
44706
63306
43237
58799
3552
45009
14743
6758
18845
79276
6876
47995
59431
65695
22851
60098
47734
24280
2941
13527
42172
9963
55736
12440
57557
76877
17070
77296
71104
77643
30665
23078
48573
12264
10075
73004
9982
42983
56304
60765
22239
34606
6756
65634
8876
13912
33987
54949
58758
33894
86812
10357
73263
11880
64954
27854
8698
52073
57488
49888
63794
16071
7357
66373
59865
28496
7466
35963
31572
16101
76159
79167
29678
60722
11964
43119
56268
40886
16525
11288
51344
2630
62505
84471
41238
20356
77577
63047
5638
36152
64523
17050
33968
72047
73923
22706
35989
27571
52112
47380
11898
44779
86647
7377
20050
47882
24686
26971
12230
60366
55395
63346
42436
35839
82381
63422
4223
56456
48562
5993
39211
50141
7494
37930
71548
44732
23598
2878
63355
28296
42552
41768
10109
22304
79659
10656
64230
33705
18079
65817
25942
71482
4709
65831
50858
15278
50568
31173
4813
53012
28915
23235
10812
79515
18827
35825
12376
22347
73530
20498
8402
32718
71644
86714
38666
47216
76381
54998
11848
76228
14881
42791
55120
80759
25932
72054
60973
32810
50320
19172
4243
7976
48575
7107
36634
66294
21181
10768
22560
18035
18791
24256
34674
32664
43021
7543
17112
4485
44712
68760
32805
27901
21585
54888
36222
79206
60726
60478
60444
33969
25427
48092
16043
79234
23087
77772
62806
8912
27021
71484
61651
75712
22375
9099
48063
15598
24126
28894
43196
19735
32809
52749
28365
5880
11868
25585
10865
84544
31543
18339
17964
8817
18733
36433
20781
9364
52044
20599
47801
43816
13855
68276
34144
29026
18332
84362
57729
25574
66719
10863
54988
59381
22230
20068
67047
86528
43072
33964
80860
2844
72654
2801
70119
67852
33958
65585
15169
43150
71718
40563
24618
8273
47807
48466
8885
50299
23096
74635
18206
68353
18055
15224
4892
62912
73256
25553
30718
35697
20045
52866
8708
68257
47025
47575
18086
48164
35749
9575
8409
82480
23129
8317
16164
35742
75357
72111
17901
8245
55040
74758
4200
69800
48329
49896
80128
52088
29592
61346
52072
23007
17718
3568
21183
17115
59017
44689
56768
63268
5758
78507
68491
5551
33339
64247
83637
84486
43161
4777
5675
27263
20190
25667
50148
85082
35277
28008
82044
5279
24609
55022
55942
64224
52016
78499
5243
23233
43257
69871
27457
55827
55653
35187
63142
38798
32806
52036
67644
21916
9986
28660
29634
4717
49821
22732
60774
15508
22237
2831
60952
33910
51185
14009
77540
50048
43115
68192
48946
13818
9830
77672
4230
46480
62345
32834
15717
6948
22659
36153
25930
6944
77656
40081
42543
50243
79913
17919
17431
38638
80025
68188
52170
32617
10854
6233
7245
8259
57491
86443
13929
20109
47699
63310
25404
56482
5207
78512
23066
3005
57022
5272
81884
15699
24191
66397
47706
65832
79064
58333
51939
9912
79004
16122
55234
74612
28828
35659
25575
48494
47774
42149
17124
23051
19370
14279
35955
70379
75860
60750
55060
78253
62797
8364
5917
43097
84291
67038
75202
81068
50788
86850
44210
19787
55019
31016
21059
42835
21186
23081
35434
65350
11958
56340
31156
35732
39191
18857
62612
33646
28992
7356
61858
63296
84092
14775
77373
42077
82647
15251
24778
51039
22624
84406
41184
16508
4246
2790
20488
3220
23112
8824
62636
72757
8401
65390
16594
23008
46266
41766
85812
32852
63398
57071
13844
82049
7261
36013
28908
7860
11900
25297
9948
7454
80001
60417
44856
6883
31181
55112
55370
48258
47785
68149
18810
63266
17481
72664
55226
23341
70387
60760
7710
44714
2874
8819
76920
5208
69865
60773
3463
4706
54866
10856
47241
65595
80667
53649
51352
80789
80926
5728
31024
57608
20656
8016
65526
60365
69701
45362
12506
47783
27946
68367
52476
67691
60758
82802
2865
59886
74907
68006
47800
62259
20756
28453
3004
2863
45751
8813
55509
42132
45492
28070
66116
56377
68201
68005
3020
25582
81074
22354
18539
74655
13684
8427
61714
24289
65939
32814
5747
23402
7566
56142
32613
73237
23399
58757
2946
80141
61959
75470
72626
4821
40509
74905
73235
45523
23314
4790
4593
80738
21763
18631
80657
8261
10994
8454
14703
18958
27319
17895
75329
71669
25203
23358
40680
76236
4276
27108
23697
73979
17105
73938
84276
46008
5922
12536
12390
8501
63445
3044
6938
8429
47773
66031
4275
9097
7557
68199
69809
35257
10525
49382
71638
7457
75372
7940
57312
64958
31878
10099
56368
43222
52086
15642
19795
10432
5127
56465
56474
22989
23762
35874
47741
35097
42965
48475
22245
5536
80794
20222
46279
42535
42210
29159
36625
45026
32762
42223
51442
69843
25939
30135
22257
40754
74004
23071
34752
59499
7530
83019
64691
18962
60522
29585
61972
3012
70929
55366
28158
4247
37230
12930
80140
49832
35875
50897
60718
31148
12352
58738
6579
57577
44718
26837
64969
33917
50050
18647
16098
75353
48441
50192
74659
71436
40769
85417
75936
75903
83893
43276
3010
8873
47005
52751
52202
7578
68336
8024
74112
7384
26706
5559
53786
3944
73254
43137
4277
72697
17196
67664
22924
36956
22351
30614
10842
82640
77544
32338
41864
32685
76636
16047
48546
11327
80858
64543
6920
70382
59029
85662
84694
71162
5918
38875
37773
20667
51884
56451
38802
36356
75283
86000
7028
60753
16938
4302
36158
9952
66722
53716
20394
7279
74037
9764
4386
62047
76100
60861
22222
79530
73462
34861
55101
25375
81073
77697
64244
78597
31268
51929
60432
47671
66386
17950
22219
13502
5075
47167
73975
36050
20648
23810
25594
38693
16829
10282
25963
13401
85401
78060
65853
60772
76153
25317
52121
86809
60148
8284
4233
69906
36849
57575
71630
80658
57583
84448
47328
77660
8504
48356
80504
3000
3564
4173
24775
34001
18776
20080
77118
79542
75053
5264
52553
2412
48927
18721
48949
77433
24641
65584
4235
36049
36470
2745
16553
42507
64788
41966
19381
27544
15225
11289
25676
22278
7206
15427
35892
51055
74930
20591
18285
63579
18266
51982
22445
72758
18777
19336
2852
28124
35435
4407
17148
76050
17075
32807
48293
8913
9406
47792
77206
21616
13501
63210
72193
56063
84501
45677
4483
65028
36915
41174
57703
51690
83845
22784
66410
63315
19590
6947
32855
84445
22864
48133
27542
15196
51291
68081
32789
17223
50801
47370
8289
15461
5677
16125
33717
42598
18626
56471
55029
72998
15752
60708
28489
2689
65069
10080
56083
39197
2553
61660
25584
60777
60616
67447
16035
79860
18969
5873
80038
9074
4273
50179
81739
70687
23212
82437
22792
12058
20395
14192
21057
32764
5899
54956
78442
6197
60723
73983
16112
25145
26369
37936
43266
75855
13689
73528
17777
72044
20304
48950
80683
5898
65763
23060
81804
70422
16107
55380
14817
69874
6943
55982
31198
47892
79843
84426
67525
32421
8822
4338
5890
35684
55093
51714
70113
82973
85738
84713
4207
32864
43254
26939
31449
33354
32682
34530
48737
34922
45060
42379
12315
43098
69832
69860
12341
2939
33671
75356
18412
62016
65935
78075
70371
32723
82448
20181
6916
73308
63399
4760
60025
45314
16130
29165
76180
6913
44475
2984
33546
67973
53504
64116
77281
5730
47923
2713
20441
57741
76102
63068
13478
66375
28083
35774
11915
6861
86758
5878
7157
15066
35763
81922
8815
22829
7888
63909
81021
28009
35753
48560
34566
23067
47195
50309
36056
18548
6570
77773
18759
9937
50876
57497
38394
17861
37951
63224
16095
5744
22108
57564
20397
60742
20443
32772
38180
45894
15377
80229
2956
69759
40373
22483
23282
30769
85902
31184
20140
17162
27248
29550
77904
6871
79350
8834
55524
84525
60576
14878
4266
31446
79229
17803
47200
69876
3146
24127
50444
53042
66387
8766
8777
59658
77720
5605
5497
73402
48091
12395
52033
85779
60044
60327
60099
48759
37996
50872
53184
10779
20404
31334
52853
56444
10519
48944
42958
60531
18365
57018
2426
64744
16255
10786
54896
41943
57524
52200
33677
16944
60730
75375
44211
4216
33997
38107
22209
35771
56953
69827
17798
7370
27324
35693
73980
32822
24705
47679
48325
7344
81404
8661
80036
49785
36950
38175
6522
64683
14926
74012
35660
28113
6935
7251
20074
44692
68124
15758
22797
49323
22818
48089
25461
35737
57543
12104
60736
25227
17133
33725
7461
61729
5698
8270
20093
55026
28971
7322
22717
45982
51911
24510
72133
19778
59065
50305
48735
60450
14909
4225
39002
44704
33568
47060
80715
18691
16620
24690
68493
5733
72656
25710
38115
9920
18094
36789
17040
56324
38524
80143
65883
25249
25519
14008
31327
4384
21196
25176
48557
10153
63323
67054
23617
74532
71713
25289
80037
24218
62094
31175
18732
60364
20717
66926
5306
56468
74226
13522
63319
71488
15434
28985
57479
84473
11955
30017
85953
8654
37931
50314
55018
48703
65745
2897
60369
35823
51473
28986
41762
15174
8304
84395
71708
54926
86800
25545
34790
4928
28888
25547
33324
45890
5468
60534
23021
37706
63320
67486
15943
16115
55003
72847
27999
51662
20372
2974
59089
25208
41909
33373
23440
2926
70925
21055
20752
22013
84533
11556
70931
36045
4357
30765
7324
11894
22168
57698
17566
86781
59124
66408
7518
20426
23728
86015
10826
10870
10846
52068
21632
56355
84452
26811
11566
12358
35748
44461
12301
23425
86028
23075
84465
2381
5705
3468
16517
71749
5882
22379
36162
7385
8890
23183
79361
25613
54565
9072
60778
79788
4219
63384
5091
56434
6880
86899
70921
60721
77603
8814
28805
8062
51724
67545
27017
38373
20638
77706
60104
20520
65583
64689
4272
61943
60744
77722
73725
61976
14890
40723
59781
84500
28759
80693
49338
63453
35427
11572
80410
72625
12557
72167
71489
29637
18127
18803
5693
8807
11872
33418
65524
2331
52800
81412
40470
78307
82959
8338
60477
38584
5637
9766
85772
8714
59125
16121
17750
17084
51975
22949
32749
60441
17482
42672
63862
79355
68095
35826
50423
69700
60719
5620
53178
82575
30637
47796
25126
52787
2943
17403
4036
2457
60392
42981
23199
19742
51243
4280
7990
43035
33157
12417
22315
59367
60783
15375
16619
22794
59261
33375
62811
2894
47027
36410
4326
80881
72164
40708
7342
8663
50632
17612
27944
33164
72048
84494
10845
32757
47728
71393
56994
15747
17681
21203
20016
35799
23652
15892
45448
17192
21228
80892
8066
10086
82757
10071
36953
22356
65893
73009
72094
3022
23439
48135
73657
31752
84373
15333
25668
84690
51480
61272
59498
10158
20075
35893
50308
12027
4320
55091
42777
66013
2843
69132
72272
68244
25624
63597
26972
50263
6917
60763
2544
37551
17137
29191
30246
60348
52777
27992
74597
65317
11862
45338
38871
24251
34332
52750
12451
78955
84491
61826
76610
5180
12360
68112
31186
28325
52741
42317
42954
57530
57424
52100
65228
81078
70034
33627
60738
9053
2994
40738
40896
50056
8804
19779
18977
49337
23386
52894
20430
7114
50910
24652
84502
27929
70922
15912
80176
40697
50242
20017
57498
30642
16591
14255
29480
79571
22545
38188
48535
41269
6897
17143
12125
25579
38527
49994
47903
62575
86469
5755
44242
84736
82527
46021
17836
21517
18028
20758
56865
74372
42617
45181
15604
32720
19020
50294
66097
17745
73616
65739
17142
12386
80399
16615
42775
84447
67052
3924
8893
4475
14929
85052
10433
78510
16650
36502
60100
43055
45340
18284
14971
27531
42978
25357
70889
52541
6063
22055
57170
72995
27530
23288
27634
63348
25507
66231
4238
6951
25566
36952
52792
80401
6892
65771
4288
31020
79907
45493
28991
78515
3024
6924
38661
60745
79580
6797
33945
42382
2499
22117
14850
76861
62011
75897
48625
59543
20750
43252
25146
40761
15533
35956
20637
45518
63374
78496
17624
63248
32736
4724
80639
10143
42116
70973
46501
82051
23695
59189
5735
77069
52035
66830
82855
65616
62565
8903
81118
3764
38862
49194
33411
2896
41462
79716
44988
7340
82880
34729
83301
8238
30084
75342
36501
78140
84836
74608
23254
47081
64193
71890
64257
67395
80775
28889
30224
7656
84541
74536
64134
62918
34278
17121
51436
38331
18685
84181
60538
23734
53090
9255
45432
18309
25478
76062
23793
20478
30791
73858
67066
10698
77053
52109
79112
80802
3967
40558
86078
5290
64197
46260
82030
5518
57494
82936
56552
21864
23627
17927
25314
19357
73141
80697
66330
47587
60525
10111
35508
16114
77219
74477
77136
55988
11636
35815
63800
45490
27005
82474
21594
24762
67370
27647
37851
84555
41502
79522
68355
28246
66422
85054
52111
85003
72224
2587
60536
57473
42240
66721
54793
42287
44414
22321
3990
54966
80662
43217
79488
23809
42564
32601
48760
30976
79260
71581
50323
83550
54236
78144
30318
68103
84252
84793
82586
71376
10119
60562
84223
74658
40186
34978
76212
82851
56389
4773
70636
72266
54980
51384
84556
77287
45459
20657
22559
55085
18980
84490
49698
42574
53158
84557
79485
33355
28922
35406
52514
15634
53022
28698
86154
24502
44452
79752
74542
35603
3971
72130
8735
64704
84552
50287
8274
62948
34587
57169
37615
40686
34890
74679
8258
80668
63225
70583
14327
77620
33798
17449
47682
45445
63802
20772
81318
80233
18260
61894
55501
24716
81992
47913
77781
42696
54015
36386
81138
77583
59917
9207
47164
24261
44955
23608
13062
8647
50963
73815
52978
63223
81315
20586
45525
47207
42536
79511
15959
36443
9277
47981
68330
27849
84539
69705
3254
35685
83531
20774
30859
26937
40471
35896
34081
82018
33554
24250
44305
30136
22570
52049
30080
33919
84315
67074
40920
82571
45118
61995
40546
28874
44924
70968
70966
23576
76196
15343
41283
11870
41715
6199
10193
26667
72919
34669
23794
73515
11899
79248
32005
85950
85878
40902
84485
50673
74664
25439
59753
28758
66213
75058
30771
63438
47863
15347
42394
83559
35575
50879
17135
14198
22772
52354
74359
81043
72287
49839
57408
80120
5084
56913
82868
82424
76987
34078
10765
86008
47920
36593
34879
50273
17958
35917
56740
52046
19389
47897
66392
26892
85317
10380
75035
54557
10098
24954
69895
34900
72039
8923
86779
84741
16142
27541
47950
73249
45184
57174
57576
7451
43219
35304
65582
71700
53081
72286
23688
8650
40893
6912
50403
7456
60578
43167
60386
85189
44428
8826
24717
48991
74595
63873
53414
23238
86477
73860
74649
13162
64391
63442
52719
76780
72153
27695
13857
82891
2810
51931
66203
80253
40714
62628
67505
61948
19988
16933
2998
86802
29654
32831
56668
45275
24428
68998
82027
52163
62126
66271
86465
21051
36519
57395
62428
85244
40216
73520
76701
51118
22440
84789
8629
84478
65577
77026
13901
49998
82971
38728
59920
11071
48424
5556
32838
84271
76066
66207
23802
72485
4739
40918
57201
72618
68320
43158
28694
60463
51704
44310
77976
28099
15731
22937
45398
79874
52566
34083
74899
62358
77039
34804
80206
79896
78493
55117
30812
55448
41604
45375
79425
66775
22457
9328
18814
77049
17952
38329
60363
61348
76086
61218
43229
33988
15354
51052
85758
70224
63245
51852
50278
37855
46273
68287
57213
66136
32812
19862
57392
3997
42825
44450
35736
57045
16819
24693
65750
53005
77608
80661
28839
79249
47754
79403
82831
59177
30499
29567
63858
61011
2796
82145
43188
75681
62025
22262
5031
44262
6139
84228
14194
22012
72190
8658
70994
30730
67646
80009
63769
72056
21667
4370
42685
67435
38079
76360
10141
53370
30613
79419
20099
27570
59538
48636
55388
42313
76208
84728
65555
12729
75781
4586
15364
50964
51715
35498
71704
22405
28164
59979
45533
38891
72710
63241
39014
57151
10144
21087
30033
40019
82505
40209
60438
66383
32651
45089
71217
82897
50401
29865
72701
43041
12374
34065
47122
73204
35320
56338
71695
72114
78041
23158
50042
40044
86663
7497
74684
49682
85823
9966
44419
85512
74735
28926
26351
79353
62646
74544
46982
61178
86402
64497
14874
69755
7996
33940
20020
71571
7434
47127
52117
39436
47304
16915
69693
85900
15341
62288
22175
76168
85386
28448
35663
78518
62731
34914
47985
77661
19095
29618
45345
12257
76219
40060
84260
75030
52110
59851
85507
78436
63161
66240
62843
10701
45145
17021
55477
23700
28106
84840
60195
73529
66284
77067
14631
72269
35397
68356
81923
47166
80906
40051
21904
23203
84458
63471
28977
77545
23714
37680
47990
22353
43991
77924
46779
69145
41752
55096
78553
34548
60505
46507
82026
6227
40473
52771
17139
38082
3015
4799
4921
49322
45144
40730
21208
69715
63941
54848
60540
76328
47079
64878
32752
35837
86905
13961
28675
12874
57460
65636
43057
69233
35754
64672
17680
24508
56506
13506
44863
48752
21025
58275
64299
18642
48617
69235
20621
72250
42629
57303
63774
74550
60093
4172
40539
83708
32702
5639
43364
71656
18790
63835
40557
65469
48482
45512
21951
28772
41069
69774
22788
69373
18968
40013
10844
45018
20788
31008
16879
10852
69199
7978
42797
33777
47097
64023
23772
47745
36172
63269
51110
23739
19100
9357
77448
29873
58720
77394
19569
67248
52128
58680
25202
74197
36027
85729
54953
70947
35792
80911
10427
55972
18281
85880
82967
3335
60582
21162
63425
62675
69731
50853
49012
31269
14112
4412
8865
48307
57486
11896
31300
48225
42828
18817
23649
45331
21131
38105
62042
79430
26538
54885
69807
2797
16018
63074
70945
21822
31218
75763
66359
70443
57149
42206
63411
39631
15145
23393
69251
84547
77653
14147
62926
36110
45440
71831
76979
31055
40629
45477
51380
62690
28778
69869
77634
38095
28830
17062
64737
76211
18104
24909
9916
36001
63222
8616
63573
77682
40616
32768
20056
47987
27390
8656
4507
80879
55106
48445
47173
4416
51569
64308
84562
35817
26664
49086
77776
28769
82725
27077
18784
63825
56119
23563
69793
41495
79987
77000
35712
45371
53664
36932
71383
60617
8918
73299
35358
36140
69136
74619
79820
54920
45286
66224
75877
48452
33949
27985
84910
7520
37545
67454
24712
10138
35884
4382
83693
22145
80388
66368
23029
28931
18820
78387
71407
85731
28871
24253
38004
48283
63299
3154
54260
59169
48536
5138
22879
15264
25454
35816
5640
79778
42763
18555
40595
56238
29713
56477
48608
8307
79817
86421
50160
70948
67652
23816
31886
48454
67961
27563
22137
42803
15945
6828
38385
21046
72062
85681
85521
63421
32220
12174
10271
16094
5775
19914
53610
34839
75355
64980
56250
77164
30830
47704
51338
18846
47251
40717
47538
80428
22537
16436
70887
82598
50120
56495
10661
24706
45511
75715
31423
80632
61908
67369
41905
57066
13391
28843
75253
67962
18595
59703
80689
42082
27448
84256
38213
27699
2685
29002
81993
81291
77782
86360
77644
79371
24942
33151
26663
45749
18678
44473
24780
73522
51465
47673
9403
32845
36760
28048
45571
63588
36808
4838
58362
73486
49371
84442
23069
38159
5707
74548
22777
60033
86291
23019
55992
13146
28403
79435
58591
33263
6554
71045
78773
13825
50654
16137
74617
34067
20043
13620
45391
23706
74668
18841
79271
70624
63446
36600
82611
18574
32911
56724
49455
9958
20118
13629
85751
41182
28242
49365
18812
3434
16000
69733
42279
48498
15106
74300
81341
51553
31275
86701
50543
18654
70990
79963
18715
45508
74041
22166
42754
50275
47100
84212
48566
37690
28961
30599
83694
24720
68016
32667
35655
84385
42103
56478
47958
6281
10238
24682
29004
63381
80370
21041
32788
31817
67546
27949
68753
32698
35829
73877
77717
53084
69271
46827
40178
67608
37957
80883
25081
71171
69474
52790
13596
70118
40840
48732
41867
56507
31274
64150
80686
6205
84247
9148
22343
85825
68925
69665
23721
51936
32970
2971
54735
56459
33959
59803
22326
54869
2965
75233
43005
71110
42718
32844
57046
62234
40194
63728
29842
45382
28477
12496
41161
61095
2463
32792
82951
77271
37918
23821
3029
13958
42560
5623
40084
76837
54567
51716
38106
38989
44200
10722
25224
38898
13413
81443
66960
4935
41280
59899
32903
42344
77951
56844
5164
84998
50291
50429
40589
77965
10273
43388
31869
14370
2883
8380
40294
18077
83566
51469
17489
49362
32605
61350
28872
67455
37635
46158
72053
18683
75215
74035
42646
15937
17006
3818
43365
34765
62136
10757
8860
61031
60712
42092
6822
43560
32577
43380
60059
45378
76209
21119
67413
16040
32793
68335
63877
74170
57374
40582
51674
70531
28047
42157
56896
22528
19022
19274
23689
67758
51477
14436
42819
73904
56012
84419
2908
15990
65870
57944
71479
22240
45551
27664
10796
17490
43209
13549
72323
44109
76213
72221
56335
66256
38448
47391
10043
72222
82025
55092
56243
48343
16444
13387
69635
51447
67762
76350
2808
70447
86321
5585
27636
48489
17542
74671
69882
5542
35800
39604
6512
54839
65550
32733
13273
62710
56440
51418
32915
80901
48939
9910
22141
71423
55114
13168
7313
6178
51216
76953
40759
25708
3542
67490
5024
2904
78328
39998
73265
51194
61960
23647
49810
45298
31128
38067
33109
54865
15694
46660
71008
71299
14948
80755
64912
31114
18805
40781
57380
46614
63110
65356
39722
61032
14938
57612
47071
16144
31315
75667
59310
27552
40735
43061
81701
16451
10867
25296
17456
44368
77347
16148
12148
3373
43071
28895
64018
66370
38072
15939
77701
78903
13423
14920
57037
2850
79818
50531
22613
82449
85021
16013
9184
61755
19602
72076
61030
86785
12092
57036
55892
73512
80905
75711
36213
40103
15726
38053
14046
63338
63207
13390
58951
31101
66095
22377
80700
5593
47905
67507
62674
63177
73252
14281
59079
3790
65137
62006
51680
38210
51200
51311
28049
39746
50387
71495
14000
69838
46474
40651
58843
57069
16599
40032
52189
52185
64971
29458
16073
57067
48559
86846
14002
39605
31089
86588
31485
37656
11911
76835
75493
56352
10833
21281
44481
64381
28697
83696
59881
23270
47169
37184
21520
8930
85660
40628
32895
23710
7814
2551
54850
38124
86374
73958
7607
77189
9412
70963
46580
14383
43079
28032
42255
62339
43197
9193
6710
64060
26556
43212
42141
32392
34336
11819
66413
2884
38872
57080
69540
60162
17041
76955
64439
86492
65797
30711
57587
69896
47118
54766
30905
20286
14728
55064
32353
74756
2988
40685
53589
12150
48366
43138
70612
76472
35802
23092
10256
78949
48743
40564
18907
25596
70992
10543
64411
55703
56331
18279
69776
14407
38083
32274
65227
9402
54020
22332
86623
51918
51932
24727
53108
38537
52357
80986
25555
37612
72511
12714
43256
24956
70607
70954
7629
9178
79779
62615
51381
41892
6857
73878
27428
23635
40603
28816
2435
26970
67520
47498
69127
16150
28080
68118
6126
72248
28857
44326
31966
56496
59888
56992
31331
63073
76967
65189
28821
4284
36266
86425
83909
74593
47999
2633
48702
18740
58802
17114
42209
31166
56445
52707
28417
77596
2371
45027
54889
33795
79540
16916
70862
50122
37559
47496
21137
24741
58633
64219
5726
65484
44669
28956
52789
40588
28755
72936
34746
6678
46096
22163
77768
84352
50297
40611
13973
81358
46340
67102
70940
15227
13852
13451
12500
57559
60482
15639
59693
55692
58972
79996
56901
34907
34614
79002
83253
58759
18677
15951
86337
63265
72182
19562
35746
22884
56334
73800
22576
18294
20610
13877
9336
30666
33736
18749
38163
23676
43343
10726
80778
33175
63052
14905
8825
38097
57321
77501
19854
38727
18044
52441
66174
7257
44410
68882
83701
66348
43080
5165
42559
21123
69856
27235
13869
47642
74657
18241
42197
60163
28053
9621
72455
28756
64566
60256
10714
39602
76514
37919
79744
63347
72146
36506
24030
28035
21037
35499
80394
40297
59621
17130
68042
86919
51318
85103
28957
62546
67524
24552
4418
35741
38003
74460
51981
7078
78870
37696
60404
25688
13913
49672
35995
21151
59137
13940
38332
15623
22782
71366
59526
72102
35834
48151
13575
66335
14126
41073
78899
41969
28923
10996
82313
2989
21050
55805
44742
80033
54982
35585
76853
80733
56744
60459
58563
85658
37175
23655
5498
49586
80704
21112
66326
80913
66420
72385
21237
8812
55097
32666
67242
22403
14879
23725
37710
85742
24835
45308
62625
25021
67743
4525
40250
34706
22793
50285
69661
53503
23732
55643
77547
66277
22120
32063
66418
9942
74311
81763
72001
42963
73233
24763
45346
2855
67295
30521
57518
64084
86921
54322
30307
84770
17138
10696
41871
4656
55396
60989
30526
44474
31077
43075
40120
23707
34546
57064
50265
70993
63968
55001
63461
61678
18667
17459
30331
35781
14482
76220
47165
36039
35584
64989
24429
28353
56349
35595
41885
79374
82225
44156
4401
28959
41068
7958
3938
6903
59698
85780
81936
86514
2369
45186
55993
45462
28094
7130
54851
33141
79423
13586
8755
57743
4624
65673
44630
18382
63234
82394
50671
7242
66159
21697
86088
76194
17679
83609
51116
13581
23421
64529
23685
67786
67221
69862
48304
26823
60095
77973
16156
42871
5474
86808
36717
41499
82060
59064
12875
85773
69741
77192
5661
63196
77599
17452
51198
70853
75688
59344
24391
6792
72238
86165
29840
55123
30694
71880
24308
86530
23838
76226
25377
34603
18508
62114
73027
2830
13895
23797
84336
14945
57012
85932
65453
63414
61151
36297
56460
6952
86096
69125
25268
67642
84324
79285
74448
59490
57562
30103
74458
45281
73754
19398
58786
35251
42469
49250
24702
27234
82103
3572
13584
84345
74570
59978
73503
10841
8219
44113
67304
4244
80638
51999
15921
17247
70037
69888
29039
22976
38166
53412
72120
79769
15970
82097
10791
32923
8700
69153
6877
86472
67518
42451
5310
85396
49833
72029
40640
35897
17672
31288
65470
69444
21521
4253
35157
10281
60396
8749
79535
85850
5334
14289
33513
63209
67246
5295
50164
43213
15545
82795
69157
76199
52625
38561
35060
63434
61984
27236
16091
21552
40227
82121
64075
43710
30576
22729
57596
36637
85684
38931
20287
63263
48486
70927
82420
56385
64609
35599
31182
59385
15631
59884
16443
23715
69857
64100
13854
77508
79444
27170
33085
45395
18172
28795
74978
10409
51912
66419
34852
18513
28799
20344
5237
36400
4613
60509
25218
3778
86183
30558
20405
32892
13935
76899
35936
41593
59101
54246
44936
22280
10806
66697
60408
24843
40566
17439
40606
40773
80499
71033
31877
80724
37590
15768
84369
47250
53073
56443
28928
2854
74661
33675
85385
23100
7192
36023
79713
53403
14912
38851
24744
2444
40744
14062
36636
30600
38065
40724
38990
26251
14113
45433
50119
14033
8915
47466
14145
46217
50871
63340
43225
51843
10872
38623
24714
5537
8407
20473
56302
49906
70464
28973
13780
38324
67850
11891
66344
82534
76104
74601
34479
74317
82810
25295
56360
56504
2889
19947
72196
36943
70949
57765
56694
69887
6859
80880
17675
4468
18233
85744
26804
85836
55978
71728
86445
76855
58834
7949
82600
2885
57215
28668
4267
42652
69362
10737
33749
46895
13515
33541
86480
41617
2413
50810
42859
46288
28198
69191
25104
35469
33715
40948
22693
52030
67058
5221
50076
57218
51498
43775
75969
16532
48129
76863
58452
43366
78325
60171
14499
28806
72040
58570
80065
76775
74072
21359
17536
23201
14355
47094
65459
67356
11967
19113
71591
30483
83016
11969
46884
3401
36580
27135
85503
41624
5240
81759
69201
75299
76670
82413
72234
6631
36897
86363
29649
24310
18220
49792
3844
19352
35519
58876
6267
14367
6032
40240
29072
4041
77870
43006
49035
80273
42477
40047
38860
46930
24029
11084
71283
72474
58033
58943
23039
29116
70205
48291
69318
50675
63736
59488
11998
46892
74549
63984
50103
4480
18553
74975
65902
19354
86727
20183
49055
30825
20828
59794
78475
56932
42688
47857
80471
23215
71650
20899
7696
41891
51297
63304
21858
41127
8474
86110
71887
26682
70704
75005
26336
50180
12497
71802
49141
29465
20124
17815
68463
75809
75346
7063
46124
55496
11875
53627
46399
27327
46018
35361
71274
34268
64675
24697
72627
36520
28355
52098
50927
46478
46546
52811
17605
4744
27153
64679
80334
9797
9798
26555
70863
60549
73744
39596
77445
49944
43999
41059
43526
9794
31829
84859
45558
63395
67911
53566
37000
69544
9799
44813
66562
65016
9149
47197
30474
42231
52600
38182
71888
75815
75087
34929
49226
9244
12495
48018
19084
7637
63359
25622
77723
75213
44464
49921
49284
8020
12523
31665
22607
51319
52816
70083
65903
78403
19273
57930
13204
65547
59681
7083
20862
50352
37047
42635
76980
15186
31487
33502
33507
84203
53612
50695
31239
40508
52515
27351
46207
39723
47580
28929
59183
42294
36099
44705
43475
84831
15470
3109
46956
46979
51499
46097
70701
24325
46148
51294
73601
39598
84958
14172
61786
7721
83910
24768
7881
7071
63875
46163
50797
50764
55522
77261
70676
27221
70702
52053
40479
5430
41801
12518
48287
3413
57278
36351
9334
51726
7748
37170
24193
82685
65645
53182
11576
62362
36202
53707
58075
26669
53433
29477
76107
41091
61047
31676
12726
40970
73197
62519
36482
14964
29437
48503
16341
55364
5903
49836
16136
57333
76822
7086
72508
27218
40682
34543
12037
71331
59791
73833
67419
20665
69828
15432
33810
41049
15884
71623
38138
50799
12019
42746
81271
53665
76808
52743
49825
17570
24081
48362
81178
38026
63468
55410
73643
55459
43403
34547
55220
38691
69453
73670
71273
86032
3153
41515
49251
7068
5433
26086
3168
36741
43645
12524
66798
62507
59405
49324
53596
2325
9270
51636
84833
10399
43532
31735
7472
51992
16925
53676
11117
17551
46836
30570
48235
70394
81172
15163
70896
5036
21533
66942
68324
15398
7549
6148
62110
8198
30663
6640
31022
6725
62408
57624
25182
17854
27116
13503
43166
52175
29470
51387
36581
55641
2928
73710
25213
75022
45412
62610
62611
86928
55479
82442
31976
77131
14849
58112
75207
16089
30728
36412
55639
83727
69149
30723
12031
36338
20256
30727
30671
66944
78083
31012
68393
58030
75522
22279
11722
11728
67238
37389
73500
32303
53686
16693
71220
65070
67698
79636
46699
36250
34992
6966
19464
14694
24329
65267
25279
19957
62276
44110
47477
6352
75797
82821
70727
11709
14178
53244
24995
6345
83135
46430
37390
44537
64016
76468
8120
19452
85975
56675
44120
3618
46451
76484
86117
67705
22631
44078
11712
66576
19543
78953
56557
16889
43910
19959
4100
76295
37112
17414
83915
39280
70800
58447
6096
24354
37379
45988
19920
62072
4083
72952
83558
80610
77079
44065
62280
19967
62209
58309
35027
51822
14602
28897
12775
25006
21779
53238
65208
78963
30360
61450
55985
64377
64602
19968
19454
6455
63945
58463
46522
78151
49754
37396
19526
52430
35210
85355
78521
21725
17436
50501
64553
56018
75656
58618
58689
83961
6983
85352
2430
72594
3527
4111
37359
17464
35025
59274
46448
16820
19904
44150
29258
82210
55873
17460
56857
35232
29441
76499
31580
32224
63910
4061
58695
37381
29866
75729
75608
75742
75499
17413
31797
16872
64336
30761
25009
44115
61433
59313
41508
8898
14682
17387
41921
32080
55967
11714
41321
48857
67694
56700
16873
81541
55955
59292
79596
59321
3621
10296
8460
65209
64348
6174
75794
33701
56721
43744
61431
6357
3803
44332
64557
75768
17446
56007
44533
41167
61458
16058
16783
16064
67124
72461
86112
53761
3620
6338
53247
8652
14689
4118
29719
43902
43890
31160
8626
53345
49482
19586
85295
16893
15691
29215
46713
50603
19972
11730
9512
14686
53217
49503
10349
8140
53253
3635
53230
19445
53241
78889
4056
56004
33091
3753
80487
82213
34169
9787
23141
17444
4915
31176
24352
41542
61637
59165
56711
41925
3642
70479
22585
43873
49185
53289
10052
85187
69863
41338
49469
6973
53347
9510
82699
35207
59150
75816
6980
55938
62153
73484
3776
64504
37401
59330
67407
84319
66236
76527
16838
64354
45248
11163
58461
46436
19929
37383
49793
86068
36290
41914
44151
21713
64369
8139
16565
59269
35007
60407
61672
32302
50520
19536
58561
82140
46468
22612
7014
6985
50546
32308
14565
59276
75783
5492
46442
3768
31831
24999
8145
16856
81453
29210
47408
5191
85397
61440
4094
74759
19477
79297
79097
78360
82217
53547
37651
70616
44063
78964
61457
85176
19942
3319
35022
78682
6489
62251
27194
16867
50566
49789
6346
31161
81636
76531
46413
73505
24315
3634
50518
69189
49489
53262
86019
11734
33034
56679
83552
3917
27439
21856
3806
78914
36087
75703
6475
41467
33050
17409
61666
49513
76486
29478
21360
70460
75516
47548
17469
6999
9669
36253
17434
53315
35041
86265
30978
11727
50522
33068
32305
23104
11789
9712
6988
61452
33077
33950
37630
32315
9808
81510
63919
33073
78929
9529
56997
30390
4086
46744
21887
34385
49790
33490
55957
75746
6353
17437
51020
33061
33036
14739
56859
77534
34991
56720
4096
49498
82215
41493
58213
59297
78621
82234
76969
21723
21696
41919
17843
3763
78611
32278
63272
49784
61014
58603
53236
43501
53255
44542
32233
53232
19461
41485
61837
75546
85269
59312
64918
62313
37388
12246
72628
53248
6335
16708
33056
17412
32205
8126
68208
41564
4089
49694
36271
34987
30357
77750
82710
6972
17443
75553
46423
61445
61108
80903
50380
39147
79798
8124
61648
49484
29702
83541
23170
34162
49782
64864
11037
32085
16871
82204
29105
43885
49749
21880
16890
78687
43881
67700
59291
47410
46469
71459
44549
8368
56681
62231
86054
78686
17478
64069
11359
9508
15015
76498
85754
82259
7237
21708
4116
83125
55810
75504
56683
70144
16712
72930
11719
56685
46431
78760
78804
58577
6968
8982
8848
58465
50504
61518
15001
83340
46667
6969
15006
75367
17440
73489
6422
86099
73501
44557
61455
58647
75495
27653
79629
37599
55943
50753
9507
46456
59294
81793
21705
76524
37044
41929
64611
64437
47422
49481
11713
39270
64464
47469
79635
81158
44027
67152
46702
50537
85303
37426
4072
21721
9658
46450
62192
6962
51245
35037
47636
44547
58457
73485
49512
49628
19983
3680
85415
3810
36283
6420
4404
73491
35192
78652
27802
17438
44434
25000
19946
61441
78664
44912
23049
61460
53030
22586
74706
21264
55968
82214
24351
58693
46531
83555
58189
85160
66811
81584
37374
6372
14550
6113
62907
58455
73499
86926
35209
49092
3762
82205
35039
46467
50525
4098
3428
14605
53579
42705
59275
78962
67117
47464
62253
6974
44578
55817
79834
73361
70458
19593
76466
39691
81756
16837
8121
75784
80423
9486
61836
78690
80052
35212
61483
66770
39459
7527
14666
25039
71207
67146
3636
50428
65593
76461
41923
44011
53139
21707
67169
61675
39216
53228
62203
82236
31706
61439
22495
81648
53235
14685
82889
4138
67094
30505
9524
78678
70269
58054
32071
70101
3752
85832
58875
57089
9655
78757
81533
50540
44143
75474
11351
63833
4066
66021
53430
35008
44017
76533
8136
21706
58462
71209
24186
65214
49654
83681
8489
46672
31513
78945
32078
37395
37813
4075
64324
75776
59272
3432
64526
59623
22574
55994
76198
9499
49506
53393
79162
15721
75808
64821
45276
44541
76290
65207
4067
63569
70564
76562
32083
47450
21695
76501
56682
76712
85672
17715
55908
46661
7016
46822
73506
65657
81988
19922
3714
46025
51719
25022
82208
78820
6337
56671
30346
61727
32158
59535
53300
25014
47337
75500
35228
6343
62230
42136
44117
7018
73000
38489
3791
59626
81652
16406
65138
44130
81449
70664
84508
46470
9519
71224
3808
16788
78950
19956
56653
64412
49630
70600
3125
59271
29277
6992
77730
85349
76502
17410
61420
73551
61668
9501
78348
15709
50506
35024
8385
44149
46440
63916
9526
44535
4090
30354
4091
41823
24353
41961
59389
37463
27593
50499
30382
78622
81528
61650
79612
52627
32074
14276
30352
41962
64413
70473
33044
44102
83914
11733
34236
14652
9293
75505
50512
6358
58639
51276
14653
32067
33643
82241
46134
68816
43898
61489
66881
84207
49500
47457
44570
27861
65215
84251
50731
29864
14561
21698
13357
47425
65213
76601
8319
33046
76465
78724
17623
12433
44134
19931
49507
6409
11716
44137
40992
9714
4911
49137
44040
63691
16684
34904
80295
6045
6970
46449
83573
35196
9495
6463
25001
42950
9187
7966
22969
47411
8146
68754
5958
61444
53245
32092
62527
44594
12366
59420
11736
75513
62258
53240
62257
79597
85050
19563
13325
64189
76482
71608
61619
6356
56680
53362
19863
70589
64488
75545
30347
19932
3704
35038
65211
28087
37358
17441
3721
43894
62372
59139
77879
40522
58445
74244
29867
16704
34990
8360
72613
21421
82224
50523
67824
37195
47451
11358
3639
49470
16409
49501
46435
51926
21712
17423
73493
70645
17474
83571
86060
3708
3696
50502
41337
43943
43908
62279
63587
44145
44858
29721
37405
16826
6354
59277
78683
56005
21699
82200
58881
70236
71180
29856
78380
25171
79490
68156
72850
46432
9506
29801
43665
41957
73521
59445
65672
16852
9435
78967
85381
8712
17979
79539
52694
86106
35045
17445
31741
75547
49499
41344
33494
17447
36745
59429
62220
33100
46633
57031
50505
44875
74980
17442
62200
13473
29569
43903
61453
72531
16701
26818
33060
56009
6479
47416
5815
6997
19918
74721
53252
53257
83430
19594
61190
44575
11721
58709
55969
80713
59301
6460
75592
83134
17462
81400
4645
11064
44579
32086
75496
46429
9645
49511
3252
85577
52573
24897
4076
33041
19969
20387
43907
17448
58614
4436
49488
51956
86056
6556
78378
79865
75517
6494
4059
3612
9025
9488
59331
78445
53183
79823
70293
29461
38564
21351
55973
70222
27425
30522
15153
50723
35331
21381
63615
43517
46101
6150
37121
30510
58053
40966
7303
31144
80395
46027
27633
43909
42401
86659
20848
27981
21003
44693
85334
52676
6135
30171
31825
53792
30326
12014
22921
86661
59580
72499
61844
6874
69226
30513
45519
65966
21456
42753
14319
10307
25434
38326
59569
63776
59527
38845
17863
24830
56192
38882
5121
24831
41046
84887
74326
29349
80175
52604
58175
71672
46959
86651
42666
27598
19617
39195
69448
34360
56255
18343
86413
71629
76068
63261
4409
39190
58392
10715
14386
29628
34802
67433
4020
18375
81072
17974
51058
26831
64345
68731
76416
18245
34818
4176
62003
33149
29436
57679
77128
21547
13472
85307
14267
46186
19293
37066
58332
42325
3420
11101
53383
20437
46499
72543
57780
40318
37201
4215
58949
67361
58351
10364
45226
19614
11098
34485
72425
18615
61314
73171
62954
66950
7691
82684
7928
20187
29336
13667
50071
58247
24972
81100
14969
38836
20364
66118
11231
38779
80891
66137
19158
68322
4751
41655
75227
59571
31742
77034
12710
42417
75184
41535
33501
52413
14708
51422
60293
46053
31784
32174
7302
17968
85829
43581
32600
54506
4992
83784
33656
75092
51273
3429
71367
15542
8435
42873
21596
64158
19613
11144
62958
76265
60224
30152
10303
52865
27526
79917
43727
82993
72650
64695
46940
81018
46026
68710
31821
39957
58271
54976
29323
68246
21345
77313
56862
54263
68709
3724
34346
25464
84757
59518
4947
68364
4599
15708
18809
16475
51334
16127
66542
34733
78305
64183
57981
24575
15902
16392
39226
18254
43669
43689
48704
53602
64003
83908
13450
75864
39689
24982
49722
77749
58317
55589
29198
63122
71863
21575
24002
50069
20574
5096
77881
43953
27780
45929
78625
72390
27140
2340
83425
67668
65201
24099
39655
66925
19685
22741
62211
24569
21540
16930
20721
20289
29749
77031
55660
18054
37055
28615
45864
65297
59476
58280
53495
42268
43630
68191
79115
50640
79912
35417
49826
39164
13461
58185
40230
75115
3884
9360
85726
53816
18321
60684
20292
21488
46613
9475
69472
79676
79916
29659
37767
53101
72401
47787
18306
76711
29450
50690
19865
17697
32265
44196
86539
71598
62899
78024
20290
47401
51121
18118
40916
23208
70291
29981
83858
68363
36582
62659
24755
66740
19110
23182
15618
79116
81262
74937
71827
37194
50037
39462
43675
21213
58394
80148
49801
75209
31756
73264
50981
6790
29975
27590
39177
61906
37202
85299
63804
7687
47381
32024
71711
78014
33800
56931
21236
86708
61257
83886
52429
2453
33608
46255
65465
29914
45959
20847
67982
77368
61549
44131
78991
15128
51262
78449
43798
27874
18139
24974
30339
38618
74947
78485
67110
45254
75281
29625
4764
59761
81252
43656
4585
72803
34397
66989
58325
72679
46817
11032
23142
11240
37244
86138
15700
62556
58170
12370
66123
53685
40223
81196
11683
2520
49162
68127
71516
57444
60133
5244
56928
52954
39399
75075
70330
7708
36204
62696
49229
63140
42408
68375
12916
35416
2534
14143
84255
19611
62552
79909
69403
46144
49310
54613
31844
41223
61208
5131
84708
43851
70130
13544
70284
30596
34161
40140
65449
54081
26916
78851
51103
56638
23185
4262
68157
13174
29830
66880
12637
68218
21270
62725
23355
66930
11673
55987
27962
21911
85663
46402
24155
77311
6590
26423
72822
71597
76866
29632
44517
61193
82335
79698
64015
71512
21620
31324
36227
6362
4137
28243
46252
33506
86379
51270
83551
68953
77316
34467
6165
13604
15297
14524
76356
63160
38746
43711
47810
72640
52664
3407
2342
75869
5073
24052
26572
61843
10310
59591
16251
11254
70002
51811
29668
56244
46814
59104
75971
81792
59586
26851
24853
74798
46796
49838
58763
29930
79518
56580
60120
63605
26091
13343
22433
56316
44872
73742
38490
63598
67957
32400
65132
68850
79125
10417
24784
68849
73352
46756
35363
64732
33914
57808
74749
40799
71056
70699
37729
83979
47566
79854
29945
25204
59111
68923
76687
21923
84391
63105
31426
49923
18065
29950
85493
69551
39446
44247
68002
46800
74736
58753
73756
59114
59099
39906
76664
56520
56315
54749
25167
20823
36456
35322
62436
69165
51303
60709
48829
75124
73803
76622
69920
68915
69550
49892
60228
74355
44915
84079
23764
63623
73057
51378
50634
44359
35424
70880
26150
7600
60248
48141
41572
26576
68031
59502
32389
68922
62531
27444
44451
25158
46829
82403
58956
49895
40126
56558
69928
17599
54314
67440
8466
50366
59584
68869
33803
11498
67936
56269
53486
73773
15522
73028
16904
33618
69462
35437
73661
56533
21019
75946
58765
35349
49889
38479
83367
47086
68506
73792
35326
68872
58829
64662
65105
13616
17202
86359
38548
83535
20892
79454
12882
48262
45253
53483
44358
68053
12043
86097
18193
69927
10411
53513
31209
46725
73729
62361
21941
59419
18191
71063
59517
80517
68980
59194
50132
56834
79052
32371
73716
47257
59461
44940
73707
74322
62043
25131
53549
79121
28433
58240
68444
48271
56253
26673
68449
79448
67933
64693
69533
56550
60123
44171
35319
28436
83948
68852
64729
27857
73049
70692
68859
68985
55247
20835
32408
20247
36367
44431
56843
72967
25212
38424
53526
50646
68433
24863
68013
24519
82391
73681
73802
73328
24865
50642
65580
76653
65373
17515
84874
8194
31086
69639
33296
55538
82960
51850
4579
43822
14348
50651
86020
43439
31775
23815
81791
80318
3577
42474
31830
31466
78242
4545
56904
21693
27482
69632
53748
43781
21326
59551
52135
80985
57538
28302
46844
39362
12499
30902
84194
23132
28340
36059
7849
22535
16509
14210
85606
22957
48723
42016
75080
12372
2498
36805
4218
7985
24941
42025
48720
86418
48435
76907
37068
31709
75102
38300
4378
51135
82890
82110
58173
63055
17957
20282
31662
48726
20644
51698
30244
66957
26802
20299
7968
8025
75000
17072
15476
63079
43679
67307
4563
16638
49037
75093
73368
62724
22064
63011
28686
19111
48913
22979
81423
17106
37192
53652
75048
81496
44231
16924
71097
6597
50960
36337
29620
26840
84941
5263
71976
81282
60175
86910
71599
61840
86887
14833
72571
36127
82514
14211
31586
63217
59948
73703
3377
19853
79207
18057
25290
10666
74291
42276
37279
46140
82406
74483
53804
2697
64342
49972
30740
15149
3385
69932
14230
9300
86236
85564
22443
77651
16373
7635
23248
61743
6116
41019
80022
52313
79187
10639
4039
27095
4549
76809
72551
47611
22068
53801
17665
46851
19261
7084
7693
53604
53777
22067
79781
7537
30019
45020
52592
86284
53673
50479
7510
7965
24943
35450
45686
20999
12504
75231
24195
79850
81285
12066
41800
76096
76289
60076
72612
77021
36429
11326
73247
17307
73942
58871
76881
81705
37162
46882
52325
48050
30245
4204
41647
41252
78534
25155
18538
82662
4561
62754
48895
22755
17797
16621
71972
63083
38903
55061
31171
10928
43638
16518
20980
3362
86287
77280
81134
16485
36937
78369
65199
45263
43663
45687
4581
78390
32993
73391
15158
28154
75002
28632
60024
15541
41856
76363
14963
27786
28274
34491
38628
63940
48009
10645
47647
43615
66710
86348
4808
50025
36863
57286
84943
4767
85515
63179
82651
7433
27181
40998
28137
75366
53759
77184
22998
81243
49076
80067
58190
76660
69881
51192
81890
80646
37299
64258
27196
17582
22828
29652
8382
43788
79883
61143
30228
31766
30762
82977
24914
67481
20649
33672
76073
7984
31105
14818
34378
52316
42088
52576
55615
27081
64698
24184
8762
17583
80383
86009
74306
86896
36900
78358
56907
42244
50410
45195
79730
62854
31714
40985
19377
71665
50768
25609
25682
65443
76235
77011
72457
10984
31803
59247
51706
81868
34689
27686
16399
24548
11515
35812
24666
26841
15441
86573
5217
59906
79557
77521
20629
5323
31453
66846
50961
70839
45260
3249
57897
11817
38397
32004
49157
28892
50369
58381
8340
66565
30990
77154
36085
8083
75446
16939
36098
68443
58010
22300
82141
7220
35524
36093
78285
62528
27305
55473
23136
24054
9735
46908
62580
22319
33560
19822
65334
20707
62760
6055
79198
60078
59964
17037
15401
30998
3414
11219
74997
30974
14262
63046
22977
60409
16484
84436
86745
31652
27793
85904
55706
59383
67060
83224
42506
56217
42948
57284
52841
21604
49192
27545
46812
46049
59219
69556
60698
79363
32853
50007
79204
47249
4380
22822
16961
20322
80041
84850
62705
58921
84200
71999
17009
38957
30775
53725
23115
41664
17591
7336
21481
82950
6025
66047
8321
19140
62089
42952
10257
74316
78484
25690
9807
78376
24913
51156
81963
11115
59774
59018
4367
76193
33174
76247
44442
7273
57674
57560
84937
33921
6005
6118
76427
19708
45257
45994
12030
58096
31654
16497
84184
41816
58223
17335
27710
36886
20419
7852
34358
38710
22569
66864
38607
9290
76074
14883
54490
52876
70711
83417
31779
8391
33624
49215
6049
48064
31702
64837
62881
14807
42509
63329
55937
61860
79547
43688
30832
26136
19835
8453
49399
50476
58882
15444
25195
5821
38534
19124
42059
2684
47545
79512
68077
11569
14334
46173
20725
50168
46040
31037
4560
66078
59475
31990
43650
53631
81214
68019
77258
7171
55391
46327
32987
67396
55325
67620
3550
73395
36480
59759
24613
11822
9883
74485
71041
78240
61192
71291
32835
21486
64031
37307
45684
43513
34294
11549
14263
29233
30618
57708
14361
80204
44512
28339
2750
20177
49378
9305
3973
47567
51721
83884
9720
24177
11590
34713
41611
19171
59981
47553
29272
38702
18533
81430
52932
6511
22016
10168
34464
66327
67310
9434
11866
17614
30238
74482
65919
45224
65115
62740
19250
8373
64225
19235
11999
9780
71160
83840
16361
80046
12442
70804
31666
77275
74296
60002
61136
74295
62424
33556
11542
65076
66060
59975
42028
45241
53783
19680
86807
7625
67485
46296
72415
20438
49210
15490
68107
73950
79808
79178
58235
17781
85844
71670
8614
28674
21448
29243
17917
33215
47721
29319
27920
18505
51858
63960
56527
57319
7460
61065
62660
75176
81887
81327
43805
47573
33453
24057
41092
4635
3896
3383
85552
49985
62054
37785
9214
6704
36408
34928
81502
86011
7406
50250
33386
55505
11643
66567
71538
29854
27411
6313
75112
6602
67366
78167
46885
15705
76025
56566
37822
44887
82080
19167
47374
25211
20423
15109
49398
28650
77151
59179
27059
46139
33275
81206
54210
2853
45063
11510
50692
27538
61404
85097
72528
39406
67397
23613
3604
6052
38261
44814
15889
61214
49173
84797
67023
33626
7981
46315
61378
84946
29279
55530
13943
86723
30517
74495
59372
3999
42487
86570
35864
33220
8447
44504
52395
35523
7093
55510
73157
7885
48727
52463
71684
3575
70254
76871
86879
7144
30042
31066
9287
33279
53778
25470
5461
73355
8011
20739
48584
4882
84948
73460
28021
44846
44048
36481
17405
70808
6031
37089
20730
11541
7288
4919
30442
82494
49063
24205
7239
86217
12237
78357
64648
79480
78048
80329
20580
61123
39955
34304
73147
70788
56651
21376
70805
28425
31660
72365
20702
65307
6016
54229
7521
27217
62952
9446
40762
40504
10347
14337
71836
33213
52423
50414
59997
27359
79169
28132
68072
6149
7492
84512
76364
78343
3390
67399
15459
36768
6884
62770
73043
62121
22029
12095
77883
31104
41717
84654
7447
63762
30262
15513
73164
17773
57177
65705
61062
44522
9751
69766
22420
76322
19661
84884
27864
56661
42484
84815
74042
17671
20635
79301
50468
71796
23926
75129
34832
52637
35466
76444
34883
74318
48699
23579
24612
65190
7870
58884
50666
27801
61203
68461
8488
61259
11570
30072
86774
84935
74481
19673
47156
47387
79806
65489
17333
38077
35845
16955
48820
70267
8325
10410
15290
9854
75099
7506
4750
27520
28378
17985
76437
77160
45096
22329
66762
28410
39229
23325
66575
42351
26936
48551
79955
28651
14204
41270
11557
64850
50962
44844
73788
19120
7890
42523
84816
71797
11074
61902
85968
61372
4331
12520
85096
20279
35477
6212
14176
21450
17199
11628
51162
46005
49422
67448
30877
65396
79489
65968
74236
61040
59672
53663
4788
75055
8782
19227
64037
17017
49075
42416
53643
11346
23292
75211
50376
44328
50660
84232
56633
42104
47290
7415
77227
3285
30555
41112
55520
42493
46188
86591
70192
84844
38006
7519
73738
11062
52534
18542
59503
64066
34329
3368
50338
28284
34698
74240
86889
33660
26809
65613
79510
75181
47292
10874
47168
80915
86574
70938
8376
70145
6745
21320
8115
21198
57224
8354
33801
21005
80219
34971
24175
45940
18540
27052
31006
17802
42421
72276
30205
27093
17962
79852
44921
37837
86404
27220
48505
56589
17613
9410
49153
14793
64866
52501
57002
4473
43682
41688
71573
16476
22243
51193
32518
14250
17838
10422
76317
59514
16480
4768
71304
4885
24586
20691
71840
3925
66927
64712
15456
6860
79839
24183
30951
62888
40849
24667
71094
6700
50378
70840
47998
9180
65528
21330
62378
51588
23374
43508
71815
58046
11540
39836
4894
63956
73627
4670
66947
21336
67040
71499
22436
65912
65444
36432
75089
57182
82983
45989
44881
56556
65608
4829
12371
58159
84972
55713
24181
62179
20709
27878
61069
56832
20615
67013
11605
17940
79835
16912
58925
79828
80064
17785
32996
60246
41826
43561
11601
53598
75056
56442
22539
72719
6246
19123
2744
23416
32460
25852
15156
25136
19647
70046
49372
60043
41110
64743
80358
45937
74748
65663
45682
68138
46003
12207
15179
12475
79528
16461
47645
62102
11068
6133
76492
42345
24303
26137
49393
22811
65882
4568
21785
33642
44456
45987
76753
32506
29396
12439
11116
57103
86200
14887
69502
36016
62079
75260
73131
62373
14177
30970
52910
4455
86885
23948
22200
21439
18140
21639
48534
28645
41026
27330
44784
67063
14809
46410
28652
76280
19850
82884
81813
75194
36772
70826
68153
62182
40950
44514
2879
4342
73748
53521
32485
73163
4909
18048
19080
16427
77190
41607
7440
58220
33529
4780
71053
77282
78245
29780
85105
21810
47832
52400
69497
3280
23133
24425
25051
51165
74805
85251
53436
6648
67249
70622
44460
25008
31518
37810
79650
16759
16830
85354
69962
14639
52930
58433
19481
75613
70759
13974
74830
38749
28162
29102
61881
70230
3619
21909
19607
21869
46849
4121
3748
46924
58584
55928
19940
58236
55951
19238
62904
24587
14566
16637
81873
85216
32487
12163
74077
75573
76517
21163
37521
34695
9606
11223
44791
12233
85314
80122
86527
81567
6431
78228
17355
59358
77127
56187
80438
79706
55854
42204
6416
79209
78007
82269
6698
58675
51828
41185
41418
67157
44552
16405
67236
27270
3617
33991
32986
46910
55998
17010
70511
25045
19808
74824
52234
22593
17625
75190
3729
6206
49957
74176
13793
16734
67177
70724
64603
53439
18910
63717
77055
17817
4140
57842
29701
70495
70416
56674
32219
6403
19501
22622
32190
20696
6558
14295
37476
56936
53216
33081
55616
41382
49601
23360
9545
85558
10904
30763
78791
14614
72622
25423
24966
7972
27930
54907
11770
37479
30954
85267
5836
58502
57695
55921
44333
21826
44323
85208
63713
82266
81174
15137
14111
67111
6368
49606
29881
68947
79653
32317
67334
12640
41258
79619
77144
75571
86116
81698
32194
63673
80055
21628
19103
18986
45758
39716
3899
14846
27488
14456
71225
9603
55329
70553
37560
29223
21771
82644
32171
53319
6339
86059
14607
12756
49663
49585
86250
41436
45804
55964
70022
11431
70528
17935
64428
69998
22629
41806
55931
16683
49649
51074
7292
58646
70426
3737
6037
58681
64179
19328
10025
15624
14645
82667
78786
31768
14581
28634
19547
15433
46510
14845
11400
83400
11266
34488
27819
32362
14612
65236
17458
4132
21609
29787
38701
19723
84239
11455
64056
43955
31165
70521
81596
41651
62815
37470
56590
27640
76592
16836
46535
48775
53341
30394
66006
35204
49472
26646
63921
14638
81626
78896
53290
85112
53323
15243
41229
59327
21813
19372
75384
67205
4583
24441
16761
50976
64461
42262
52881
5187
36277
11666
76797
43983
19424
9601
82250
11931
22857
57279
38245
15027
59319
80048
79633
24426
66103
52970
23072
11425
76800
61645
32180
35471
85572
55035
4355
6418
22547
9680
54222
37609
62989
52283
81500
10932
19504
76459
55870
67203
73436
65125
6398
24337
24884
63380
85243
39964
57110
79811
3709
24413
19499
21786
44005
71088
21001
55744
74228
33414
17936
52679
6605
71022
53305
24872
25117
64054
45767
21489
56536
55569
68934
35115
9732
59770
75740
78722
58154
22402
16976
36828
70309
5838
72922
37298
58650
6389
48771
9630
65411
75398
52650
10938
65716
74814
44288
59840
61528
71673
47565
41915
70217
32100
70472
30356
59719
79632
46542
13557
50536
44230
59773
41347
35490
33434
49557
19450
86084
49982
36267
41466
59258
19550
52960
85242
37266
32119
4123
37742
53286
17354
14665
56542
36201
53484
55332
36116
66016
9923
86049
81207
50672
21800
35108
30953
8420
4539
9029
76627
52922
85587
76019
5842
64022
24383
75625
86713
6112
71774
33078
19531
79685
9709
55910
62758
57776
29990
35066
49592
59290
70496
17910
42866
72344
75646
4043
41408
77149
14369
85282
81658
19697
76561
41324
4604
78713
31816
5178
7008
78738
27509
55839
59185
76029
37373
3261
3858
4145
3692
81601
49780
54677
58864
29471
75765
29786
38938
22623
11325
81600
16741
70859
34917
26130
37322
29741
32121
21830
68946
62987
38747
65250
62833
24160
32482
32368
62671
27837
67188
55289
41113
15008
58052
67130
30399
72519
32972
41261
55901
16800
3703
12922
71663
14354
86941
56861
70781
49566
71527
53344
50784
19492
46734
76268
9503
37020
28224
9577
24455
78370
63718
50023
19734
55941
49587
82393
43937
38506
24444
37752
22050
61270
28196
21767
15357
32198
81692
43620
78459
50729
9631
17743
79622
63721
26626
3732
53564
16778
14587
45813
79792
11449
56160
72921
4526
70758
46491
63671
61479
37664
38733
33097
57855
41385
25032
65285
15098
9722
7950
65243
17846
67650
26121
16756
37524
36203
16721
65336
79624
8133
37483
78217
23903
85527
11412
53339
53435
67332
46515
75764
31995
19378
11420
79623
35126
41971
81640
86883
37763
11429
43282
49894
16726
33063
56544
23153
71173
85293
44271
49457
85174
58166
64055
41411
70536
15332
11189
8143
65975
41460
35383
78361
20143
26016
59827
15469
33042
37188
57945
4423
53144
41506
53657
11411
81699
56024
73130
41627
34649
53333
24427
66057
76332
46537
67189
24152
24600
24411
36503
3689
74208
41359
79757
81555
86861
46585
56260
63723
14583
65888
61484
58632
41427
6379
7185
14777
28125
61585
58768
67216
67738
82094
21917
45131
14608
19701
6529
74864
33399
42602
80070
71131
55890
32172
22614
67195
49565
49148
29063
36844
72362
57852
79621
22626
4932
21080
53279
29134
45796
65907
8351
84658
50449
33989
41373
12752
60014
67196
49638
85162
19478
44284
32325
79641
11456
8002
20338
52933
19843
24414
41187
33336
30500
67089
19549
52704
67187
36207
67380
50563
11470
53389
24460
75676
32191
16790
55916
33192
74343
47405
71222
78644
34754
76513
16903
11496
82696
73553
53298
78766
79531
78501
69994
6610
85297
8341
40863
75614
24384
64548
58491
55815
61331
29735
55865
62281
24011
61611
53581
3745
32269
16401
65272
51424
82322
74835
73490
41379
9031
4095
56207
84632
21777
25106
47026
61529
25411
78730
29429
3739
65697
15049
83414
62876
64544
37500
9068
52634
44285
85289
81284
77029
49516
11299
63175
6426
20686
41391
61731
46548
7089
82676
71208
43978
59205
26869
75637
83729
37643
45494
43418
30298
70548
43692
53343
71258
76015
44762
78817
35233
78693
28160
58201
61239
58234
74859
35106
76287
12835
56137
64417
36462
29173
79651
6376
78725
16806
75663
48869
9647
58496
44006
61596
44576
24570
19511
58648
62783
47608
49410
35630
3085
33082
41431
69244
78767
61533
15021
81647
78821
11546
43184
41808
58337
25262
21886
33096
3755
67378
52275
35402
45088
59680
81850
9114
7138
61162
19665
85371
49764
29758
11796
62557
85412
9969
16706
29880
16742
48777
37472
21765
81672
67745
3743
17564
73537
36494
57856
47449
32187
86124
40253
47674
24886
68159
58495
21843
53420
29474
15232
58898
42215
67116
47487
3211
21821
6441
59728
83704
80195
15057
81277
49198
62392
58673
59771
14020
49556
66621
74183
46115
61366
22620
78733
66058
67202
16515
75490
35128
15022
50787
53314
19527
70381
8946
58905
63863
44129
82158
72956
23901
58493
37225
3846
14684
10899
21824
43779
34492
58579
25265
48040
61899
59935
71773
69916
82249
62261
85340
78824
37499
27641
64435
14199
57243
65977
24338
64025
58532
16729
19508
58896
24418
18869
86773
62278
37526
14580
56887
49642
76510
14615
81643
75242
35179
48852
37519
82353
36151
32503
14597
26400
4553
19373
65320
46540
13151
67331
58550
49640
65042
24397
64542
58218
19567
48925
55663
46597
8135
66684
14756
25030
27835
42395
32056
80224
66177
11379
11993
49548
19869
73629
3558
75611
63664
11414
14082
65271
9445
17463
37057
34658
19518
2439
29700
34532
25050
7205
82258
79652
48744
65262
7316
68193
9959
37634
20134
65269
44965
81609
57091
61296
11762
49569
54572
36186
19538
53307
6411
37627
75598
81614
80994
3722
76560
46536
58555
55965
85598
50561
70282
71214
29773
56643
49626
37650
76952
50817
11408
44068
43950
29095
56736
67649
35099
44026
64398
19204
38740
67167
30807
70585
85065
36882
49543
50861
4798
16773
49937
30389
70596
13558
9103
14570
25105
11421
11747
38342
27188
24929
85309
9876
65619
14803
58609
24381
32160
4431
12751
32507
48005
41366
70539
32137
46931
38921
73539
24435
35093
67158
9668
57208
24423
29953
81642
24056
37497
34132
29131
82638
79751
44340
70603
17014
32208
41496
10137
26849
86805
58344
52233
69815
11938
80966
7638
56555
29412
58282
9038
37292
52270
78721
46201
44298
43156
81803
16752
81568
37301
78823
80332
21938
60882
49379
81635
85310
65418
25628
9711
49618
41380
61482
67871
67653
72375
85227
45074
81644
52403
15716
27635
30349
85304
24393
77967
59722
49407
26867
81670
12184
40791
16781
24373
37563
43353
9436
45808
61587
73126
85890
49644
29742
16807
52268
70434
7295
61500
46089
60849
80946
6404
52574
65032
7945
37531
85224
62263
36185
46137
45152
79959
49418
79793
53378
64471
25005
58483
17699
85339
34758
70816
31745
3409
53326
46519
10006
64408
85621
81585
38738
74159
21687
68935
75693
25957
19509
49664
11698
70326
67798
82665
4124
44330
33088
40816
3731
54209
22058
30030
70760
69950
9856
38340
46310
16524
81261
79500
70559
45101
23893
67621
26360
64480
3071
41384
54262
80953
61169
33452
38339
75678
46722
29644
52956
67119
50783
11386
19546
71355
55293
29738
41273
14674
11442
78067
73135
57119
24412
70449
30383
20483
36280
19494
58215
49958
21160
38736
4097
84751
60532
4105
70259
76544
31322
24596
75577
10662
33374
24282
50645
10942
57837
9303
10940
56158
85226
57219
37829
78770
22605
67223
22413
32142
24464
18932
29130
26616
3706
45351
52348
75671
8129
37512
80333
9565
22415
35512
85881
6395
86177
15317
55292
51938
16776
3681
10935
47929
12204
9826
47973
26134
57890
42039
45769
36880
75628
41086
23014
32140
64572
84662
82783
15143
62712
16789
21796
35330
38653
76496
77487
64254
79088
70756
19966
25048
42147
24347
59170
32258
30811
58527
24372
39657
11203
24568
74796
37632
7230
73100
49702
71724
4104
21157
58658
61213
45229
43384
49668
67194
56899
21801
14709
86108
53742
14414
58573
17277
45807
55512
57893
36149
71210
61496
63657
85955
81599
3872
57283
14579
33402
41426
85296
3676
37567
77962
46231
48772
35355
39401
49008
22636
8999
16209
3700
86602
41412
61750
25101
16448
6612
81675
29739
49701
29794
9566
39309
56211
24422
70512
11395
7003
8329
78152
49596
35215
75658
75318
59423
22627
71720
9688
80014
37647
68802
19496
47483
27493
7308
86115
67164
69959
62186
29171
50011
69735
7716
59613
65273
58505
21885
46598
22480
32163
21879
14551
24341
58690
50583
11697
52612
67928
14681
20572
81673
59734
11536
29234
41417
30478
16366
44793
36755
3616
36187
17454
15050
58227
85252
25049
10017
6694
73138
16782
73549
68379
11396
32402
62882
49811
49681
74860
11430
7012
21789
41259
66809
16974
84660
6014
49558
30851
73354
79617
65235
12773
43984
81612
29744
81669
78397
60887
7238
8137
26625
74806
67818
16771
49711
4503
62775
50626
67160
8979
76600
60929
61654
41787
35129
82268
34187
75204
55995
84665
80231
15302
11791
32323
6430
47623
44491
30395
42467
55897
71020
24968
71021
65537
22014
39452
58696
63665
15037
52911
47615
65561
68171
29815
62420
59729
81143
17411
38877
45014
29033
45234
70039
30037
14078
46576
86538
62871
48866
34432
49554
53278
31962
60904
70743
76048
35026
50877
19706
79787
70500
11771
61560
59206
63636
44490
45810
48798
67730
78743
16817
64475
61505
57134
67201
22630
46600
78427
40683
78849
67384
38753
56210
47468
59930
9359
75492
61569
21425
66615
3049
70502
82253
55930
8128
10961
28060
16794
70501
64776
73421
3727
9872
75246
31511
29526
6089
3733
21890
59769
55852
45111
32006
26050
64425
24877
17477
32192
75932
66584
56692
47480
76597
34819
58934
55863
78781
53306
6578
64479
9838
55428
53334
57165
8348
21125
76549
6593
52775
43387
37345
29783
74811
50918
48826
85290
73088
29428
50012
19540
8042
80961
65244
46406
63658
35074
67704
37267
12038
84449
14683
85217
70196
47280
55843
50579
19979
79608
44589
74837
62272
16746
14585
55911
4125
86562
64554
8989
57280
22619
76316
6266
8436
64440
67357
86516
4314
11755
19327
79725
8997
61623
30398
53422
11397
58715
24449
43774
59253
16795
53648
61351
8149
31113
84581
53190
39373
21851
64386
38754
79462
8347
78704
67155
25551
17921
81766
7274
86345
32157
32225
10889
35234
6428
32130
43732
55802
70570
70403
53282
75532
31028
8973
46325
15054
37462
27314
12383
14558
11977
47413
76546
62274
72669
22554
21770
39120
73542
11308
69922
46668
19919
11583
48796
56162
71127
64834
62240
21737
65145
19950
45137
11531
74059
85031
13371
74158
46559
50741
8404
21519
66985
28265
80061
32138
31096
58580
11535
22044
41605
46703
10952
43980
7007
55813
81422
46693
19534
64559
52406
58542
47358
37455
62919
58930
74027
16764
70177
58784
69996
70599
52278
70681
5954
59333
59788
18407
16798
16969
53318
71351
14609
55864
41505
55944
3734
40861
29133
53309
44116
52951
29828
32169
6470
7025
29753
14588
45719
32248
77036
17630
48783
46541
16840
67159
46581
3811
61519
10941
19018
3100
53369
65541
6767
34847
19821
23351
53437
32109
35744
23899
30770
3758
54460
58630
9762
3723
75913
3765
7149
61658
14670
3735
34053
77944
76595
67036
64448
79618
61305
40843
20490
85024
33463
11304
70519
15105
76477
67153
30058
6453
44314
46416
81639
76996
50498
82613
21811
50738
55564
48864
73509
28228
63797
86246
78306
53429
14235
77905
36279
50529
30338
11394
44551
86048
86650
75622
4532
56022
86721
71578
43928
50438
29646
41277
75627
24885
40836
58529
29313
32395
29850
80091
20327
30210
21717
38923
61868
74921
75798
15020
82262
6408
82242
50585
34801
69245
79532
15034
56729
15310
58546
3339
80937
49653
3691
44046
5835
82272
25554
53416
70043
49551
11419
14080
55600
56701
11347
55889
85185
78535
44001
16645
29803
32189
66687
3871
59736
35504
41360
50097
17457
32200
65711
37448
65142
79208
8130
24945
9604
53569
24894
86141
37620
6412
22914
50021
47490
69334
44002
3670
37442
41743
6722
75786
80947
79084
84028
67200
18914
86095
9598
28045
14801
75011
37780
72007
35758
64430
43992
31052
8131
14634
42196
49659
25034
22640
34082
54479
58596
41192
32430
73599
55915
48762
62123
57087
53688
58874
34060
33395
21983
59172
42807
86058
22555
14578
79212
58559
29621
30374
55920
86704
38698
71228
64432
18024
55492
71379
67695
18874
14589
9899
50578
70574
19222
56715
6425
11560
47255
73644
64814
43936
30768
55599
61060
81619
57450
47953
73349
25178
70900
56971
37878
57372
55518
30139
15350
30623
83313
55620
49366
16834
46905
80109
