101638
115556
122661
139309
100830
145283
141317
124522
144290
142660
113527
143416
97908
149525
154347
127615
136154
149005
132391
137206
125929
89440
151094
92693
125785
137779
121212
152068
122354
141155
139166
132685
115916
109239
119350
141192
136210
116148
118787
107261
150326
140770
141349
113141
116097
134549
102933
147413
157502
124554
111931
122511
110870
152664
157493
122377
139093
113443
134409
119245
137568
125954
139152
137459
132526
125734
137749
122445
131211
117732
126033
116129
121151
122364
139244
157088
150314
119134
132409
125075
153706
118633
129946
138879
146702
146502
92681
138547
117015
139172
119023
101739
99071
139836
134724
141212
131543
132370
151113
122452
132221
131539
143306
92948
154349
122426
149612
121173
146964
127253
150850
152718
122718
122451
123871
132716
141348
129930
142781
129707
142740
137646
113921
138959
122770
136015
122522
121514
119398
119321
144165
146974
138437
109508
125925
131300
141320
155131
104500
157492
149792
139276
142838
99224
151586
99010
152405
139265
145154
135885
115920
135393
129916
124451
119436
126068
99806
155890
135978
132728
118333
122512
135341
90265
135365
124497
139143
129778
155357
149487
145308
126012
114475
131262
146897
124414
141156
118322
132518
148102
116046
121511
113425
95895
132018
135920
91461
92710
119403
157465
149548
138584
141368
151184
151215
146928
136162
140352
117847
131196
146825
152570
149722
144171
132257
107301
117796
122709
144260
154302
108775
132657
158594
119422
90239
151084
136073
155320
141819
115940
117886
151873
131327
125036
127748
152425
158379
137758
151228
147362
104549
124335
142981
152716
131322
106134
142436
92890
108835
106623
124345
142796
128203
135823
139609
122439
145495
116019
87387
102972
95081
87581
124519
155228
148543
108901
157108
121264
156296
105862
122722
158843
138852
118314
87308
114825
134437
119356
125882
142357
121884
148119
154368
132611
146720
157481
110219
141951
138849
145431
105921
129702
153146
151216
148931
115989
137612
144284
106076
116820
128696
149530
126768
125520
124283
132292
144204
158513
149027
134781
130827
109296
119848
122728
142942
124184
149523
139538
94455
119298
108762
113450
144135
125769
87089
113494
112138
141221
95887
125747
139203
116253
113622
146858
132708
142957
107400
142931
105558
132532
121641
138567
134638
139405
142786
87379
142000
145232
89284
132038
118494
127235
129758
141164
154112
149590
125782
122433
151594
158467
117454
152483
122590
156570
122787
113924
134525
88880
124374
119317
154184
105917
144167
89509
141269
107413
146866
117823
135809
124992
157457
88213
140801
124800
155678
131292
126491
123870
91537
142168
92488
120410
132372
127243
113493
149772
134422
157486
147128
151837
132478
132751
150358
108813
130607
119485
122352
152439
93009
122402
116258
116038
139573
147000
116180
139556
117468
152571
127985
90348
139326
105853
149456
139155
132644
131325
119338
126069
129785
117428
126102
109513
124483
149475
113588
146948
155641
122794
117081
149787
119295
122637
125757
148908
135572
125841
139521
104493
132648
152461
109698
153173
132787
146716
153154
139324
92398
144226
135814
141282
149484
127347
152421
124504
150285
144358
118498
148915
138894
122385
141244
110231
122622
131242
131555
122493
116006
119494
103916
122006
114796
130895
139568
131271
101630
141253
155856
149565
142421
111366
113420
129792
137584
155859
124525
151168
157994
132520
106746
141854
129873
117662
123982
104365
139520
105899
132003
151112
127559
92444
135889
121500
132524
137714
154492
140492
122496
89002
104491
157629
144332
147189
142250
134391
134365
122386
103276
106763
129852
122793
149615
143402
122687
158580
144244
152673
141670
119463
107321
101714
141770
134431
116274
141363
121266
154162
114806
90372
142752
121872
129659
93021
146966
113449
149687
139181
154171
151137
125494
126137
134048
137753
129689
103150
137742
129866
117416
124542
151099
136193
141241
132438
117854
127204
148525
132650
116285
89111
105832
151226
111380
116221
121180
141251
137594
157463
152617
117810
119289
132465
154327
92930
127251
157520
134485
111886
103234
109588
117338
158865
153856
103573
155821
129768
135893
141300
131228
144126
122495
94221
143244
152099
147007
153249
122450
135335
126093
121181
122391
122771
135880
152066
142882
123954
157972
132653
137244
129598
141863
125964
116011
124397
126030
119488
117380
126485
149511
152507
122372
132407
154119
142762
132075
124536
132742
109648
149667
141228
134410
108924
95948
113971
135473
139635
115902
149564
122598
129091
154180
146029
121601
156558
141236
132419
155197
91371
131534
113474
137830
136158
139491
105916
127208
144335
154270
99639
142830
125938
134523
134368
104674
154291
142274
119087
136440
115953
148579
132801
154354
126889
89513
127322
122730
139593
155797
135597
152442
119061
139310
154345
118588
152387
109386
108922
125608
118312
146480
142842
148994
145023
121275
87285
127329
138463
127303
113393
155123
115886
139248
141117
124393
129746
124369
104489
132320
158892
152000
137642
137519
141721
114774
95870
155512
113632
131277
136070
108155
155148
132598
115921
126291
117819
117812
103976
119470
96791
104657
140647
137831
132659
140348
142253
129727
146815
132439
135980
135371
99049
155737
150227
109266
135582
119633
129772
139230
135636
135284
154848
134406
139260
108648
141024
146859
87371
121240
121832
127578
121262
109847
135370
119474
137598
141283
103781
122638
146981
152496
125073
129625
123357
143404
144145
118641
155354
141215
119108
146814
156598
106698
120757
133244
129794
116209
135230
135240
154199
133070
139421
154285
152684
139543
149574
154264
142203
113427
139434
142924
157892
112302
122754
132719
135961
124471
154355
103872
94594
113180
153328
105851
124438
124472
153319
137789
154169
125741
124462
126999
149815
135286
129298
119312
122189
147138
157611
105897
156401
132906
137589
122569
158240
114831
157634
135910
149769
155387
149619
151207
151067
136123
121237
137217
87331
116156
144291
142932
114154
144120
119453
94204
122655
115629
155150
116266
132514
122744
155913
148316
119206
130738
144342
139235
152302
143237
139273
141327
126082
122504
127245
139837
119083
141959
132418
154816
152467
115890
133366
129812
129752
148899
119003
136821
91532
135324
141173
142722
149587
146800
126650
151975
141220
132070
121258
122347
137595
157539
129640
157484
114764
146968
137733
143379
151966
122328
137656
151891
114007
150315
124038
155739
119387
143417
116254
148212
87222
117529
135996
141157
122086
113881
141223
122668
143600
119189
130859
124484
135320
102943
122448
151090
144274
146941
126112
91729
151025
101584
122626
149466
103228
144867
156563
141233
146653
92687
110624
122336
144276
148184
133394
149778
118077
122566
132242
130675
121188
119080
119841
122370
117379
122546
147364
99189
116161
88194
131179
136204
132136
155750
128075
144288
154062
107484
146663
152140
139280
103527
125947
132775
107340
142939
156561
148207
132321
152453
113153
149009
115998
138444
135931
95550
144137
137720
110110
142116
93138
100035
151069
134281
153471
142720
124464
103220
158691
132802
122030
134547
149784
152588
139216
136189
127357
93045
121276
88042
131201
94619
121208
155332
145490
136096
99210
156574
114830
101003
97634
137633
149562
155795
125735
134544
146492
123812
131755
151200
92961
155870
119081
104929
94667
108608
135433
149637
151102
116113
125857
142902
135879
138944
136106
129663
139544
122291
100734
154231
113600
119166
153329
141187
117298
103233
149684
111356
117929
144250
112144
137709
146895
132766
140180
110241
139613
143225
129870
158645
109551
89719
86987
105595
156620
149606
117903
94447
134491
115378
145307
141322
107179
149089
153341
124292
116062
116056
154865
118969
141257
141210
116410
113629
116572
142846
135337
135206
154365
117795
131285
124446
146645
124430
137706
122647
140440
115242
122349
123103
141184
96096
139182
138784
109828
137710
145305
134382
134510
117916
115898
87343
137309
131219
112100
101217
128163
113615
95886
141096
157675
119344
103722
145108
100487
129735
141183
148199
122003
142124
139249
121135
122727
135606
149727
151720
134063
106543
90981
122763
148203
134847
99129
140155
106513
116186
108869
147430
148327
136217
134621
154326
122614
137697
115969
149797
135538
117866
151140
124357
127210
90337
149553
119118
122547
119460
118642
87330
139369
132634
153315
155757
125614
125985
130933
155423
141154
103787
155681
137602
156195
110172
104558
124425
149105
104632
113544
99223
122380
155143
138575
156271
154318
95935
144146
117122
132394
116005
128078
131319
119448
122682
154230
129737
154953
129830
125939
105905
151016
139176
122533
135276
137865
139557
108888
151081
130423
123230
141316
129615
131251
154272
148186
152414
143349
148164
151118
133826
128033
115894
124458
146622
129447
133801
129738
121524
119100
137654
117096
139436
121242
151809
125750
113572
151716
155338
157159
111374
132777
132686
119734
157599
132021
105630
131311
134512
134116
136077
125071
158887
95972
121456
133793
90297
132538
143809
155842
147371
116201
156293
119151
139575
120497
110198
132508
144128
154113
140851
157610
122348
124384
134488
154358
125755
131233
116282
116172
141291
119187
115965
133068
115914
89749
111173
109597
154457
137666
149789
132506
152153
154333
109639
129932
122461
122484
114843
121163
126063
93360
93319
149716
117698
139499
124348
89695
108876
137699
102851
132767
139200
152727
116088
125799
155639
154851
137600
144309
144223
142916
136199
122374
98871
115895
142197
155743
122772
126036
132384
124571
123984
135384
124367
154271
138792
129846
133711
144278
132431
152479
126293
114813
132458
102161
105911
110158
142872
141185
89817
89537
154263
111615
155709
143327
137675
132549
119906
131235
114724
129980
142973
149536
136203
119178
122601
137644
152098
108283
116190
129636
122407
131323
148929
149541
122515
155667
142897
116696
132488
88038
124535
122552
135010
134539
155729
137732
101238
155185
157581
135890
89681
121280
152397
135317
124469
125196
107266
134397
118624
134375
130539
139266
134448
155630
125033
104630
156698
149697
139197
137774
125740
158236
139130
137034
117660
137571
108448
94445
132776
113570
127291
137695
134548
140819
137631
119220
142782
149749
152437
123878
123104
129079
155853
142875
158181
121029
144255
122519
135294
132449
123985
115986
115952
95915
122351
106544
92960
141100
117798
119291
131782
125948
135316
110391
126377
130125
127562
124774
119393
92733
89996
136596
137657
105243
118650
130876
114794
151597
126874
108747
122526
134553
117357
117828
116197
119067
124437
129953
115453
111393
121200
118742
132469
145298
136022
122791
113922
149827
131685
90378
122214
103972
133912
125417
124401
132804
135330
126526
122797
118953
108811
102821
134957
127260
156330
119318
99066
146885
132271
155929
153304
87182
157328
154191
126060
152494
125994
97406
144252
125801
96193
158927
133542
149557
129896
129889
149592
101621
137790
121805
132755
143757
117333
142001
106440
157549
142900
139345
134435
116089
155712
158543
121206
147353
151187
108837
114815
138292
158613
146715
122523
124411
120499
111342
141666
156974
141865
144261
137627
112102
127343
114289
87449
151872
152441
152399
152851
124382
126120
94340
119477
146710
134385
107333
147442
127314
148883
158882
132437
120200
121142
107509
134069
137807
129266
146174
117861
99258
101653
155754
135922
101745
114329
132763
120441
136974
132345
129921
122465
116288
129683
152650
101042
122568
103153
152651
158897
107715
141871
116052
149760
142725
93663
135877
119347
137528
157458
124343
130912
135908
152103
103256
141254
142853
122782
141341
126047
120442
114770
137836
157593
97915
135789
129901
135820
129773
129650
157497
129779
104505
122669
123106
157574
119285
131178
124541
90261
142918
124190
113428
154185
124492
124793
141624
135965
115370
90152
132651
148955
146680
134504
132614
129920
155341
116037
142824
158183
116080
116064
136894
106568
150290
126025
95952
107489
141382
119378
137825
134108
146988
87410
135921
117850
113400
117304
116231
142946
121217
122444
139362
137784
152717
141590
134765
140940
132712
134451
107317
92343
125459
121233
137527
108874
135587
125312
139332
105838
121106
136105
129884
125792
140428
122629
134430
104661
133779
139590
134367
158867
103006
135900
89748
132710
149820
139639
142268
129927
119606
119434
146765
98430
124550
139598
113463
107395
118964
113892
139290
89750
139510
157618
139619
129809
144257
119113
129819
132148
135245
139861
87283
119396
90657
123808
131278
129753
117892
155035
155932
132068
158072
129245
105891
124537
124354
138842
103263
135999
151179
101753
87417
152693
87297
135925
135973
158608
130846
145328
132499
127344
119128
133757
149322
137842
118984
158232
135987
115575
125502
119205
140322
122517
124518
157613
130330
90008
116262
137808
118420
141591
121152
129899
135052
154206
124521
100454
124727
144243
144251
134471
142688
119482
125867
122628
120211
122475
148897
122536
149978
141303
136139
139301
154710
152697
149785
129648
144631
137693
140156
137716
127309
90510
127047
131183
122090
122413
122460
118597
156031
157521
126032
104470
120495
148144
142405
153026
144285
122618
148120
132322
117855
124405
152381
155935
137635
142870
122356
115881
113575
134470
94444
135968
141305
148969
148202
128108
137743
110147
139432
158710
134563
122725
158197
103974
132434
144280
139853
133383
147363
89236
110264
119153
90373
119056
118617
132429
141900
152828
139382
116366
129941
156387
101744
158596
137591
139490
122367
114778
129922
136990
105922
139341
90649
134419
95153
151087
141605
131194
125993
137688
136630
97551
95089
154174
129944
154392
157546
148124
115595
134517
139308
142145
94883
136137
149795
138531
141165
123876
127221
153674
116051
119139
134522
134478
108766
111167
119104
152106
144233
125249
123828
126856
132413
125966
139585
125762
112145
123710
127333
157609
104481
146971
141296
155213
156028
141812
132502
142687
116135
144286
132495
139191
151148
129849
131259
144194
119248
139217
156378
114783
119328
119138
149673
122724
104695
119345
139617
115910
149292
136063
136001
155700
149800
88448
110050
99768
146794
129968
137647
153317
106773
158407
124495
124404
155621
141841
140621
121227
110225
137777
151238
129700
96529
155820
113516
158361
132733
139479
137750
126024
154362
109315
139600
108871
116257
122694
149585
144184
94099
124352
125034
146496
130831
117859
127934
121751
155298
132415
158851
137641
142743
89572
125016
141252
115562
120413
134217
122375
132727
143817
146890
149666
116024
101770
126116
116250
131270
124534
141105
153129
132319
112095
138847
99159
131553
142183
126421
124479
149167
136202
122478
103282
127248
151701
136509
131895
154215
142697
155273
132484
125783
107505
113918
91722
135246
139615
89299
124488
132456
157622
141263
135976
157873
128145
95515
124006
154688
139174
146849
116571
157612
105538
133320
140166
115599
121051
127241
131483
149476
154352
136138
99082
106578
149169
154338
155879
102987
116570
139608
113935
129644
149495
146938
132476
119290
155382
154371
139607
109645
122340
124368
116139
148206
119255
105918
110171
154193
137606
119200
113613
114834
130353
136101
132609
158665
154936
107019
135923
137629
132328
123397
116192
122932
125778
122748
131304
139530
139456
132445
121254
151176
151611
155211
97727
149036
134958
145115
115907
87104
125498
157519
136113
104552
121300
132298
139467
134427
132525
139820
152711
155783
132655
122559
113396
121183
89720
141279
90000
122151
154348
106765
142825
130656
155722
119226
132600
154228
154179
116102
104587
141358
110166
142908
132408
144310
114837
125788
111241
142864
90675
137788
151078
107502
93328
136075
125791
150889
116286
139496
102873
132505
145327
121172
101689
117802
124341
122645
129882
144826
151130
139264
115547
153338
143400
149085
129611
99234
118489
144340
153323
139485
134405
139167
139560
114474
119250
152579
123983
115865
157517
121700
113569
152499
157499
139577
92409
135909
135919
116049
126053
129728
122045
107325
144562
146736
119352
139261
134357
110205
155885
141627
154704
122309
132709
107007
99128
145155
139221
151635
97781
90335
157533
120271
119469
124361
122923
108898
108409
115512
123394
142868
122406
99185
140444
124470
116565
104850
148546
137576
132798
150299
139295
96987
119468
116125
157627
139569
142986
137817
132555
113549
121044
139997
122636
152402
132642
116902
124516
124544
132464
155772
117880
145486
149454
122446
157642
122443
141204
95263
135539
141314
149575
92879
137585
109873
149015
116169
101610
156027
122751
121178
116409
131594
134466
119275
148182
144209
118960
154256
122702
149591
137764
129958
95140
117862
90165
139582
122395
132426
148140
121803
153981
137617
132349
125748
134785
144156
127222
129748
131213
124427
134502
122567
124494
93016
116144
137703
108481
157616
139550
156260
145145
113433
107369
134543
115274
124529
108737
132427
103738
152629
119162
101540
127339
155728
149770
127384
122286
115946
134459
147395
155761
110134
122544
124490
125930
139508
113919
149007
133934
94454
131302
123783
116075
107516
117921
136186
110209
107322
153281
134436
148715
145421
114824
93713
107511
100442
135424
141315
122476
133766
113917
115908
142835
134469
150826
139446
119325
87010
136121
129704
103241
155371
119501
146969
112274
149650
158155
143394
152686
132548
141350
139571
142840
135805
113614
132658
128356
90334
137573
87690
104502
151960
138885
150624
149639
144353
152523
107273
139190
149616
131185
122733
132782
131265
92704
136047
135940
131307
155209
93318
122670
131144
132805
130366
141265
129561
157661
157494
132903
119300
152436
155162
144482
120493
135296
156511
134396
124432
141231
155366
116167
108825
158713
116118
100518
145284
135947
113550
144283
113413
151164
131254
146993
125804
126046
95831
132512
139465
124422
144176
122361
101625
138568
104664
139367
155714
152454
141297
116057
150323
113521
131952
134434
148103
125305
92989
155246
118982
155710
129651
134527
132753
105604
131324
151668
112296
119330
122362
129656
119195
148287
125765
130878
138561
152032
87361
119082
127358
146763
116189
155723
139516
93013
157527
119442
158719
122710
143375
151142
158803
137544
103720
140603
108945
134497
139430
115959
137541
124486
135876
113546
143551
97471
141182
141331
149629
123536
117865
152082
140718
154190
116271
149050
119260
137806
108948
122579
121203
104421
155742
139146
135932
151752
154207
122332
155134
146754
152692
153293
134433
152157
126059
107262
102919
141209
132498
87882
143792
92835
132406
154288
155734
122683
119251
108988
107047
119065
94875
150312
119408
135883
144268
154209
119406
152440
142805
119243
135952
113523
131295
111407
92795
96646
114797
157579
158100
134841
122592
106590
132533
158531
135462
125775
114998
158873
147361
135258
155865
124359
136201
121244
137611
122762
132473
109440
129904
149604
139346
132672
146602
95883
144180
125972
133020
152567
87352
91662
155562
146797
141607
142361
149741
149463
125578
141372
146954
139620
95950
124453
98437
128335
136040
132698
134415
137387
87359
157624
147372
145100
132519
130850
144108
106803
137607
125516
124428
146625
148865
140648
101076
136182
149459
127274
140805
90345
154300
117867
158279
142766
115966
139555
101014
136023
122656
152475
134447
116162
139412
132717
139583
110116
145209
129577
125864
149731
115982
124526
128351
139627
135975
142193
132639
135897
92344
151085
140689
140763
119375
142941
144213
90325
139616
139303
127747
114507
129972
158000
141897
125962
151123
155867
139234
108921
124347
120603
132750
122204
114412
129459
131664
125394
144157
133538
151203
87203
129771
104808
136087
154163
156076
152594
151523
128087
120583
104698
94966
129677
152491
157565
108842
155677
136208
124421
119141
155706
122673
140301
109346
149814
146749
155312
132676
150452
132420
90182
122765
108870
102031
119296
111385
146860
117826
122729
119496
105186
117756
118324
142820
110182
142860
87961
129886
125764
90205
119314
152002
134554
144177
152395
150887
129652
119136
132565
124128
152682
106998
92339
127364
126908
122489
124366
113466
138696
134373
113380
134379
132109
122442
119369
154197
132529
95375
105713
109541
99419
135801
154341
149023
136111
127338
105913
109279
99238
139160
139553
151973
135907
122690
129655
126658
144478
141740
113189
125780
132595
119388
143175
119331
127873
144270
137775
155773
115275
102087
104610
109011
137719
129877
113473
124282
119214
132436
88006
122591
108865
133016
144272
143473
132425
150964
146841
125289
127320
155497
146696
106589
122343
146613
119322
124546
92872
127804
99123
122634
137800
102816
118949
158880
113617
127250
142836
115978
107324
139591
140612
152417
129765
139440
117408
139170
119230
149721
148086
155735
89512
127298
143331
131244
136109
132746
131301
108872
117207
157607
157614
116163
121704
118191
139233
158738
118870
147368
119337
149675
136917
104628
125617
148555
154187
142496
109021
95944
152660
149711
137605
142416
132684
149826
151987
89558
139574
119441
154189
124460
110212
141141
135463
119500
149948
131125
137658
142958
142787
144301
150026
133172
96950
122458
97204
120458
137614
116259
144161
133809
117927
149686
90245
101167
114810
157479
146162
144551
129658
158732
119253
129796
132059
127335
149620
155277
142019
121157
147162
118128
116242
145202
87227
152046
136136
110215
126083
142967
141276
135949
141159
132592
152459
119478
149572
125805
154226
139547
157528
141304
149097
149212
149654
117838
123740
137583
101218
129816
157577
129669
127227
96066
151836
143340
92547
135123
113587
135903
129749
126294
158877
119117
144115
105528
121265
102089
132442
136100
133625
135886
126778
141328
118681
113616
102772
127667
122540
155635
102174
149462
129235
132504
123793
139438
117202
112123
121185
141298
113883
139392
125221
143426
136028
122597
144271
147453
151096
123344
142855
155644
96094
135006
114953
144063
157585
114814
154950
135590
101051
94969
136545
147449
119168
136153
139119
106760
137752
155054
126084
142979
155894
109833
109644
134540
126121
126714
107367
151086
134443
142800
135540
116081
102390
138895
158842
141162
116203
110202
87220
155128
117935
104569
149740
119115
129654
155318
124336
137767
134438
125290
124339
148135
90304
134557
113481
119279
119114
128098
133816
116022
135266
154175
157638
148156
131778
98711
140812
127552
124555
155623
157598
155620
149545
118898
106993
115891
113190
122435
136041
142505
144183
125156
142799
129719
121245
127029
149022
122736
129626
125777
131195
127345
152263
136502
130871
139979
135988
122785
144264
145175
129966
90241
117937
137730
124277
155168
151020
141246
109000
117390
132535
149486
125026
119431
154204
124356
156046
125759
157561
139504
139358
139454
119103
139482
143552
158629
129710
151241
118260
121517
137771
151101
147125
116205
149709
136745
119211
154603
100699
122663
117891
103221
134402
152714
122520
105006
132327
158330
134541
124355
110223
134799
102852
141293
154819
139360
94215
156559
127323
141147
131980
119273
142630
124378
133607
146722
156030
111346
134479
144282
133012
158898
122360
121224
140141
116284
137949
119439
129757
146642
136049
154329
158178
135616
109605
129780
104634
133055
114717
136183
125527
142224
125388
132513
145472
114566
146655
131438
134381
90022
106833
144543
147373
100512
158885
99226
131314
114428
146660
149763
155933
107393
101519
149825
135815
135956
148573
155241
119490
146984
140674
132358
149291
132482
154342
111420
108976
129094
138503
121277
116072
137636
87351
117860
124375
141180
124402
131188
122337
138109
153297
138932
144242
139455
139611
128210
155250
119164
146812
107003
118950
122759
106927
105674
129732
134418
114473
127263
130339
105290
154303
155433
157689
117873
104175
144182
136853
157496
107494
119122
158591
116031
155637
117825
136697
123935
89641
157226
146654
108977
134432
136020
144710
136519
108937
93023
147095
150225
138408
122488
131192
139415
137462
124884
136017
139451
115919
111360
125272
140793
148205
109860
123813
135862
120571
155740
132454
146959
119281
129957
126092
155036
104574
117308
135960
125784
139535
140511
114129
132729
119259
149470
143479
137380
141217
122418
130344
147351
144296
117816
136144
155730
128093
90368
122285
132638
152582
152075
117827
139579
117874
144196
146919
139331
110228
136148
116058
137729
111350
115896
117911
132706
87144
122925
105614
134513
96954
119466
139274
117805
92823
101634
103991
146992
122403
149084
87347
124370
154299
132494
117168
104554
152677
141301
109510
108958
154258
126100
147445
129623
95858
115903
157587
110016
122719
144174
137163
119089
146775
127580
144703
141346
117799
147775
152518
112932
122697
154237
143721
140330
131290
125888
110030
139592
148053
154305
139282
123643
141213
149677
124380
139502
146614
134399
152597
121156
135803
135915
149038
135486
143724
135992
124474
90319
152843
119149
118967
142285
95820
146965
118994
155671
119308
125955
138070
122585
151656
149164
152386
141285
119392
139247
111362
115934
148934
119263
140473
132724
136682
151286
107365
148142
123923
151125
148853
129964
116222
108467
125738
144550
122708
107421
153400
139418
101767
147385
128126
142919
136104
87392
134392
98438
141194
155275
133408
122525
137805
91791
94492
134387
119183
127239
145082
104347
132769
115366
90048
132918
121269
149624
122741
94192
152725
137237
119270
138921
113442
134467
143370
124477
131249
142821
139406
121162
139231
116267
130612
107432
113591
153027
129633
154854
129967
91094
153335
139473
132501
119385
129754
119320
116165
89504
148106
121220
142936
116228
134971
144225
139637
129925
107297
119473
146831
108946
107229
134472
139518
122222
101480
155545
121167
114522
145347
127363
135605
119119
127116
136066
115950
146747
142478
133619
135901
135450
107344
119390
111819
109233
137303
132749
149705
108892
134161
132612
87257
142952
148193
122467
99108
155796
116007
124434
129801
122521
129725
122469
136216
89787
137787
150344
139481
122393
141321
131200
154339
151107
122704
124420
95441
135249
119078
139450
156480
91426
124353
137356
149682
137039
104615
122397
87117
132558
134299
157674
136128
146835
117834
119459
144061
122399
146784
147130
150853
116748
108054
139374
87096
107720
116067
145409
129876
156757
129763
142696
152261
146894
95545
129834
132604
132364
125951
113448
142295
129954
132562
107298
142629
144298
132460
115577
131261
108564
119851
123109
106794
144215
144293
129649
107349
122381
137639
152620
101636
101624
149788
152704
102449
129272
157595
154114
137731
145165
91749
87462
116004
114779
146757
128081
122761
154835
122298
155029
141325
125503
125337
152484
155141
154177
89814
126010
116861
115327
108855
87885
132744
132351
139488
132405
146779
105931
125260
87414
157460
122339
90365
109601
122338
141196
116141
132800
131298
123933
144758
116276
136082
141365
155738
137812
135857
125615
142196
152701
101222
121160
135874
119329
132430
87402
117794
127296
137783
139349
122712
127261
100137
153331
137686
108896
119292
146987
132785
115945
108561
148780
149032
157532
151997
131348
125609
146893
146721
152081
87629
157498
127113
149764
120472
115501
134463
135957
155747
131266
136050
131269
155624
124371
137625
138034
133744
125793
146822
125488
136007
99791
119455
132035
122500
152683
149621
87075
156328
138290
125974
141311
89193
132373
90258
117109
136058
90095
155727
128070
145335
104620
132424
111351
134404
92936
141239
125611
129634
122468
132411
129643
139133
89285
103209
136045
120477
151135
155769
155313
116261
136214
87883
146126
153014
122557
132335
155922
152656
108918
122221
117114
154229
140105
131442
133640
127214
139586
151146
89611
157480
135912
105859
157628
131210
131131
122769
133972
157649
116580
140619
158619
121150
140695
113610
127379
135895
142817
140734
124379
158638
118714
119904
157608
123916
95971
143251
127302
121158
148552
91708
157571
132597
91728
122427
146767
141174
110207
147009
89946
138892
115069
136004
99095
101731
139116
136642
149816
141970
116050
137773
145338
119311
116220
148165
127267
121232
101168
116373
93809
90226
104462
131955
150427
104595
105502
110078
129595
138706
112077
125871
93715
149598
101239
91783
109090
117975
144150
119627
127223
103675
140579
115604
120512
121440
132092
119357
96932
95044
147269
135375
145394
96715
140129
108298
154286
92830
110059
115427
112186
142893
126361
105123
95945
145362
107328
105900
122952
98440
114056
93450
86998
122654
136650
158403
119257
137371
124424
109992
99807
101514
97564
155682
156523
157435
123501
117419
105304
90122
151916
140954
125110
95548
87276
142292
149113
124431
141953
152516
144160
118381
125220
92002
136222
156069
155686
119111
146674
97935
137681
132324
137422
100458
87132
134571
110121
111408
158753
110480
157277
124116
121024
87303
90178
125902
92945
92346
103232
130053
103391
87282
89561
110735
158290
128005
148623
136118
108763
130335
139209
153192
126915
101704
93398
99513
151288
131174
148617
143174
111426
141908
97504
139614
105278
138435
91789
93722
103964
155033
121253
142732
99199
119484
116973
101189
144572
115892
144307
141867
103067
104431
104904
146226
153405
103240
104665
158623
97661
118733
150939
158715
102433
139312
155633
116640
136388
116142
105919
148189
138334
97774
119019
93413
140902
117992
108282
113182
142219
118606
121021
140286
125971
123904
103059
92855
148381
143277
156686
91007
155638
158397
91907
155679
154269
119428
156327
141925
131425
107308
118660
139204
91010
149081
153487
135812
142895
128211
152702
93721
101551
87058
91871
157706
95222
119091
106260
106029
132061
114323
149458
107467
154245
110653
143410
116187
155457
107309
143178
121333
94567
142928
139128
152712
101587
144806
119493
114850
100296
140292
94446
139916
114266
131818
106321
107981
91873
89960
152147
92570
125362
132988
87357
121197
151309
125126
99914
148725
142673
124440
158357
128643
139352
96181
96472
140297
91788
130541
154578
94600
151110
115647
87301
136649
132632
151261
95331
148247
158461
111413
87185
115941
124651
92245
138635
158212
97553
139201
113175
110064
95225
97167
101475
129563
158866
112032
142316
133458
129897
144221
158553
126080
147237
151108
143773
137581
146934
148209
120253
137339
133857
119282
149208
137827
115289
120152
140884
144201
96850
125396
147295
140316
149736
110239
110099
104458
90120
111357
127289
90078
157408
150140
137718
115930
134666
109224
105608
93539
125279
109627
148777
155625
153493
141001
138375
125731
107023
157652
158221
90288
93777
101741
126004
111468
90327
157826
108268
119276
143173
112039
152973
119073
122366
88210
151196
138378
133452
87204
126921
127256
155345
94452
87325
154325
139223
91949
121747
156939
125729
89784
110192
144844
150786
154509
132268
114769
95727
90105
149823
124468
87781
97362
119305
99089
137999
135383
129836
138649
139322
149817
95397
106515
89692
107504
122051
146978
114808
100607
147008
132273
142199
135824
88245
151181
91446
103390
149570
136042
104442
91358
127941
101561
139183
115085
148856
110085
115948
156143
105878
117708
99016
131378
157763
123500
106534
92005
108903
122715
94122
96894
87215
151162
93022
139944
132247
97031
108942
91076
110507
139215
90503
146337
144427
102182
111397
122409
129892
87108
117900
87170
136520
127372
113489
105841
91927
124055
147851
148914
88204
100488
103098
101137
155900
112256
154304
143481
87107
100411
141234
111933
87370
102740
115458
115964
121955
147006
136298
110081
141264
88065
128299
143304
87337
120904
104465
135219
94702
118577
136651
114853
154233
118004
135758
95338
127935
88599
96930
93042
135811
153121
155085
106974
144630
126015
95142
142708
156341
146201
133783
140329
116119
125946
131752
88492
113902
133608
149806
100715
119505
133563
95327
115670
100443
132223
147454
92469
104677
139189
138753
155136
120969
148839
136815
133478
146918
118980
105863
123177
149124
107299
115381
124445
121645
149605
146906
90018
110054
134726
92901
111743
91929
154430
113512
97205
141926
88601
130543
155662
108950
107818
121213
134744
91859
129300
95180
95320
122901
151072
138422
93346
148681
116958
113491
135409
115520
133524
92601
116164
91846
154157
155665
89818
125241
126298
124196
129093
96485
139365
90264
88200
104754
96132
100464
100270
111245
93012
113552
101743
119092
147476
95401
116939
147789
141950
93415
127891
129618
125891
115942
114244
113930
120537
113828
134685
155788
138377
148129
114930
153939
121860
110196
100195
124803
127037
87171
113485
108440
132980
147284
127451
153876
129969
110195
143474
95169
91760
119611
91029
114955
115979
116866
155705
109485
119221
142654
98998
93965
91735
153836
87314
102941
158833
92706
100901
158312
155114
90564
147792
140824
97175
133501
156938
112172
107749
107424
97408
150414
152839
114213
114316
87322
98442
150534
87267
106363
94745
154999
101949
142035
112190
127895
139379
115416
123346
99405
87954
127739
89229
156206
119909
142701
125481
133028
154585
91759
109475
122658
90635
111290
111695
95814
109816
100114
135114
125327
115947
136555
88035
100541
137366
89554
119348
103692
135060
111429
145470
147065
105904
146136
140947
148284
95143
125109
149830
107221
105800
135627
105625
156118
110247
101716
142779
153018
126807
106611
92145
111264
107444
137854
126215
94380
122960
130931
118848
158265
112948
138147
146920
119969
104400
99186
116123
119227
141946
155596
101404
120304
88941
131759
104173
131821
109183
94922
98538
107272
142424
104211
148111
100046
102723
122717
102808
136896
148157
155456
147190
108394
148231
152468
140219
87354
148640
136172
152292
132339
103204
149079
95850
89109
136905
111753
92412
155914
132620
95413
110070
111528
153874
148504
107275
119860
87345
106023
90743
124972
93729
158845
92871
109490
138220
113618
105597
121551
97927
104488
155646
90273
108746
109635
129456
89221
118349
154643
154081
90055
97555
119489
101757
101517
111353
89796
106873
118757
101007
141749
90161
101021
107449
111124
129067
87287
104433
131326
146916
115216
89562
135300
132166
101478
102678
128984
101448
118447
100220
158291
107418
135588
91829
94777
129823
109872
146999
117976
109708
99109
137171
96061
89547
149517
114338
96261
148248
97860
95217
152418
95221
99037
116146
148744
143759
156247
125886
104671
131671
110227
87955
104810
146783
150335
151093
137013
115663
155597
155518
126696
118397
142983
103226
109657
149308
146819
102839
100690
144947
107277
101575
87807
105935
129289
87121
115367
129579
154513
142764
109977
121859
105495
148521
142396
153166
87613
105659
134681
148810
104413
104158
102007
113388
153455
152130
107571
92418
92925
108321
139082
112252
142373
109543
127242
101631
158690
92293
116108
155848
105868
142857
148026
105331
94037
130554
99085
111828
141990
87229
107209
135031
118258
154845
92201
158926
138347
131663
108738
149751
119761
156155
89117
151499
156022
153482
101452
115100
124658
90465
93896
127867
98469
127374
92249
149103
121800
88607
150890
100474
157644
108379
121039
93822
87591
127829
149542
156846
110169
108146
109517
127403
118313
97777
150633
154632
131347
117934
145353
157360
104970
153723
158124
106189
127753
132433
136656
99429
92323
94775
116557
100025
158819
152667
126426
100854
111759
135918
136161
101917
113776
88779
109022
138679
119172
128966
152388
139103
107532
157194
89004
128756
103141
128737
142945
119363
92388
99237
158097
137853
134858
101582
104689
111930
126196
97300
140300
143798
88554
149271
151694
148477
158347
93476
147484
141856
109640
122169
101707
94886
110815
113737
153543
90354
156029
132730
152213
138195
150985
100985
114869
100021
130032
118015
149471
141737
136014
105185
115282
97787
127819
126521
90113
87424
98153
103540
91747
141449
141256
121070
103734
88190
93155
92939
128306
106474
119898
142869
157829
113937
138301
99177
131874
130175
141384
101730
130001
146159
110048
153905
104441
117754
97287
132249
142972
157365
112328
146735
129668
100516
136802
148633
137046
110022
95519
118278
100045
92439
96941
140691
129639
113499
95954
133459
91756
116158
108280
155756
129160
138068
140542
87450
92276
105642
97905
110184
117155
95137
104648
131723
97389
134270
127688
126946
120793
107310
100525
119235
90216
157490
99864
107207
158670
146355
99004
97620
105760
143305
152596
108846
94381
97231
135576
150028
152476
95969
158151
131897
108034
154921
127866
152490
129095
108577
150357
113022
125911
142016
100868
158316
130040
121733
88579
105530
156707
112219
119985
132239
122671
140013
105928
151080
110343
144759
123534
144896
147774
122172
90307
120264
158083
117010
125869
101163
157981
101078
108106
119213
88646
99502
99122
106239
94554
139232
131330
154484
92048
96423
153852
144432
143341
135417
101347
151501
113029
101227
148607
127466
154937
104214
137111
154919
139816
120870
151909
87605
115628
121879
127730
155906
113198
114417
93652
144400
99073
104482
152889
127463
138232
122208
129610
138134
142721
102383
148222
107433
106597
121605
144538
94389
149518
89387
103304
105884
150583
134584
140189
94571
87062
144761
118928
150348
88253
104205
150662
132176
120529
155713
122009
120869
87615
104191
99618
94924
99705
146636
101771
100570
151634
113023
100385
153648
91734
109876
91651
123688
124417
87206
90280
152446
97444
125492
134675
109138
154158
96050
118170
88673
128962
99770
97328
104838
118844
109932
100515
113820
137284
108460
104434
114250
102805
155026
143472
151292
158334
154389
91048
132386
94116
142929
151011
148035
114455
91744
90959
115138
132887
117955
140705
142014
101445
127046
148778
95474
93434
142927
156158
101710
151218
105971
116434
138342
124120
135941
105847
148772
126881
148743
118744
135103
134054
152715
154314
151760
87805
88668
115417
126489
99227
121052
127226
110694
131339
158125
103206
135648
100073
98317
90849
104479
154813
118294
96034
116252
111306
100401
110704
136803
153854
115436
132561
106137
103151
109364
154240
92242
104776
107380
86980
94016
130094
119601
126136
116479
106644
149701
100506
154097
96137
104770
137761
158199
89543
147965
126989
156680
135002
146024
129594
149453
95978
87819
157680
138392
102122
97792
109401
115443
147732
113901
98867
126028
131644
94029
146821
119240
94460
122666
129804
152112
127408
144610
133076
150129
91742
106823
154641
123942
114961
91830
102239
152445
101527
123245
125845
155684
119458
103685
125191
158147
158094
92357
108731
127894
94486
139545
155917
98282
97503
92578
110060
118417
88684
88386
155520
91154
116933
118864
156238
140499
118465
103686
100453
149209
157781
148691
147830
138855
87228
158146
94216
100407
120254
89351
118323
102030
152663
157639
115346
91405
95043
157724
115314
148847
95155
152472
100507
154255
131696
93461
148162
89507
150625
114833
88246
148776
135763
113511
113056
126144
137480
119462
127458
153030
97373
127679
155169
135858
88624
129959
146368
100953
122698
146152
92381
92372
106400
92257
90583
135490
96259
116476
136192
95014
112602
127388
149803
153565
94539
144320
114970
94768
115156
154952
103099
107295
94458
104394
93034
132886
117283
149267
145494
148176
145368
137170
141809
95968
123359
115414
132286
110974
149775
147693
133030
151762
142915
93848
119664
141205
114899
125372
118778
101385
86989
100588
135938
111383
108428
116429
92739
107410
119353
124142
100676
89437
90082
117082
100479
117291
152485
101577
130431
103700
138661
127768
90115
101012
128251
91295
135426
142784
127038
155505
130873
108877
133533
101026
137302
149765
88422
106648
144828
103142
104507
124333
100962
120255
104407
90284
96889
132564
149908
149581
125179
105009
147499
153926
151214
118142
154202
114241
131111
93014
92235
87239
92140
141478
95874
132254
104652
127851
89942
90281
114544
97568
104511
125374
127892
90275
118936
138393
155610
105940
122203
145438
99254
156159
144684
120675
99041
97350
103269
95011
142844
98454
119435
93269
122734
131191
119088
95478
147983
138825
123414
149661
157660
143506
93989
138140
129355
120681
114198
89574
110806
107360
103218
113025
137058
144755
134834
137663
142009
157927
149112
98536
106038
149467
109642
125059
110317
150639
142386
88140
154797
145007
92589
109396
111885
146046
100115
114447
95025
121731
146823
100243
143576
97560
88688
119819
157681
95905
95985
158884
98537
124999
116538
97165
105767
92963
112349
103431
88746
92512
151441
99112
90784
134630
136563
100961
147598
114226
152511
101675
122420
102865
155427
94158
113742
157122
117729
136530
88858
105852
133741
125113
98468
134710
115456
94400
104136
154254
121367
125518
94496
91874
154493
109463
139384
143912
96668
137502
96717
115434
158712
100987
157361
131713
95757
102014
122672
101384
147976
150074
122775
88726
114836
117504
104467
103856
106339
87366
109042
132772
149642
154165
87384
94639
109879
108537
137269
137331
153447
100121
131865
102951
127672
89964
106612
101579
97092
126132
137734
144918
148173
138169
137090
127366
158694
109506
146467
97309
149804
111989
118833
102937
99853
119045
153176
158277
96209
132331
129302
138383
135566
106511
118461
152890
87617
153679
90332
148098
104038
151316
119186
149689
96685
128824
102379
93040
127448
89812
149876
104416
154408
95722
112762
125501
96710
127717
97485
141084
137852
108454
89675
127143
142938
90214
141716
145452
142413
104616
100048
136114
129829
108745
91835
89350
148227
130082
108894
95069
147871
152804
126646
139163
87080
120308
131894
106523
155525
100531
117492
92274
142029
99152
149977
117117
88689
104578
146880
105876
137736
122516
117161
100569
114194
158381
115988
148775
100491
146870
93276
112067
129066
157968
155830
150638
93026
105468
88344
124573
106411
114827
96657
142694
156696
135764
100496
89522
145433
94930
101642
88996
138955
93003
114172
106473
94232
156193
135026
119054
108588
121831
137632
93707
155907
121833
121823
138298
129936
144323
151841
114996
118339
146163
90298
87210
153424
155702
110703
120239
96450
138905
147223
92250
125125
116730
113210
120263
137474
111941
150389
95209
116998
99417
138910
110771
89993
147963
118186
88067
101248
147522
105612
158427
139817
108834
101565
140359
120775
119959
106115
97655
99497
91717
96838
114877
102094
99531
105776
117343
87411
109817
156678
91546
136547
143897
143804
125556
121296
135223
121989
110562
126576
149321
141075
128340
149872
107176
93781
123506
108012
114237
105280
156367
138701
100355
133162
110784
113960
148272
118933
138911
141513
136616
140319
153417
115389
93787
156040
124906
99548
142504
130430
116722
91720
138180
90818
142031
153899
150682
102294
94860
121434
120294
129018
158090
139489
120752
92221
136386
112331
158039
136127
93494
136750
116667
97873
156554
110010
157261
125523
138431
131586
134307
89855
121575
154500
124989
131885
134129
97286
107827
123212
152269
89688
126268
138413
151900
118479
104956
150951
154948
110388
99398
158824
99690
120700
110539
119691
99672
158940
121069
103002
155835
105758
87240
104653
96939
134126
142015
112060
115017
109434
112303
124595
123009
118367
93598
106977
107430
111733
141909
133338
99505
112244
121843
109580
122479
116694
105954
145391
121499
93637
148950
134127
109581
117717
118761
114177
89758
155186
107872
92573
112248
136810
106637
93619
153179
90639
115235
118497
105019
133238
101886
98680
117409
118366
152330
109579
155405
125239
102224
141773
128262
134308
115798
114179
108018
95706
92983
141795
110533
111763
90939
136562
88151
154082
108705
127628
102211
122140
110188
97822
157321
110521
94855
154882
92583
136400
97463
114731
137353
109032
117946
152713
92432
123253
122934
138695
134855
114178
102233
134131
116863
127549
139985
118474
136621
147485
119885
145439
143358
120323
147463
115470
99503
130116
89092
130115
93011
108558
137520
156257
138268
131008
111710
98146
114738
101761
99483
88209
121221
112289
145164
132235
155368
113861
130238
156568
136486
137939
121502
112738
97402
101438
138373
93554
101128
140290
154412
126980
134132
134133
117063
111849
121402
121827
90983
145039
119991
131950
127846
107534
141874
111392
118375
120202
111857
157005
97912
142350
111412
89596
137524
109791
138339
144646
111576
138927
138337
140309
117281
154589
142426
149251
129141
139974
87272
149664
131128
142441
148948
120201
106328
135532
109222
123975
137893
154877
102984
111868
89602
89599
153776
104551
137239
123780
151423
133686
120579
88810
111575
123669
157056
108472
140488
138005
136969
154602
133693
157047
157883
106557
148432
153263
104002
123670
136903
149100
133637
102553
120469
133915
93528
136950
140713
123598
88763
88457
153959
157884
134774
133630
88384
124760
123908
88428
150497
100036
133698
119981
133919
138036
124635
138032
90089
144813
136961
143581
127539
120719
106965
157837
143613
156771
150723
111577
141586
97211
116843
141386
153286
102796
93425
140554
147717
111589
91172
137190
120463
87078
157069
139945
139954
140457
101476
129389
112477
136504
88458
153796
124007
88125
115055
126728
133649
121496
117395
144508
137092
124753
157841
102819
88504
141585
121506
120464
147773
157840
91169
106238
110908
133152
133787
156819
137191
108473
99677
120167
102881
102813
102577
150582
100055
150644
120399
91200
137121
120452
102580
150533
143774
91975
88794
154609
148426
133994
156795
101756
106495
126720
140665
130220
94785
93834
142291
150708
92012
87242
105363
153813
117426
123944
120466
96861
130918
87979
97141
137197
155774
121294
156374
148236
143622
88470
150519
133710
148402
111428
138003
89234
143595
133862
96537
110310
108243
120462
158658
110992
91540
120474
141569
143564
122580
156805
126750
156828
144499
111567
108634
117448
96686
118091
120470
106192
150669
126739
140466
94722
117427
136935
110853
112671
97151
92024
136965
106214
136963
105526
117397
143605
123662
137209
123354
154580
99866
95817
106103
155347
126745
117399
88831
131492
107808
108238
106253
97034
133944
105482
154806
116872
91183
157060
141572
95066
150483
99867
133964
110863
147530
108236
143764
118252
106179
106252
88405
140777
116777
121489
106580
134767
157061
124779
156802
117438
154618
88799
157867
155650
108462
150707
153213
98300
123683
153533
130913
88462
150564
122284
118619
156356
117312
130278
153801
133676
133875
133983
113312
143612
124789
150726
136560
118229
96550
126751
147627
150573
156831
140560
110842
94819
136973
150737
151375
107013
93442
87991
92110
151374
118130
129578
110467
134727
118247
121482
121497
133720
91932
156762
141559
134934
130911
126784
98182
117095
121473
157339
157076
105385
138004
130650
150485
151390
143287
88408
88407
94004
143264
108658
117469
118089
127418
109267
158208
108239
94749
91308
96603
102761
110857
143601
154614
89822
153683
94121
116875
140803
102590
90898
150490
118095
99989
102564
157836
106180
133681
140826
113856
157072
109210
110859
105561
107614
138051
131500
133721
126275
88761
99880
140771
108221
104056
125218
131491
133894
88783
128509
117121
124796
140456
120648
94787
109265
150600
143625
140425
111595
94056
120457
119264
126738
87965
140002
94781
150506
157907
89049
120402
138154
150655
97142
130624
136932
96082
154823
128553
130043
118094
110846
110831
130714
148387
120400
106218
94815
148937
98531
144668
124929
140804
91209
153559
88724
94741
99902
147599
130340
88442
156776
124798
105000
133552
133939
131509
157051
150687
141673
121765
120445
136921
130864
123964
138041
153138
127527
120756
111597
95460
115047
131544
157071
106251
88737
134753
137196
120451
130853
133709
123962
93867
153603
151418
144360
88456
150488
98627
150493
137201
127600
131508
120447
157290
119878
96219
92017
113322
138135
109211
123608
105350
143618
88795
144496
138017
99877
110865
151378
102555
131494
110850
154722
138022
105367
130501
137216
138330
108471
102790
158227
150512
157705
126744
133878
151383
152088
92022
124668
147809
150715
156969
133864
94118
150739
158116
97172
126524
144548
148390
117415
144509
124746
120682
153269
120748
150594
97177
102861
121598
131504
123631
118723
109216
97179
96224
111600
140784
144557
123618
93565
90723
133311
102485
147800
138012
120014
113916
109250
144556
90267
89230
137188
100019
102550
108446
120465
156450
110855
131499
102850
144502
129429
134776
120558
144544
124747
147407
124781
120455
120660
123827
102824
91892
89486
126932
113455
150536
147626
131495
133699
141604
131453
94736
111619
102743
92058
141868
91424
105454
140783
154613
148397
130839
102829
123992
130634
100350
123665
99863
99884
102820
108217
157844
126742
156943
136981
102575
102818
92056
91327
121494
137130
147490
150007
150711
151403
102552
93151
124791
102848
133671
90460
124096
110954
141597
141565
106256
133691
133935
140589
146426
103481
150494
153749
88199
124795
157312
150740
147728
120747
93605
100009
114643
117349
150615
153587
133785
145785
105535
88463
102574
91180
140778
120715
94115
109379
147695
157980
107702
157082
137015
94767
109511
107253
124773
136970
136966
155884
100122
105383
136567
102559
156820
138031
151387
108292
92011
140465
133806
156162
96540
123157
133287
87990
156787
88441
91946
94733
156778
150677
157846
133673
156801
150661
133651
156788
150486
94737
88431
150716
151505
148541
154622
157842
88474
110844
123612
110493
151360
153586
141611
129191
150500
123922
127532
93851
126338
151256
87861
139977
157839
120393
151416
105522
121471
88437
140399
109207
131487
148398
132228
148018
106338
97158
90286
102704
156888
114362
123671
136962
137155
104156
94769
90923
97498
91419
105533
153583
153748
133634
151785
110864
110033
127994
118099
108231
150760
142243
115375
144497
113538
87756
88533
137409
128196
114096
88047
133703
152822
120446
123677
99883
105077
147155
154621
88412
109200
137165
99882
120722
146844
96535
128267
98098
156552
92043
94520
131488
100324
88762
144500
123752
154770
150710
105536
140458
102576
144658
131550
143621
151380
123829
140816
91207
150109
88434
120449
102192
99584
137210
120706
107745
107006
127987
154617
88811
125050
153167
147707
151409
93864
104080
92054
116733
143611
95755
104900
144518
102811
92053
109244
154629
105379
125048
140498
91382
133752
103827
143616
144511
150515
137183
109271
120432
137246
154728
155832
156760
109212
88780
151413
133610
133940
153584
120429
93625
123261
95841
102833
101040
113011
118579
127040
133266
128681
147233
118092
94048
122581
137146
88404
118107
120737
115052
130652
117447
105372
130658
150762
137164
91224
94747
150642
143602
126017
111593
148425
156793
141558
133696
144490
130808
158505
147813
118093
104837
111569
102546
112653
156779
94054
105351
93840
108241
106213
93579
88574
139375
140489
138015
148388
120750
133955
133993
156786
147607
92016
156816
88467
136978
124974
150709
88759
102563
133926
130633
156826
133689
111599
93862
150676
136927
148419
123868
114364
157889
109215
117446
105378
133949
102736
100108
118133
126726
102797
126801
138052
157782
88798
89355
94680
124744
150544
100085
149633
102150
156800
123998
123970
154873
133753
148787
157095
117346
110895
120724
135319
114404
114430
151425
128548
144520
126497
154628
116560
96581
99414
129410
131489
105470
147595
153750
96448
117093
94748
144545
101983
131791
118118
140472
133653
136912
143604
119805
150656
111603
143596
93850
94872
133226
97145
146184
94098
87115
106224
88464
88379
97488
94770
157003
137132
144517
128270
136936
124923
108463
136721
94082
133615
136972
154616
88740
114377
153598
147705
93901
133586
133957
153736
130899
117296
102825
126746
124745
106186
153815
110845
116908
145790
102246
133953
120721
106477
91098
90929
135537
127751
138446
89161
107878
100988
123179
100325
127824
141520
89182
97238
118857
97329
130255
94393
123425
98856
142194
101043
125004
99671
114027
116692
138807
145825
89735
124788
146362
120156
139834
118754
143283
99766
89968
106972
134059
112287
89188
101039
139983
134659
133799
123086
97027
114595
102231
130421
154214
152052
107802
87646
117669
101038
135596
96229
94042
126365
150230
97401
145014
96191
136505
100635
107514
109685
95065
116725
104168
91289
150981
143376
151266
91444
103467
105598
98071
150180
118814
148580
103364
112514
106480
144915
150298
111029
114259
128610
121934
123424
130272
156423
135075
152336
140737
107884
120246
126642
147259
89225
135777
95558
105101
150363
92517
136801
88341
143471
141503
146580
134019
142493
118079
99555
116589
98702
92676
133147
104594
133592
88287
95449
116834
123264
117272
113167
100404
150254
128368
115288
143840
90860
112520
129314
136670
126332
149080
150894
131916
103671
126416
126265
88332
91028
129234
91456
144007
88889
99656
110682
88495
98620
136816
135545
131077
94038
88843
113949
127534
133466
157820
91088
138755
94973
123184
154577
102068
141571
156712
147242
150830
148608
99488
131458
143185
129431
128719
98994
127553
112973
143509
99453
118075
127275
141686
138901
139827
97327
153989
118820
104342
93423
94909
112504
111673
134712
144961
94395
91086
147954
102300
92535
102770
142464
93754
158057
92908
115758
156673
137041
138245
138145
111255
92389
121988
147849
152264
95303
118234
142417
135620
120650
110584
117514
113010
88254
95022
88147
128813
140624
118492
156692
91340
88112
93764
98648
106161
128245
139821
106505
126131
120298
102342
148830
92069
99508
140067
157387
92159
119622
93744
125597
101468
116978
151828
150284
137300
144850
140075
126700
128230
110657
91320
102441
151899
95098
113857
97120
109982
107806
92158
98671
131376
140344
112022
145715
130519
140311
90712
122146
134032
120300
136783
87305
87574
133157
88328
102156
91135
143556
147533
104939
118071
103148
112639
88023
120800
95569
128597
139900
88490
151970
97881
117672
124057
148293
94557
117046
93277
129146
128253
123771
97893
132009
127723
88251
127294
90691
92701
87570
123349
145780
158920
104179
132110
123945
147949
141904
115634
148670
136344
92642
132090
90218
92459
100394
123956
142255
111712
110972
95734
123396
145771
140984
134185
114534
148364
136471
141799
120129
105237
95111
139815
115419
90640
125148
132894
115796
144716
116968
132139
110666
88926
120013
142205
114690
139110
129165
91132
155412
88120
90761
145732
141548
120766
101846
92590
151575
146472
118884
121949
91142
103823
96442
96488
106160
106743
127810
103915
102422
110138
111061
153446
122036
156534
97450
93747
156325
150402
98622
120112
98333
99506
147956
123474
88174
157315
95355
143363
102916
153145
92538
102013
105694
147827
93766
143201
122899
151861
134853
128967
97664
141965
109142
97324
100966
140861
147914
129338
94244
104750
101057
134955
102989
153955
97923
114532
151492
106395
126982
127823
100200
120846
125469
91831
157212
158836
134583
152938
96956
127765
92181
146407
94129
155511
141804
114587
135626
121335
143870
103636
103772
128349
102930
117751
120840
92216
109509
100862
125487
117515
108557
91517
150809
148651
154754
151487
140921
100791
134062
119665
138215
93997
145889
102945
89195
103543
101494
88929
121555
103777
114490
101068
127664
115308
95148
143848
115171
91377
94173
130988
134998
129340
106369
89219
100223
135151
156136
121620
94597
151707
101943
111135
158800
134102
115723
108525
118280
101009
152356
105997
118201
99275
109414
134946
100949
131341
148729
134860
100783
143946
153851
91813
124067
94824
114727
138229
88967
100856
137305
115223
143844
94916
89500
151622
148259
127831
148478
120875
134098
121603
134877
100802
103683
143872
90533
103422
158234
87780
121310
158152
121588
134110
157381
103655
111103
132932
120812
98457
127695
113337
153928
103670
143913
138260
94645
94157
127769
124881
107543
94145
121735
144672
128313
131790
106329
91802
109449
102900
138897
134980
98452
151655
106538
150773
105646
117505
103758
89083
118826
97506
89096
113285
157769
145847
105607
108596
111729
103663
87487
144036
148032
152321
134087
147895
93192
147043
100965
97291
144623
150866
131639
109527
158802
140878
134060
126998
141693
138297
124046
106370
94944
96010
134143
129346
109312
121390
91428
140896
120905
154760
158084
108619
158913
105640
102970
124985
92214
95103
153900
101072
95007
94908
153830
114561
107021
135541
117520
157160
87383
104152
134005
95559
141690
158045
114603
111825
96750
115218
108573
134889
106454
87057
145456
88922
98259
151616
129347
87765
141663
100674
120783
106323
91876
97361
127826
109067
101446
112250
89638
89292
99558
127437
106689
110679
115487
158080
108711
89459
124649
89915
124628
93748
110590
128221
108694
136856
105723
140320
143517
153947
101268
120314
152194
118688
103095
140998
101401
137543
151014
123247
123504
109354
132799
117016
147381
129887
131158
92647
148007
96459
116206
127123
102208
120260
93541
142632
90739
122508
94637
148561
126460
101884
119661
109179
127094
153350
97820
155531
88014
157404
105710
152102
105025
143171
118080
124719
156434
97334
87356
101516
91131
144016
118698
115392
143255
156381
126566
137929
155254
145471
95511
95708
111951
115748
117706
125066
126532
127675
108152
114660
139099
105102
158110
93634
125186
131463
124030
139829
101142
158086
126703
145300
102738
142655
106684
109198
135158
145371
134221
95017
137915
144112
113978
129723
95467
153108
118968
144845
136566
151670
147926
122112
87600
144667
155524
97594
134640
119798
131054
104378
118243
142388
128314
156419
127405
133606
100486
91530
99603
117638
130256
143298
103960
118526
111297
131800
143398
157350
136668
108173
107450
144982
126429
106682
102141
122012
88385
129571
136707
118065
157351
117659
89333
143754
110411
89908
118724
145021
151853
87949
91984
152836
92309
132079
123084
157299
133374
147020
122224
152623
132178
120168
137349
134233
153160
91124
158826
111304
103801
102310
158734
158831
133010
136686
131958
150979
107190
131914
151822
100601
109830
90913
87738
103064
108643
143932
148553
96996
134938
119662
152231
111154
125089
134169
89743
145879
122171
120362
113315
90972
130625
95468
94603
111303
110026
114032
106417
95339
111055
137984
158862
109391
126556
128197
110654
158121
151365
135586
127658
98990
157186
99550
122293
88267
122195
101333
144396
130565
112273
142409
102330
110009
138348
115847
142628
158751
97570
149214
137453
113763
113754
157814
110464
129335
93594
141054
134921
141784
126450
137456
97521
108011
144772
99638
156312
150941
124870
93358
131616
133224
120878
114124
134236
155459
139629
114116
114119
108127
104978
97890
141706
95704
96388
126277
136320
132262
116720
152223
144057
109754
91629
152299
149446
97607
120139
117951
153902
112286
118856
114155
120047
104915
101388
151507
127860
103586
90699
104516
120900
106470
101892
122905
153169
156377
138508
125375
152287
108816
150273
143418
131371
151302
130385
88369
104936
145640
128801
107997
107482
126394
106398
111215
142065
124902
157182
154832
109345
129929
98324
134213
115217
106863
157500
142053
105111
127980
126736
156850
93274
138452
96844
126432
156710
135068
90494
135573
158047
153307
150101
131679
91875
115241
141419
138469
116582
138636
138812
125493
132334
109397
104948
99779
118519
100801
115508
92137
111477
145428
135184
121672
147226
135759
146261
156632
116354
122193
102544
156256
142639
104155
141528
113759
150173
118837
115729
137391
144024
88699
103231
96252
112168
103196
117710
142104
115481
130556
148289
134241
148325
97076
97595
123274
109457
96369
134608
100369
134646
104100
146955
158857
136540
127035
156333
158395
141429
100731
124606
135354
156396
133393
153522
106837
138370
141426
139328
104380
125620
130130
158739
105456
119647
143393
109550
100716
126380
99511
118476
132238
149150
88148
104159
87970
139920
118872
142391
140139
125409
109422
116690
106860
90040
107979
126540
129166
98876
153884
91826
106444
142378
134247
137469
146607
119954
116398
109461
135171
110559
125810
114661
111696
92139
127156
127981
118705
87994
88132
138821
89013
133391
128316
90502
157401
120896
137451
106032
118746
97640
128333
136521
128808
120062
142051
125162
135338
153227
117642
119886
109785
153207
124686
132882
115750
106955
138368
106332
101889
128298
153362
122295
92686
92884
92427
105948
145451
106602
148783
130208
118854
93719
126465
139386
95267
126428
115607
105708
118541
121000
124187
109699
142066
101591
102266
135037
98987
88128
147933
103879
134883
117583
118853
105315
104153
125451
108565
141499
120142
140132
131682
89937
155749
98967
133077
155854
141761
87929
120943
138866
145423
108714
94900
103723
128237
87932
100653
150262
154043
134872
150992
92515
127902
89334
139111
147979
104384
148282
91586
90493
92663
158101
154729
144833
103463
151862
116975
157314
103637
108586
89337
118755
106019
100279
157817
138488
125436
96833
111848
102326
148860
105960
120994
99209
152316
124234
122296
128017
144012
99652
105145
104185
110873
133220
143143
94268
154503
110578
120671
120040
141769
120039
138796
141387
89222
133215
150078
144691
151824
130287
137934
112006
96789
114280
93491
135242
150111
141041
151708
118815
114693
103545
135595
115680
93614
88150
135523
148562
157256
155096
93770
107371
143317
94917
158256
114698
152076
151790
109753
143508
99629
107195
120182
114123
124869
152826
152087
110531
138871
135529
143265
150963
147317
112049
148859
118585
110008
127085
116399
95261
119996
91650
136660
107854
120996
115141
133078
147142
158205
106062
94990
141846
125392
93475
148130
130252
121814
138872
150949
131382
149676
105620
98827
102185
152270
136462
122182
92195
88163
150897
133169
96279
147964
137901
91920
104884
127962
89904
106716
124613
89841
104775
92331
141780
92684
106121
100364
137264
106892
124105
110564
132313
150767
94352
125340
157713
109028
124344
115728
122532
106845
154715
112802
111190
95135
117575
158667
135622
154555
111777
98203
154055
135008
141975
140201
88353
142275
123976
138480
150215
131218
134611
140248
151237
158757
154065
101324
115727
103709
124937
124235
120145
89894
138675
105013
149091
87416
117143
138694
126390
104718
153049
127404
142278
103104
124739
120158
99674
105664
94641
149070
108690
119495
115731
145389
154069
91672
132279
100591
124189
109709
107870
115396
156545
158419
126552
91917
153208
110628
100444
106341
102282
157198
105639
99168
103399
137930
148532
114049
100606
158573
157242
97346
158758
134421
148356
133400
153228
151662
101252
128014
103044
104993
106723
122968
149138
109078
132252
104377
148011
143406
96187
156403
102320
94689
135149
116743
141708
103363
127887
150260
156531
128216
109821
89281
121378
101894
99504
95532
101150
119656
88039
133262
151263
90783
105596
107200
106944
135535
149200
103603
115032
130076
106446
131575
115226
148583
111986
148261
104945
116847
123384
112218
148089
149678
153223
128633
101088
136855
134840
100880
131783
101257
142360
157302
99510
145462
121787
89473
148498
117991
121741
148342
88061
128647
150266
141823
90952
96242
154439
88635
121304
87740
92673
146436
106619
106043
114683
138715
147938
117014
131922
132189
129222
142666
107675
141415
97078
135000
138868
114296
146499
92877
111488
107976
150094
147252
122199
132316
90789
116848
108827
157282
122091
105026
104005
103112
118014
139850
108079
125721
116705
97644
100267
109459
102462
135157
120028
147331
111307
140150
156542
154844
134572
154938
146587
153306
141439
145288
107852
126273
140037
149157
94960
92232
135022
105626
98961
91000
157285
135025
139536
152105
117668
102909
90954
89306
122017
129580
123228
141684
114115
93507
147910
105735
100805
140146
130551
119988
101887
157249
141921
114004
158561
157336
138854
107843
127978
94348
142321
103466
92362
116821
135792
97284
155764
120150
150409
97771
122094
116969
142247
131798
106478
155070
128324
157201
132943
114264
141685
105134
158791
107886
106128
105259
130310
149227
97270
155656
130635
87683
88842
151421
136659
102655
140814
141006
96600
93856
138100
110826
100849
149161
153460
138010
117247
153653
131680
126803
158807
136301
108307
127401
143514
135658
120456
138625
138089
136333
157039
153627
141440
110923
111113
92950
126711
110817
129995
136355
102480
117605
127080
120617
92115
153735
109331
94765
102250
126818
141030
131700
113774
91248
114421
124790
132581
96479
93595
143760
136279
93925
137236
147642
111628
134760
133470
94807
153644
94104
118098
92436
157556
102782
137452
130805
93944
147605
95334
140604
109263
152892
123995
143675
147819
88365
127582
102703
87686
154682
88514
111193
103838
156987
106270
102841
103937
108137
121012
88542
111453
87766
140637
115079
153616
130023
145352
124634
141028
96464
125253
136977
153788
152905
90565
140548
96474
106406
140533
119814
147641
91350
133031
98983
102683
123844
147724
133765
103089
117361
94335
127596
131750
105144
150606
133297
115529
92449
110277
133767
106864
138083
141778
155823
158394
110249
114321
115077
153744
88793
110948
117376
155073
140358
103890
143519
143572
148233
148338
105097
149662
158271
117287
157089
104780
92713
123046
133719
117275
126851
134782
145775
157027
126541
126657
127558
88647
120693
138088
137476
115075
157078
102693
137128
133269
87812
140240
150546
88704
130102
107744
138087
117065
109998
110890
92967
100032
122975
91369
145877
131031
148524
103075
140157
147797
129601
99985
102838
88620
130033
153675
130677
131580
124212
115561
97246
157903
147090
94337
88925
89917
133512
140950
143820
139427
95472
110967
158420
90891
138092
116957
144991
156903
140631
89107
107640
117436
102697
103806
152139
130819
93935
133023
102749
126530
88589
88502
126194
99945
153621
96607
99304
95266
110765
102652
107223
155094
145012
156551
126859
91161
114440
134235
92470
132958
155467
147803
151747
105475
142237
104625
148815
137450
115704
145019
123748
89318
127579
158268
110676
105220
131358
101202
127588
108386
137052
157888
99921
96629
97072
97103
143034
150041
110837
117127
140377
110909
111582
130674
157352
106652
115082
106666
140683
126866
93250
96601
149950
131718
105066
109419
131909
126180
117688
91261
96597
121386
111958
118347
132215
117330
108309
99925
136998
97187
90572
157091
156965
96662
114287
96561
150487
136237
122999
102718
96602
103096
116470
91251
90527
93927
136902
133945
120679
157975
111616
89130
100806
137123
149104
100130
155192
143983
125041
130717
116962
130456
130436
123875
98781
158262
124000
152845
127492
102642
148893
88568
113813
102712
110344
149937
137229
156898
114407
117396
117131
97102
155487
105521
157019
155079
117277
116504
156767
103956
157034
156273
117274
111513
110261
101206
156720
146826
91247
147713
111175
120691
102276
105452
156627
153786
141397
101260
110637
114095
99540
130623
117370
147682
120980
117403
100741
111978
145028
129299
143578
110685
117440
108418
149875
148818
104791
97101
147772
148586
109677
109332
143713
143054
96536
138578
117433
93213
153294
120405
100843
106232
108348
114388
140380
117251
123571
147629
96623
108287
105480
120312
141808
136913
126930
148382
133784
125452
91197
143980
156072
96595
105106
90833
127597
97290
91297
126798
131845
99646
103432
156822
93957
110778
137205
154475
120440
108337
123756
108267
130788
110849
154664
116542
115065
120716
114276
143003
88165
120654
129296
156451
99163
97604
144554
117254
138546
144536
123879
123901
156891
137118
112253
127568
143043
132117
112159
137072
153729
110978
93949
126565
104834
120656
109229
133734
153791
111021
157777
150664
112792
106065
114891
114394
150602
114422
126241
119822
88613
117631
102689
88217
103430
130039
106729
148740
96028
109225
100743
154604
116471
151876
119736
147092
138558
150476
117657
130679
93285
117132
158793
150611
102701
98552
141620
96480
116981
120083
153784
124027
111199
99196
93830
96616
116726
147171
133922
97749
117457
117596
100896
96670
131058
124138
141004
150164
147716
156990
93184
95215
126849
105512
120971
106461
140735
153062
157894
115441
110867
132145
131557
156204
91160
99359
136390
125142
154505
144977
126735
117236
106187
143414
87814
101692
137950
88109
120414
121915
116859
127921
99966
153327
138468
156993
138054
121924
132963
153428
103374
105444
103840
114618
127488
130824
123345
153772
120607
153534
114675
137230
127561
138086
101136
104749
117340
130687
110951
143615
88841
117142
95995
142101
111018
135131
114617
110334
109269
130569
102756
124703
137395
106410
117152
131944
123050
99387
130049
125496
133013
150161
125456
105202
110709
150623
120556
118560
99522
108333
147037
133906
89258
143648
137403
123927
143488
105610
143806
91177
148829
118441
88614
97653
130849
136236
91236
93231
151457
140616
101152
104782
127465
117321
138553
88619
142252
109365
105362
97885
124178
97605
94302
126887
130686
93632
143706
91345
133885
100303
147045
118034
156878
114395
105517
105150
122995
111090
108628
140650
157937
147590
106200
133644
108620
88645
109248
141628
123895
93284
102346
91263
156521
95949
156944
122082
124689
157970
101117
120821
93752
114402
137166
140468
126813
114443
114398
147411
139784
131634
155360
116461
156925
143091
117332
93932
133613
148660
89788
99994
157905
118124
130800
148828
156502
113859
106726
91378
87815
129708
149885
134187
99978
126721
109492
99975
134769
93280
141618
127593
102033
156508
129390
140558
114890
133071
141659
139692
130486
117134
118117
137040
106717
108381
90854
99849
120522
93189
111711
90609
123892
114477
143685
119871
126240
114396
120701
154841
140809
136291
110938
107576
117341
140563
102691
153747
151244
147541
143715
111010
131939
124856
154626
136987
157388
153792
130573
131353
111604
120171
108039
145875
88788
96596
109260
91233
88160
93938
102751
104779
150589
122604
126869
97790
142098
153613
116920
106250
102750
99973
91286
108245
124775
120297
113361
93248
105624
102688
100803
121821
157327
123651
123572
103060
120092
115522
140652
112037
153817
101162
126864
121870
113313
140682
134209
98828
123760
108437
115687
103918
146428
148429
147665
151460
156945
133624
127564
114069
96824
133732
141441
117129
118123
140747
158035
120024
97180
130922
154156
110915
141981
151459
139715
108242
117003
142087
144491
143028
96622
137222
149636
147564
155234
141008
106968
122964
131966
123880
108414
157059
132087
109246
110308
103434
97182
135172
147617
147686
92788
114143
102026
110917
93228
143714
147538
145794
110973
142026
94327
92141
107958
87826
110422
121919
150960
155171
108144
130682
107588
145823
104783
102863
149546
133614
123406
147426
150626
141021
117209
90904
155264
91227
120327
112051
130983
155367
108331
116995
127995
99355
121004
117352
109230
111607
117115
88580
137890
107990
142123
148902
154677
130055
127566
140357
94125
130924
98314
96653
151405
147973
154988
95290
143677
153664
143636
89642
88526
151929
140573
130884
115730
108367
96431
151904
124587
88584
127611
145162
123713
136888
92536
117130
127107
134674
154695
152976
144972
126892
91482
156947
150629
101180
95683
153805
102729
110872
110661
91084
94761
137057
143681
125470
102705
108344
147698
136356
105442
92491
130333
118032
110702
150628
150291
138504
99631
136778
101294
126672
147723
122942
126674
90862
152114
102708
107565
114399
154665
120217
157288
123552
96598
111635
91368
141683
94241
101951
88834
91037
152253
116922
136263
109273
103397
87262
140732
157304
110929
130460
130114
110832
123734
111610
126443
108391
156629
126865
118666
157292
99842
121421
134094
126201
109113
109634
108406
123095
130404
131614
91238
144590
133773
125324
93563
137425
144980
104728
114432
100567
88632
88575
158296
131078
156134
110889
131941
127992
123767
118443
135189
102588
157009
126705
136890
110638
154985
105457
140609
103868
150288
105221
158551
151742
134650
133880
109161
120525
127012
91843
140822
115035
137315
91270
145772
143769
147647
134627
137402
108398
138639
109135
126905
148385
114380
105477
137100
114275
147165
96067
123747
119815
89906
148458
127605
151843
155448
155383
97531
123806
150681
105404
96660
95276
143667
106899
90938
94012
105461
143888
149056
126877
102710
102715
158275
118573
120020
143229
96433
156133
129399
102549
117186
91593
142664
99354
105651
126816
151614
140430
153599
102649
109323
111784
99952
140692
147667
96644
100012
143717
156624
107994
105507
92390
158408
115853
158659
157967
153631
95363
126208
102495
142871
105438
151870
154671
110848
117310
95848
152878
128031
106849
99323
111605
109264
88721
91214
140168
102686
141445
111588
120561
88685
150584
132907
105410
150567
143060
150714
96549
111138
130806
110760
87846
129395
93736
147703
120942
108363
147790
97244
136772
116837
153818
108205
104623
141617
102859
136318
114436
149836
89353
136233
115630
143726
156908
134225
114122
138824
114437
103925
95301
91268
131945
111860
96531
153395
132108
94670
143059
120684
119824
150616
153713
117398
131531
133022
95258
112511
90642
121003
90525
123778
135121
156565
93727
88802
133411
108455
125407
156792
107925
118274
95227
114456
105114
131612
112785
123891
89139
124761
149087
123276
123857
152933
143432
96068
121692
139134
91995
96524
155202
116823
127060
96008
117139
147423
119739
96400
96637
153279
123714
99597
97193
118981
129427
88534
156207
151612
133975
107630
109321
111002
136350
114385
147663
93294
154023
133974
99598
129081
118450
125189
110868
109712
100319
156182
99980
153757
108425
110905
106376
115402
90985
144370
127491
110629
103028
99971
150686
130662
97185
123849
117267
105060
134664
130991
96069
88518
88671
157231
89077
89256
123333
114152
113775
128278
96647
114415
140701
123380
119868
102650
117249
105340
94036
100568
156564
110398
152921
138817
140601
105453
127573
158646
133515
150635
156950
114889
99322
90779
130804
155101
136285
100758
104787
92050
107026
122088
138065
110683
131981
143364
120605
120635
123408
89597
137867
144605
149110
119258
139773
121972
155139
123049
155107
158429
100125
120961
143656
149874
151901
117963
143704
148376
135873
102571
140543
104743
148591
93906
156980
150967
154680
96506
156513
91294
93640
96342
96834
91592
91934
143533
132062
150484
87715
105459
120989
111235
141442
108371
128992
120482
123993
105177
155105
147812
148822
150937
124751
126861
151414
120567
146445
136997
126836
140378
136837
99963
126631
99947
122040
124129
117645
104104
91232
104068
154029
126627
119827
102767
143344
111631
102666
93951
154986
147719
103401
147049
133990
132919
125835
127953
121931
88608
98824
153013
138230
114387
109243
125176
108625
131987
88653
96693
157045
147630
99908
158413
117084
96609
101387
141983
131900
94110
143094
103070
104781
115179
88372
153740
90602
130832
89257
113560
119743
147733
126845
128028
99836
102481
135125
95054
147637
91589
131929
132957
123809
143779
123729
151813
154045
147403
130426
140671
106245
133792
135446
90834
135213
157865
135071
131935
110769
114427
143665
110272
143662
108335
156170
156882
133677
111625
103891
133080
88510
143727
150580
127577
134684
110296
108590
133782
140667
100585
147097
149439
111638
100084
106223
105079
108685
110926
93200
110345
137181
124140
147715
101378
102190
133971
138733
105726
93251
121490
140772
88687
107670
96582
92480
102665
157223
148791
96618
88553
153820
112677
150282
150555
87697
96619
103083
114148
101524
152615
104598
153592
93980
89137
126596
147993
157940
120749
116447
126899
93942
102547
152576
110336
145369
122948
133839
136898
111617
87681
114349
96695
143525
157068
148873
149189
110834
117288
145416
102768
157092
121928
121485
137026
116475
140211
97562
90858
105487
91595
117608
131052
90655
157908
122984
96606
105445
93765
147448
87036
132028
101633
145072
124291
145094
145105
125540
92101
125836
96913
95346
135269
88995
151552
113365
127820
111387
153708
114943
91879
107969
105049
120104
105615
97827
129206
156274
105704
155793
139859
122994
96014
131367
148817
90539
139162
157859
110847
