754675
770257
755625
722164
741959
729530
761865
742193
715449
771232
743878
752365
726468
769252
726829
761941
745997
742986
766298
746278
719672
761424
751943
771183
752650
746547
740364
734500
755732
771548
750238
753956
767337
736282
732382
719994
765309
753881
727987
750149
748507
734931
744659
718430
770661
733232
754002
764399
768308
748102
728155
729156
752952
748306
741839
770209
755783
728111
759169
734739
755730
758037
751740
749438
765519
699624
768358
748190
736691
709580
727518
703300
733899
728014
761430
718583
734295
769319
720044
744053
760673
724668
758981
700856
702932
720543
722863
753467
766863
768009
755271
706327
712351
703087
699700
768232
759922
713058
734528
751029
757830
758955
768072
756780
723411
758028
766093
729112
725316
705043
733680
747036
718672
732372
754292
732452
769770
701333
729540
698422
762523
769658
701983
722411
757379
756436
730880
761326
717686
712662
760348
702419
699283
742476
741210
726646
710577
712874
711988
750876
758429
745557
716028
744523
702433
713696
752709
726159
713666
756377
730775
703445
703718
759185
705428
736382
727748
748465
704208
767377
704417
729541
764398
712931
717574
702199
705079
717127
736125
742959
760047
728953
756151
760963
769749
703687
729361
713352
769185
701706
719484
770385
723950
714329
744273
739483
770649
764222
763063
723723
770474
705233
729097
728892
727555
750665
751065
732061
743882
736028
723092
740133
757755
760560
763426
714134
749732
721545
712962
763630
743388
750661
757991
728861
771397
727809
764747
769445
751850
739880
740714
764123
720124
734545
757779
749383
714297
756277
737302
762224
707733
747282
729849
702524
698173
759034
742668
703661
732682
729382
735705
733545
717296
740773
771354
761037
740661
768562
747636
745003
713875
699923
766295
716386
756989
745965
740116
734543
716221
744547
748865
719958
709622
737013
735099
750328
767446
721420
738563
731245
733496
717709
722868
714216
757885
765331
766976
761593
709723
749099
770682
712409
750591
733898
712690
721092
725780
734391
747308
731637
719995
753885
727451
755706
747657
750909
741685
698058
733944
713933
758813
718515
713655
733972
730613
761417
768397
751414
745958
744177
751836
707531
708406
716011
723300
760373
728113
763286
717190
737735
736236
723013
701016
722270
711047
715876
720672
769816
764730
767170
700964
708490
763209
746658
723548
715253
701597
759043
754607
719955
730892
716574
763296
770887
715448
705162
742032
711073
740272
768015
727441
708394
723145
719409
739937
715437
744229
722902
699959
767152
717820
726376
707408
707946
700472
763752
722571
732608
726809
719072
723872
771124
758884
735145
699032
699513
733444
771105
743988
765318
770984
754182
737425
721090
757026
726304
755639
708484
761790
731211
717711
739837
750937
768699
755630
714208
727144
711071
722945
767327
711737
755613
771134
766774
747698
711400
739159
727942
765748
767531
768115
731428
711113
744816
748372
737761
710099
755190
765133
732521
735777
740775
737600
720028
748244
737438
709726
727911
698747
720531
755712
750000
708473
718053
732380
728631
699247
746593
753974
736632
703167
746680
714002
750813
764374
731636
700984
742885
713392
764122
741864
764127
729195
732427
741832
706325
756236
710246
735376
757972
702872
768857
714274
767478
700003
749738
764869
698842
715429
758847
748213
766189
737061
771252
728136
754124
740024
722165
733194
740763
767285
764338
746655
755705
757772
718402
705764
763750
719057
767999
707369
723948
757098
736771
698517
734293
723619
756192
749246
746497
728344
764340
713915
740709
712483
730823
731440
746472
706920
760075
716497
734298
723150
749958
747806
720539
733215
743714
734998
762981
734473
740286
716263
766740
754209
702596
770530
759356
718392
757723
699073
739576
712065
710608
728063
730598
767179
763793
761440
706710
704054
767076
744358
715352
698516
716266
737543
755197
732624
748366
747846
698750
736718
744770
770498
733167
702075
749092
722014
731103
760542
755571
728907
715053
716502
727482
754375
738968
739040
770206
739609
722530
764048
739635
720879
752803
718381
765460
752438
768112
766954
721456
751863
717397
703440
745531
708559
763887
720098
735776
755700
703691
720148
708277
734966
717063
758399
723205
744991
743451
748282
710329
733195
720302
703043
723724
744483
764588
711283
734974
718383
721227
761005
769235
714868
757088
737344
756382
752517
758378
698067
739586
749724
726345
757024
702231
726804
771010
708454
715243
757182
743521
762233
731299
764771
723916
703449
761039
737005
703658
719077
699575
720037
758629
746643
703866
699082
730831
723742
762755
746870
713869
754867
715269
703239
754408
759646
700047
726346
709990
769190
766087
734566
749033
709729
741215
719628
765402
755627
715235
751606
769856
740595
742029
702639
750105
740222
736284
746938
723862
754441
759170
721091
761226
713059
752364
703547
759466
734482
767687
735512
729710
702603
769321
746620
711120
719609
734891
698108
708178
744126
708127
710379
743420
757831
753877
703777
747576
750442
766329
712014
707660
761562
763543
708302
742004
723661
730847
737654
710595
735250
757522
715360
730679
715872
699522
719120
746908
723851
734869
705516
737756
761714
756590
728765
737076
733619
721481
742926
734326
722910
702887
708532
743051
743484
699525
699493
722923
727677
711025
734461
736415
702578
702626
767134
740638
714609
731415
751949
716865
711058
712152
758756
721441
740037
744757
715444
768560
736251
723682
713086
713999
751727
715877
753024
765418
752591
723375
727670
736082
728905
770848
734479
703460
748391
754401
714611
730422
763858
723647
728176
712272
744227
709008
703964
757270
712346
758049
719129
720544
722172
770979
748392
736726
718412
720851
700052
751929
740335
705692
717077
745024
699587
760787
714106
720347
719219
720749
738117
720880
715472
749746
699037
756328
755674
767294
714212
764576
726379
716706
757247
719949
747245
718868
699541
713026
703645
713091
712195
705380
764562
714308
736762
767379
715288
740656
703412
767555
754558
729967
756232
770830
762008
755793
706006
747703
766373
708183
739622
750059
705384
717548
734911
714436
765408
727510
704452
714298
743658
764354
727434
765158
707996
757981
706414
740073
762403
726637
743455
758627
747638
709379
761436
717041
747689
714489
758326
713670
721433
747384
722873
755081
700439
700962
712692
739470
736725
758400
713937
742053
744699
761310
766844
701628
727491
740397
711975
753765
730236
701605
726836
746341
734937
723646
712294
738469
717993
748337
746809
768758
760278
729997
733135
703297
704805
767671
715424
719999
731430
751374
708186
721551
730448
711647
699547
716267
717722
716234
753083
758195
748349
710591
727860
726806
749905
718029
734683
720512
736621
736599
751270
754939
747648
709467
763557
771272
699726
746514
747745
707639
743968
723006
702567
700617
742389
765171
725165
727183
760423
747572
737175
767095
733172
766157
760711
699039
746251
757793
766945
764984
755214
755130
723132
706693
742545
700622
726457
708190
718450
757093
750571
764627
707795
730248
723424
704002
770849
722900
729766
708685
727828
749143
713899
754204
739423
738966
750935
736110
760730
727981
749726
737708
730834
768854
768255
747673
708487
747756
728115
748498
722426
706708
754451
706901
751253
768404
763824
714493
743075
740279
730032
766320
750568
744566
716394
701732
771255
722835
734720
707874
701720
768561
722191
745739
723445
718267
765952
744141
746937
731257
756267
760946
714350
741969
728555
718382
727150
769214
730866
731736
762720
715434
755695
742509
728903
706647
767015
735009
756271
759689
706412
701043
748854
721168
724666
704775
726753
757208
713498
755715
724419
722921
758878
761983
743106
720756
742575
762174
718040
727080
748288
714296
721177
731465
771044
709447
751246
753873
738055
762394
741626
699477
751258
744106
748285
728867
699521
713894
711261
699034
723110
716063
723115
708609
728785
755450
746150
753417
743407
711028
770215
709850
744248
755592
740110
702556
708272
707411
709310
728128
712090
755222
711811
763666
709456
715399
730607
748067
743499
751313
713895
747206
737634
700443
763841
754469
739628
735996
760692
756739
724087
698886
726364
699038
761394
764743
708320
700020
723641
749708
768595
747927
759765
700737
728138
726834
715322
711427
736447
714305
703882
736877
768416
769858
744649
720094
744550
767254
770364
710700
749392
712292
751263
750100
708468
718447
700037
768240
754210
765983
767198
701062
740626
754936
723027
704871
698438
746228
731203
748246
768455
751235
753322
722942
730967
722905
737990
733952
733715
737307
720557
767868
719418
729988
766515
700449
713280
741929
749142
722916
743289
730836
702672
726645
715859
767440
744481
715375
758349
757975
713863
763475
700928
738280
745884
730218
760563
757234
770933
716674
759258
747702
700049
728825
727584
730592
704521
727874
754544
757660
726253
769137
745013
730763
752231
748212
722340
744496
740655
769630
740390
762646
770122
712280
716624
730917
770855
747845
702607
746034
743434
726889
712306
714606
710034
745222
742735
755696
713844
744411
718010
702099
763586
729529
717917
723465
770829
755843
738993
747771
722865
751381
769188
720359
737567
715452
747061
713888
714243
720663
751889
736921
724252
728273
765524
718345
714658
737165
727366
761218
764225
748215
737868
716225
726526
736529
734740
757277
753188
751250
723874
736061
703841
758635
747711
701766
716268
748669
739914
743663
759018
749245
748771
702521
716501
762092
756724
744107
708666
702487
729991
723379
727347
715412
738255
755682
733964
723867
768215
771302
726924
706497
752105
707261
762035
734487
761371
711748
730951
711417
751252
711296
717559
758912
732716
714865
755688
735780
726142
745491
728402
746632
727464
723932
711027
714524
733161
713023
738169
719216
728538
723096
709636
711860
718666
701551
715470
753828
726537
760803
735144
752857
759445
740043
702821
721179
737040
757102
761094
747390
734137
757084
755079
768269
745008
764814
759766
717651
735166
750740
736608
766233
769186
701009
749743
722876
713016
726805
771061
765325
717158
718250
766021
745671
705584
759547
706770
742713
761397
767927
726973
750159
726503
725299
729526
751894
699543
714680
755324
698029
706943
729316
767544
717076
755602
705971
705560
754551
749728
716103
749976
750709
768264
730958
704868
729273
705218
708659
759772
698105
767423
714107
712679
747687
710594
733166
749189
746664
740630
725789
739157
733150
711110
758029
711119
715355
723151
744219
765159
750812
731434
770980
715215
767963
727031
746927
770151
758643
719122
765376
757998
727609
721602
721470
733976
721143
699696
759722
755105
737776
737181
728313
758330
750594
706413
743514
730255
715447
729915
747651
767129
711455
751021
719864
708477
754163
737351
699407
767541
752716
746383
720822
722673
764926
727622
755189
700260
717943
747662
715042
759021
728080
734608
718367
732211
708361
699489
720826
747273
716144
709595
707957
768378
725503
713800
709686
747312
766995
731410
715196
744813
720856
716579
742011
735104
769793
699531
754132
699465
703439
712551
762626
748735
768118
735307
756242
703914
744225
761100
714120
763631
749488
717923
706288
735755
734256
753489
705788
734823
732494
747104
762491
703459
748313
699250
723162
702601
729182
756223
735709
744104
748934
760802
736636
742548
727612
698454
746675
726850
728112
729928
711979
757901
715658
763135
699486
730688
729985
707525
715289
747688
711771
737753
703044
721341
726508
755066
738166
720765
698867
765423
719405
712352
714862
765344
724795
747099
765485
743600
758924
709848
740382
751694
750097
751497
711184
763874
742728
720086
706496
717570
719957
748702
703060
767455
721188
722892
732182
758604
699464
754426
759663
727711
732493
748303
727029
739550
710961
754702
767183
759530
726102
717689
702892
761288
739590
703358
732150
731433
710281
734799
748295
738236
755637
730638
746039
762642
742734
732212
723875
702641
747089
722926
750597
767558
747368
754240
747252
754160
735781
726880
700146
747755
770753
717259
726386
723283
743374
745556
727159
757076
738831
757196
718119
755653
755685
735715
744396
732483
759787
743940
756252
761155
754617
705660
770502
732709
768466
753426
737172
741225
735200
706504
706014
722877
702560
770978
705945
744561
709633
726340
740628
736764
718112
718386
744855
766063
755455
699958
702540
720088
702614
763627
738304
750167
757109
732338
744927
719109
708389
738496
714655
702673
754374
770749
753373
715356
765415
723973
763888
704755
717927
759047
761199
746918
723541
743094
766803
700413
704756
727185
733454
732498
733495
749170
739612
741942
711449
730970
715398
710593
754416
713834
728660
718558
707422
726373
762647
716269
715397
763591
717499
706550
767622
709671
721513
738011
746266
710958
768440
755288
755061
726828
747697
703088
746823
704095
746606
727373
700998
735751
702571
731348
741801
741956
729188
727169
734705
713270
737375
717206
715439
734745
717118
702620
771064
707948
737330
723768
732766
722886
765264
713936
768423
726439
702219
740711
765310
711741
708653
768427
715195
741795
703991
728271
726912
705525
767381
761253
705302
760287
737429
733921
731580
740082
753298
765348
725783
757877
745813
768405
752327
699779
753744
750110
708331
740128
711263
743636
757470
720209
750550
726847
698806
711966
737752
746852
770227
722859
729975
747854
770068
756067
767665
713179
743791
758398
714635
744103
763708
747639
709314
720792
763577
733149
764586
713807
769996
757463
736065
702538
699483
746309
720328
731590
719592
716847
761447
698163
718421
737719
711045
740471
750821
702590
730937
721005
732264
701027
700396
704098
698045
714100
716676
767298
751302
733568
720085
722897
715258
750203
755527
713773
733170
736683
712001
755071
741863
766535
761200
761476
725684
761457
747740
699886
747386
756251
730017
727418
768441
724008
743508
740031
766369
719217
729585
740006
727384
771321
764369
753308
727956
723313
760000
755478
760264
737208
744963
741905
740651
727292
746820
743530
753763
701046
718121
771563
709617
700053
747835
766598
750069
715228
734439
748001
754350
750732
715421
713639
736002
727416
701424
731471
733885
736883
737303
720871
729294
705556
712289
755713
701014
699538
758020
757733
741627
700402
699457
749531
763614
758946
713882
757028
770910
718772
705193
761876
743292
703738
739800
760512
740606
723546
740051
701787
712530
747059
723012
702780
705790
729979
721237
702675
701773
760206
754453
759493
714102
740637
755561
711257
707942
726256
727610
761098
713820
722904
727886
717330
757650
727648
745301
748325
735436
746586
702622
751845
733144
754373
701981
735775
732208
760597
759967
728569
744674
730470
723088
734468
711044
726849
714530
719220
708479
705106
730064
752561
744397
739368
726887
754356
717383
698848
736279
750569
751262
725019
717955
761999
701039
745712
714278
699468
744670
761592
725784
739156
730029
737360
767319
768038
715417
715309
746661
737242
764736
740007
743985
730478
739585
771501
700670
756466
751297
745742
764746
721205
739593
740610
700627
702594
751956
767482
720488
737530
737266
705339
713313
708293
721494
717714
740360
729180
715402
746014
771361
728119
761564
744437
713314
754802
726471
734065
727511
767270
746567
743460
737695
740516
738231
734030
713822
705914
740644
722961
723710
727954
705044
749380
736768
705551
708291
761459
720127
724415
726866
730390
726869
761340
726868
757021
764240
763870
701725
769193
716270
767117
770903
738271
722167
760935
738249
704099
750198
740459
736135
750326
770435
749643
733564
760524
713085
768032
719926
771238
764810
736642
729559
717338
732672
729542
747514
765411
770180
739582
747297
746757
739567
755283
721584
745762
707913
756179
705917
721207
732506
769175
714121
766231
705558
708475
719965
715435
755599
758138
713416
708905
746646
736000
726396
713831
700932
757034
749839
733852
723873
737857
740611
709613
756044
768459
764380
754205
713842
737957
707775
736961
763545
726391
760522
766588
756159
721581
738933
755290
698849
769686
757715
725132
733958
745713
746653
763520
769922
712535
740659
739614
733169
708269
718309
737620
729989
762667
762808
737524
723951
734414
765055
707949
726843
761314
715446
719796
755606
734419
741824
702604
739575
715791
703785
722239
727152
733984
770785
725809
733297
769197
763800
742730
712303
755624
740816
755167
725034
733152
752833
767877
702645
719213
703802
740652
716044
718424
747404
750421
719972
754900
760421
755524
744228
710031
699540
719780
727882
752483
758595
768099
705529
736553
733163
708029
730015
758969
768885
726919
712133
717678
748197
750407
754390
764539
704566
736619
767276
757702
707950
732478
739594
771024
699596
744346
768945
721883
706560
717735
711151
730593
762488
736611
756464
726888
770279
714276
740645
738220
758154
699152
746864
713569
705706
706410
730302
760006
755689
720007
718689
765413
727067
726821
733530
755074
732633
723556
751739
746722
747209
725785
709278
738050
728989
754612
730902
732127
720078
767508
712716
723333
736597
743483
753851
712064
754212
711970
754079
747857
759535
746681
771396
703156
736731
743021
735001
736578
765372
755315
748680
770261
746604
747335
708700
755776
722199
755725
768614
748342
748774
712363
727142
742059
714962
767525
711444
722642
761712
771241
760773
731214
740587
742883
746638
739796
760604
764425
751769
753493
754989
732628
709450
704103
700607
699123
746151
757894
752800
728047
728753
743513
716716
747367
771398
743676
751091
716143
759194
771168
732980
762098
712702
735517
720490
706319
760948
736295
762759
709309
747855
751127
737815
713847
720103
767640
714196
771250
748206
770137
698127
767822
756243
722866
717180
731169
720024
708170
765315
747287
713870
757933
704655
770303
761365
706326
753266
744435
721089
715792
760668
736719
726088
754354
771291
714026
723097
729533
729454
713363
714816
760513
747800
704926
755839
756687
734122
747394
703444
756796
717966
762468
747381
754830
730221
702777
720860
726478
759836
743670
737549
767498
764335
737532
765307
738217
699652
706538
739918
752573
734121
742755
717079
755025
735265
712819
756166
738263
704104
742203
765039
769018
707520
708294
753740
717729
753066
750548
736787
747782
703304
737550
734948
760259
750915
765721
754120
770450
711767
722267
751772
761935
740029
730819
748838
768313
761209
743297
748350
699849
733537
754197
721019
718589
730665
737635
704634
716302
750004
718290
727574
750118
740404
747421
745256
735710
756033
725187
711284
703442
711880
735283
748203
754136
732267
754834
724809
755184
759962
760725
760720
732243
717126
763303
706540
768425
738630
700223
762466
746934
744809
755139
717720
711751
713880
728777
740230
717082
767238
711187
728914
743685
763164
750129
720869
713141
767114
767845
712521
756279
749942
749638
735985
711774
760517
751174
737047
746159
748796
747428
767255
714618
734096
770473
746876
756213
761055
723799
743655
699677
723094
719063
730608
759339
715297
747666
714122
737630
700398
757009
764370
705004
724585
728941
753148
702816
766347
737908
703526
740402
767192
705774
701182
760753
712244
770431
771002
735231
732269
730977
714825
748238
734864
698053
737539
738286
705663
699402
761190
750938
722294
760750
703663
707516
728868
734991
726781
743813
747417
757790
734863
729947
708311
764714
714104
711758
718449
719719
730181
742756
771202
740134
706362
757146
767596
699098
717818
765292
761221
714654
746863
750446
713841
702679
762643
744570
770187
730536
764668
723538
751214
764616
701018
720344
715411
769742
715381
730604
770512
727079
758834
766751
739054
759863
756207
733532
734089
712339
728099
747408
704385
740428
699686
757240
754835
769062
744137
737588
761228
703054
735948
751920
723282
746849
734804
724020
711446
714047
715324
703558
764752
712404
715165
718564
770396
754100
723643
763904
711198
756304
719984
706515
770220
717075
740425
701290
714046
726429
700634
717155
720324
740388
730187
711210
705777
754173
752632
701173
744941
711189
759649
721774
729912
767280
753621
747406
756198
720321
730609
743023
737541
714131
706329
702551
707400
719235
706995
733593
734572
769484
713133
713876
715283
737060
743371
706596
748220
713117
751424
730916
733589
700350
711742
727984
743665
770999
734214
732307
768411
715174
761519
717740
716161
744221
761398
765737
770982
747393
716711
732640
733623
726334
745775
750956
744829
727078
699845
736728
754111
767263
719571
728961
733945
747821
742956
700395
750095
738817
738257
769282
723170
762238
754188
768060
754440
717739
725202
731210
728610
753252
716822
740660
720326
711920
718018
716180
727578
748973
744112
754824
712590
717167
717191
763897
707522
716742
718396
731592
755651
770439
707436
750459
702898
751320
751852
768913
727611
703462
742515
754828
710707
769640
756015
726407
710461
719754
770541
733003
737595
765108
744117
766318
707560
718313
710414
729040
720884
722055
716934
722461
748621
754195
722858
706447
743492
702997
733628
767113
749921
728121
729998
727959
711914
720331
717098
765680
737525
737576
767260
712068
733082
739721
750381
712012
746744
720253
730235
726541
704073
771315
698301
721701
755181
767261
721127
719242
707260
733583
715912
731368
768684
704762
738782
765537
739229
708569
704907
761363
767617
730606
719979
757740
750447
764707
709697
715227
734410
764596
714037
721601
746948
711957
725300
732301
730240
761523
719254
711299
751862
757123
718659
720422
735014
711288
739627
756021
771006
728028
768877
712619
723451
737085
753068
751947
721566
714614
733201
748615
698094
702915
730900
717202
720246
767262
755161
770164
716537
719265
762356
750384
747409
748869
704617
731615
743847
744837
750949
743839
746433
735456
717716
714793
706610
759199
705775
769499
700008
727004
713395
714624
706559
740003
736011
709400
720335
761488
715236
699687
723087
718442
707519
704286
710317
752545
706291
751861
752437
761362
732272
719737
716683
765223
730259
768306
749214
701591
719869
754202
715519
767494
763106
714944
702920
729244
764352
751763
710155
723148
747265
736498
718376
700559
698174
717967
756168
702583
700386
714712
711086
770563
743707
701733
761007
768135
771292
713823
762588
765941
736405
758011
770414
699658
712010
701064
720394
746897
747658
765884
765268
707269
704306
702264
703536
722658
717201
759046
757298
729560
754121
697996
699174
769895
714912
738886
725556
731002
738240
698589
738747
725755
747872
742525
700501
710785
748845
755767
745607
769719
753625
716146
753140
739425
740578
745451
707484
756333
759523
720626
728110
712214
716148
716181
701650
712239
744025
725814
701482
746303
726970
758927
698145
715117
753476
719091
713002
698179
770757
762519
700469
751699
736987
759363
699204
711176
720899
714716
755238
750297
722174
704264
704559
736100
731047
743998
768117
760129
705231
747399
724862
741361
708000
705651
723743
705272
737631
752147
701759
743402
756471
745420
759417
719713
710274
724056
764085
736720
751644
725727
759643
742397
730474
724388
701550
763374
756850
763868
745974
761572
705506
721854
764943
731237
732873
700811
742357
701501
755453
754943
753715
713611
702071
720662
699292
759157
752644
745481
728979
698686
711049
701061
770117
726347
710035
721703
715465
718178
739360
731875
769034
764460
768586
716333
759408
761073
707203
763673
765638
698841
721414
751611
740280
745513
746097
712656
708241
738908
722568
740421
726901
769717
741502
745543
758527
751217
739777
713012
705585
760632
714957
722479
724572
715313
722670
712116
719567
717549
737833
760728
716721
751039
763748
714554
712370
751626
752322
731381
717316
740021
731582
729367
759358
756005
738287
747270
732524
721471
730407
770245
712925
728150
755429
763043
760374
715673
724570
730657
714722
761803
766784
708094
713866
760669
714660
734199
749861
731207
708184
711842
756008
704717
723736
726511
720016
750579
767250
738484
719179
704539
745330
731157
714405
748857
768075
710240
706516
766612
707676
766008
750274
757577
764451
752933
720008
715223
762630
746544
728732
769835
753693
723670
711017
722659
701190
711517
752314
707358
704994
751674
719763
707931
766512
730046
749787
757315
761115
734833
723785
722660
700979
714561
763480
754897
768051
719128
708877
770300
709999
710926
751682
712273
713619
728946
770811
766082
751864
770104
749234
762446
723589
707263
705513
712928
717165
739535
742452
717668
769147
712406
758353
769263
762634
701705
750715
769078
709815
698580
718951
752357
706661
716140
714246
725989
751935
717802
745268
703194
720933
736965
714269
738128
762686
742694
764465
764719
732926
712671
748776
707675
706699
770810
732939
710622
745668
715975
760714
744401
760172
723607
749804
770702
748775
756579
708353
766526
752440
740635
703736
761795
726011
703002
716210
706094
763083
742623
714335
757970
707225
727461
759874
728335
743357
737111
743270
729602
723905
744671
752863
748701
722305
745458
737052
730311
767142
727541
700873
770891
698541
708156
709892
754635
725696
758546
717807
722691
769982
745518
698599
760547
759777
757990
704600
733993
750816
726639
728614
718516
756552
745198
721328
710398
719005
709534
727332
715919
700694
727070
758007
723336
722084
723596
731083
742236
722750
762544
735450
731099
721321
745546
701338
763889
701189
760774
766001
705568
734112
734088
762430
728677
756047
734109
706208
733198
733585
703352
731922
755364
764548
754946
747792
744753
769615
719653
701287
754099
734396
699824
707245
747301
764130
721980
703055
753381
729303
701346
727117
770040
740349
707837
752737
703077
713421
770037
760067
764974
735688
716547
713053
762058
760200
702757
709659
701247
719447
747284
748360
762003
758386
748380
700169
706720
768430
743894
762777
766611
741183
739717
753447
716635
736079
769512
703154
711482
760983
766125
701298
711435
729641
742693
717585
701261
731586
760740
701295
763021
771556
705719
721331
712780
750647
717337
701324
753455
754655
764126
708922
750535
766621
720558
701480
749830
742879
737592
724094
732971
704761
720205
747091
711620
763150
707842
743954
722586
734530
736339
739007
764847
702785
771129
736527
722320
710101
762898
771099
729360
702186
747215
703254
701293
759947
765046
770926
700106
754346
768063
698566
701272
741748
719584
752128
699286
734213
712502
710293
701320
699063
702361
723483
766761
718153
731092
705655
726299
743936
724428
762722
760901
723803
717522
704445
740219
769539
732034
770402
729650
722764
701866
737596
703176
707672
735982
719527
733907
758739
763379
756439
747374
722154
702715
723731
734884
699172
770764
704301
764844
759965
766654
725035
728085
761898
764839
758713
723163
732525
702109
746630
699650
743155
722373
729231
705324
763929
702767
737937
710104
704100
702884
715510
724466
720180
716866
719742
746065
702763
758045
764909
742269
714190
729064
756794
720666
729511
703332
771484
767810
706330
705677
702248
763151
764011
720456
746904
706158
723532
701218
745980
712529
745852
700094
736702
701330
754542
763916
769867
736227
732865
766618
723775
766503
749664
704237
754244
720548
722367
730308
763006
712853
747373
761042
763205
758320
757957
728667
742492
753354
718131
763437
720908
765772
723214
744000
766770
741456
720284
741455
701264
712756
740098
717025
719613
722284
717614
729377
769798
749339
720621
698384
744030
701280
761975
731985
702844
733859
765033
761923
706372
701270
738012
751282
716551
754541
763751
749386
744478
746057
712117
743146
768167
761894
716511
760903
763726
706312
749843
743185
748753
727524
712863
750303
722253
761395
732840
752475
756029
751646
757686
763370
699131
746873
726720
736399
738187
746121
705221
763712
718416
764049
740542
714494
759944
704455
721996
740112
753067
754582
764131
736305
748232
713324
727773
765997
715387
742951
705276
760055
715330
719619
741450
716630
701296
726090
704787
732844
747718
712744
757323
763308
710624
715953
733573
721937
713944
698489
771161
717369
761916
741174
741680
702762
728863
720768
757962
702733
700824
703908
705357
759948
751983
700411
718848
722362
708680
762679
763729
751028
751514
763211
702783
720738
736323
710905
726223
699852
754657
729417
735746
724329
699075
767921
712520
710554
699418
716664
722033
717606
729624
719421
713315
723482
737265
702764
749410
769774
721593
735971
702223
747876
711841
744500
760088
769776
728930
717708
715921
732475
716382
719135
710825
703499
759422
723796
725639
751896
719482
699815
722628
698558
747363
710185
703363
721944
705485
701312
744490
770638
768003
770660
757292
760726
743957
700134
719412
753123
701268
720777
708195
744014
701322
758700
706896
727227
717794
706151
735481
763048
714145
702967
746533
707174
705322
735130
767929
753331
766172
721084
750031
742973
735820
704055
701302
731595
730663
698740
747056
763377
729682
764214
745374
748312
764939
737325
719659
733872
740302
739364
763079
760121
742533
702874
744705
722473
727643
718127
718871
702911
741596
719187
740141
766623
708823
747041
705358
752338
765956
757692
728869
722017
765668
743765
700011
723020
717241
725461
708417
757711
700118
701331
766485
751525
704822
704602
720336
757637
754506
749399
754613
713459
699982
736032
701348
705700
703979
739234
701487
750651
702755
763163
729726
719582
746021
726193
720378
753270
701246
716496
700019
727340
762723
741192
719769
718905
706933
705987
755645
764949
702792
744538
760447
739335
729638
714943
740108
761707
702346
723780
702779
753254
744516
733909
761727
747187
760437
740277
760041
722550
716403
725457
718179
703360
746062
757452
729212
766721
742726
769488
740332
735580
729248
718164
710836
726157
729415
722564
732603
732529
753171
752001
712897
714545
699921
707171
766590
764129
770827
736337
739560
742961
740167
730345
702030
737264
718815
761680
733750
759655
748693
707310
733554
768941
750358
722050
757856
701477
738794
722325
768200
705387
757162
752852
752984
745661
718941
732154
721351
748905
722111
718113
737319
745514
716149
746051
738927
707526
720807
766344
706942
734653
765641
725677
712503
735142
741907
709352
742566
718003
762470
740716
730940
719092
700601
720323
720935
733100
766006
714916
733536
718061
709817
727540
727692
746993
738553
745421
728635
766861
725491
747659
761092
717105
701193
731298
752252
719088
761119
728752
741578
703335
756608
718327
701478
759789
712765
725551
751150
702925
738931
698696
732200
721087
722332
756395
703713
703973
703612
742206
715867
759782
756702
731737
706052
712999
698393
704669
701712
716796
701800
748690
742631
735388
771213
756725
706097
698527
700980
752670
703971
722132
734313
757844
749005
709277
752152
707669
703811
701155
719185
724132
700669
723720
721093
714985
738889
749250
737427
764767
704018
725643
722675
724112
725700
761470
740461
738815
732106
745590
698080
703869
718058
749172
708662
768597
718592
730551
723599
741413
734041
716831
731831
760263
700143
747226
703486
729642
719731
731607
720793
728685
731870
753479
729674
723519
767988
730467
753181
732898
746779
700185
747223
714472
727783
720780
717630
716677
737434
750693
761040
707679
768935
699318
720201
766718
711572
719723
770760
706112
748591
733957
764233
729384
702878
761132
765003
731893
740327
733429
737099
704508
757035
766805
700325
731954
733479
715833
723550
718582
761118
749842
731926
749786
746522
754610
761013
708076
747258
710800
713641
719724
703229
722005
733428
750349
726602
747173
743356
747185
731934
733427
733651
742776
732877
764169
703210
720683
733457
746790
754627
734589
735170
740333
733990
734538
701560
719759
733998
724442
754658
723565
749794
747879
742473
729037
743923
720681
733951
724373
707239
724906
764246
729640
718852
724877
735263
733435
754714
761093
717661
747321
734056
761112
730100
725554
701522
706117
733966
731899
733977
720695
727344
746308
747259
733942
740536
742660
751182
743031
707283
768886
756253
759324
766166
742657
766324
723974
706196
716216
741736
747241
770642
746061
705694
759526
731610
764223
711824
734534
710934
703366
734417
751155
719076
722498
736309
761376
759683
724494
769051
730611
737809
739130
766971
704234
762784
736336
703994
744429
728721
766977
732399
764476
770808
723931
716702
707825
708450
752888
703784
762577
735577
731115
707758
752653
766974
716142
756705
717786
714764
737459
735541
761211
706874
718555
756024
742173
725659
758432
769136
751350
720961
725330
698399
723917
741251
740444
750367
706407
734480
728655
739001
740682
769931
718760
727577
738157
744243
710984
745716
764928
729843
747379
713236
730561
742498
707939
745285
759641
767660
762167
713656
719168
752162
717812
749513
748493
756802
738467
698277
722062
727133
734317
722148
726095
698647
705002
771207
757322
734492
730132
715661
722287
764324
733987
756722
760347
727542
701661
752856
710117
718563
720658
727715
761084
723986
756600
729799
742207
747753
767727
769273
701428
759281
757207
744211
763473
699374
715660
706248
714804
700688
771112
747611
728952
744445
734866
712817
703679
759201
758114
723721
748655
765215
737410
743419
700722
705772
727519
739100
730380
717863
713688
755194
737077
728704
770882
723601
769961
744336
723053
727060
713885
756717
765999
702112
703503
708393
759763
765799
736958
706584
703791
738871
698904
771001
698609
734289
730906
714763
698624
724009
751101
721985
721800
763310
720313
768838
759911
704776
698992
762555
706386
746224
723433
727739
701821
721783
728820
721108
714949
726237
748754
727561
718750
729318
764698
710011
760411
710222
759972
730128
756960
756096
752896
714174
730256
764472
722266
761177
731732
716418
735264
752513
718032
757506
751390
718111
746496
767275
738557
762312
722292
698431
701200
709411
710467
719014
714031
700604
716898
714986
717146
741925
757231
724021
742654
737449
734457
730715
756641
766020
755138
768365
762190
698259
716972
718796
739084
722800
701872
762558
710103
701157
703767
738911
756624
734383
732979
742430
706646
752898
767812
712696
721676
706471
742153
734344
708074
711349
761360
720852
750977
711692
767595
751077
732273
757132
740670
768923
750959
736959
728747
708533
746857
729321
748867
727701
758372
700510
710957
727638
709562
709869
703728
726692
707480
756942
760273
754176
708375
714922
712548
744311
771158
732013
701877
721164
736076
713004
705441
737881
729680
742758
715854
733042
729785
723751
727526
768957
767566
738383
704067
768765
771446
717045
717194
734359
712975
761165
703514
761275
748607
717844
754987
747663
708396
727817
739940
761264
766007
700310
764321
720298
733076
716062
753692
741015
717757
766038
701315
761384
765623
761497
712935
738847
731794
763866
706641
761342
701709
711326
723662
701949
716079
744364
759572
749011
761219
763251
725858
764510
717838
725660
723926
708522
747722
722793
721001
760387
722368
729819
712798
727066
727696
737647
755150
761257
766597
761584
731997
723141
760017
731588
698595
712526
724336
762906
701470
723958
710654
753583
752615
699269
709283
714992
722833
733584
753477
763454
704936
726702
743479
763772
741115
724747
764792
707757
707852
749218
767345
738558
714908
732083
725433
746949
698544
763963
752538
759758
764199
713166
747526
749048
701412
725623
752478
708033
723919
755213
761385
720733
719094
700475
733934
727654
720936
715752
734172
702004
723966
735618
734129
767729
747492
757968
744373
700539
730743
728950
745409
711516
714358
754689
702475
704892
722040
703764
735531
749927
749297
717780
731978
734286
743920
706306
740713
706570
735533
733932
701858
714710
721795
710456
706134
747349
737820
705126
717010
698885
728991
719183
702481
720970
756872
769060
739822
752486
768673
762213
742517
711906
758105
753406
724127
717779
714905
770520
744190
745340
702281
740522
703623
756869
733849
740540
723597
735647
757802
719752
747592
759570
710967
728393
699638
717469
707992
767274
738486
705835
729186
749182
727735
738924
712695
737324
744261
731605
756369
766340
745869
727063
727539
744394
717875
762658
759255
716322
760481
706629
720892
723918
705574
705034
737839
756011
723805
706511
706474
732007
762473
746974
713181
761335
754245
735571
710249
725626
764355
752129
721208
698408
699738
732440
759612
721705
699193
748949
744425
700347
744581
701431
751122
723431
748463
734465
762612
725667
728763
716587
716389
723764
711596
762347
767407
726115
752099
771038
699667
752110
759770
762172
703541
743277
712053
752895
761266
724723
752897
743366
733050
703684
740504
713479
770287
716998
724834
738448
727572
729049
709536
722034
761295
714708
705682
747825
723551
766337
745888
721196
722094
763154
754905
699050
766987
718598
723848
703564
714676
752617
766406
771403
737589
720395
751458
704471
742385
704662
735303
727499
725398
756987
725522
740530
740243
743326
756577
698543
730881
718903
764237
735723
768555
711555
747801
701958
702408
704477
762567
733540
729106
707330
718733
720254
740267
763500
748970
756146
712079
759844
758092
724353
736535
757886
737696
725931
769471
704555
717670
735658
706444
738492
751191
717083
719797
740720
764305
735747
735364
727635
751267
731698
769195
759784
745544
699837
758637
756618
730301
761461
736539
718578
763462
736490
701857
751336
740480
698287
754075
761582
753222
712052
736495
729840
727503
747692
744368
700237
700995
726103
710184
742062
717865
701895
700423
712901
753428
728790
716187
718568
752257
722233
706916
716313
730752
717894
715968
755143
746671
759515
726778
754068
749251
711871
728671
754253
719931
764729
730717
707920
705142
730396
738869
699404
714035
702714
732119
733953
737919
724006
712022
704695
731941
743322
721858
710277
705197
771043
723965
769343
727440
719221
719512
729327
768588
698275
704924
747607
709837
733919
702726
735579
752942
720300
752568
709655
766270
716133
756525
718021
733561
728918
732635
760418
721021
768871
762229
737643
698426
707320
769114
709862
717835
765756
698547
748946
735161
735369
716306
749933
745355
731720
706379
732817
706498
731946
706683
704790
766049
704211
712330
728307
717887
724001
716443
740458
703709
703644
749167
765794
742824
702944
706619
710623
700379
700444
769064
701934
722838
715653
770921
699729
714814
730154
725815
734364
735799
737794
747141
727637
703461
731800
760780
770519
727257
701930
750422
717833
718910
742497
760576
761527
769154
732158
725448
757205
701191
718789
703739
733051
719008
719054
748926
757020
714723
744259
723022
770577
727862
718942
733971
722317
725662
763446
767302
704971
764663
762858
733206
727688
705446
724695
729783
703570
725439
711836
770507
698789
734234
741556
703400
721886
731793
767078
763894
719252
727794
737710
711735
714506
718692
728283
747455
764524
725775
747400
766217
730642
722221
732928
756896
715098
716274
737083
730851
770500
756538
720425
715862
705466
714860
728500
698898
744302
703653
706377
743315
702742
748965
735668
763347
727463
715194
710742
725334
736481
699434
758099
761329
725822
760863
730527
767043
712585
738852
707318
720567
710404
752608
709042
703949
722301
699349
744021
763458
709852
720996
707287
704918
718991
739439
712043
716594
733940
721726
761646
713277
711926
731613
768993
763507
754169
756409
698713
735553
709993
723608
728724
737927
738799
712896
732045
701657
738545
751671
748511
745483
716317
726025
710126
725162
754962
733483
754090
751844
755155
732623
750831
769068
755099
760065
718797
748969
704613
721381
711293
728617
733115
734285
769075
747747
753598
766720
769674
766123
720942
749279
722982
713235
766714
741248
745700
698689
704873
727048
714965
766341
707302
702480
704628
708504
761439
733484
746274
762852
740494
705622
710916
744267
704699
714564
701953
745555
701554
759568
707003
746828
767052
742279
745353
714435
752758
753267
724146
742182
756446
702813
751119
755067
765813
722088
762661
714652
731598
718765
738948
751111
744184
750682
735157
739397
722006
739510
714187
743193
742175
729788
728324
734244
704885
735653
735475
737638
749951
749184
761966
739894
703319
757288
753236
740409
705539
736453
761402
740662
742750
752826
745183
708400
707336
763075
701904
763469
766045
735134
766110
727618
730714
713790
719640
703702
733009
703422
731060
762514
725407
703671
715841
731134
736109
708602
702974
770020
701914
725510
727502
768604
725794
728912
764494
748624
742802
703187
744299
718540
712908
728750
722321
727697
742151
721171
701203
710271
731898
698437
727646
726717
701559
703631
704910
770054
722231
715043
714115
712979
733893
754077
699296
734644
755185
698797
737290
727496
698280
720988
764648
707383
745561
764414
733913
745125
747558
730915
730896
699861
757617
751206
756039
701390
769970
740495
709029
748861
713125
733456
716327
728585
741608
707569
737897
756056
714837
733829
735685
712394
723809
720766
712879
752495
744380
732827
699445
698611
716254
712070
758361
699642
747240
756426
698607
714757
707552
767989
742185
755209
699108
735550
726795
707322
707153
754270
708478
722784
752721
701719
716277
764677
771284
736563
704338
771316
724689
727626
738653
749515
768782
699370
719245
719018
725133
756327
708402
725519
732713
701401
701617
706399
735462
732117
759602
729127
701898
713022
731924
715750
755041
735613
701547
749582
734481
740501
710308
771300
755560
722236
725192
751276
755447
703711
720244
726727
716126
708423
725320
756156
748577
727390
768638
707492
730323
754945
712603
765703
768661
730143
731669
759229
707750
716482
730152
748659
729804
714899
761508
733911
702276
756318
745960
739523
727012
729282
727019
769181
735988
717435
742943
767320
751860
745239
712591
745871
742335
707907
708280
746892
750431
759218
731658
730766
717692
758923
719284
770291
763838
734430
760785
699983
707903
754720
760633
710659
705965
771184
759750
744110
725278
715491
702759
720877
707896
749128
754525
718660
705492
706429
770508
707937
714848
756999
726131
721410
763852
768639
698089
769289
761355
704854
721053
744938
700110
760091
714125
731663
726079
762863
752377
705076
762283
743561
703608
747850
728411
752726
752216
702896
764537
726412
743715
726551
767266
769570
747566
698344
707354
765735
743731
757431
729369
714351
770964
718716
769601
756086
752727
740571
742808
734321
760357
756292
755781
741617
698909
705194
753165
749118
755567
757725
723093
737044
739210
710527
711885
759230
715787
722533
748671
713385
722380
698834
717387
725837
749639
725868
727523
737684
771310
708414
734432
740118
751874
751281
767779
716595
706963
722439
753015
705738
705590
717272
717669
745299
739808
722395
727393
708469
756139
755376
764147
763276
760688
722360
747380
745240
759752
746916
715267
713078
766637
738514
703695
750593
747733
748535
736091
759819
717817
731064
743027
762862
742244
770864
751167
723777
710727
745228
717093
721775
725249
761183
754129
755096
729347
703637
698347
709416
708445
767227
734304
699003
742285
723774
756126
706988
761271
766358
766919
755050
739720
736207
756941
768637
706381
712577
770718
727005
740403
761446
763449
701281
714789
721114
727040
714054
703275
716572
743153
725560
740584
708312
744204
751180
715710
743700
750375
705864
698348
699673
738126
755098
749923
731620
699664
757583
706973
770478
711514
739299
756119
729723
756129
742873
754796
699132
704318
698540
743692
730347
706562
761797
753627
712852
704368
721178
754074
726214
762260
765718
714082
761217
733570
699212
712568
716289
747616
699838
766263
715761
749487
728186
722429
733787
709909
763235
735205
739908
730757
731683
711178
711583
737064
712265
713927
743635
754166
730063
740990
730864
770358
762284
734852
711770
762265
737701
760755
759932
769243
728382
770444
708286
710396
758112
754059
729424
757696
716378
728428
762938
739964
720480
723081
767879
749602
707510
725271
762788
723627
757276
707855
704922
728361
729252
743009
700690
716830
755094
767143
722545
738096
703965
725282
742261
733302
716612
763823
762967
730912
731668
717855
752276
747358
735866
748571
713734
761449
760124
718622
710755
715493
723111
764626
726295
713992
724779
739087
750527
701371
759253
733534
700380
731723
767717
769874
740030
734253
767432
763769
754158
767112
760929
742953
759804
727163
730736
716675
754978
715708
721755
754740
757958
745209
707921
707463
747582
754869
756208
764329
702765
710645
721026
713809
714903
698881
743076
739197
767543
718213
730168
704323
756234
748660
754868
750425
723100
710701
726479
710451
700487
726165
720133
705699
758213
704314
739219
729010
727881
723832
721743
738103
767449
706597
752226
717698
754187
749485
715774
719292
759211
712579
746836
735228
745863
727016
756125
702121
753604
761408
749551
712569
745657
751057
769271
756209
706953
719466
730582
734404
743681
735994
722458
761509
719467
718664
723114
730639
698923
727021
710861
711887
742276
716364
715271
718708
746901
764269
755245
712124
717854
718690
768678
714836
756256
704325
735925
725280
725253
720128
752719
766729
740102
733461
718633
762263
723376
752227
726649
756122
706954
702998
722254
701376
737720
722522
728890
708185
728373
753159
761175
735235
718632
728889
707941
735254
712617
718588
700547
698880
733308
706265
727036
725902
704974
726978
770995
716053
752370
708544
706272
753089
764353
700045
722232
740373
743119
739846
717933
725258
748568
714619
769279
737745
747543
767172
711256
771173
763767
743673
700996
707923
736812
710477
721421
765734
715184
760762
713170
718637
725216
719458
736012
708222
719825
734073
764612
726092
701980
729517
732692
723790
737658
721835
740160
738555
751410
714072
740105
727873
771212
703030
700416
721029
712137
739132
747762
711844
735840
722716
711237
714112
744088
771208
740372
725819
757044
711168
701219
763938
704313
763680
728354
699592
762259
716451
735803
716656
714595
699096
750893
756387
705527
754177
705892
760703
726301
706952
703666
712718
728429
759621
721803
742259
733520
702158
747615
726317
760151
769784
744344
717174
747748
754319
732436
703425
766261
734248
747147
755770
713396
750495
698055
721065
710772
743100
717186
764060
740703
708281
743065
743914
727603
725243
728351
769361
717889
748583
757545
743137
767106
711437
746738
706458
766345
699076
705212
730596
744128
752905
755135
770564
764509
768725
713998
744319
708313
711216
713522
717108
700986
731618
729622
703501
714085
713467
740680
715497
699712
763215
723378
768651
757859
749401
745259
735208
754085
699737
723332
749539
712618
730618
732702
761173
741932
767193
752725
716251
763872
738560
769301
769261
747416
749402
704330
710940
746834
732761
760096
730150
702119
722514
743686
747521
707501
759227
699222
745843
722953
709893
761334
742761
711262
703048
748588
754793
759246
764356
750474
738520
764515
726064
715715
753187
712576
727368
700651
706470
731645
743620
760080
760098
714853
739256
723042
712561
747563
752220
767222
743110
742282
702857
756101
719295
702873
744275
723293
743069
710675
719457
757495
761381
717129
763179
718661
737519
715756
750199
719441
742280
761911
748555
750951
734084
756977
723066
724014
702156
767458
703701
716308
747588
727965
737511
717286
738508
727035
763439
711715
737516
746012
709899
700262
749611
771186
726072
709732
742896
708555
718608
712061
728383
768613
707747
701300
705163
725824
731664
765690
710763
715716
700741
764687
699648
741999
732496
715704
700641
755014
721761
767839
714220
752233
738550
757487
705587
703551
767233
706981
726181
710682
759240
761633
705157
711130
744280
699668
746081
723759
735299
742296
763843
750206
714516
717314
715714
707951
753063
747580
770522
721054
707877
756948
723880
707517
722312
739281
755007
705922
740278
729370
749553
770394
742275
720236
748570
769625
716531
769884
701285
734124
759996
712584
716255
750045
766672
770487
711221
712080
760029
757492
717097
698338
720286
704043
711169
716439
731624
707458
746769
716260
762355
701836
738529
769937
751151
730186
718307
727351
702902
721884
747146
730672
762256
726178
731667
749420
736820
720552
701337
714321
727269
746073
719182
699137
705746
716346
713268
760842
726938
756130
735611
738510
703152
701245
763234
706979
756258
738532
719687
770341
728341
738513
698349
720839
748556
716725
714594
763166
728357
708093
727607
732550
759352
769182
720593
727658
738579
701929
706279
755787
763689
699637
756305
707545
747908
727354
718644
740677
701868
712036
727039
705791
752218
757766
760744
754795
725259
714288
710439
720876
707010
705170
706964
714927
732799
709038
702435
748602
725315
755573
754997
704864
749400
698339
721769
742284
732358
723028
723041
721731
750374
701925
723437
705740
770288
728570
726042
712574
713398
700733
761181
705705
761387
766665
727758
760813
699841
721802
735180
743602
761354
721443
756172
707713
715706
771229
731724
765695
754548
721859
719593
751157
757599
730884
704101
703153
765213
735223
731422
760658
714319
712016
757516
771299
712570
714418
733577
746352
714163
728379
725268
764954
752848
746160
725399
765679
770456
721801
742942
719209
704970
720280
742295
766474
719562
754832
737024
718707
770386
770378
732239
739843
738559
731656
747585
717437
727367
726104
704862
723779
710586
756063
704310
751187
742300
721766
733478
756330
710479
739222
748601
745772
739258
713379
742320
755163
704357
725227
711893
709900
735757
768644
721445
729464
731945
757119
707524
699205
740532
728337
766579
770003
753202
743120
699385
700370
751158
720838
721035
728372
735891
763842
715845
762251
753100
721768
736276
705149
722230
728649
751139
701979
722669
715775
734250
703592
755042
744331
756244
699091
751309
768642
727000
718358
709897
720299
742277
702096
705493
752213
704317
762267
733463
737898
766662
743389
765716
751063
740004
769036
753035
705720
767501
699760
734090
705189
720603
743699
726231
769283
702278
715780
715860
706975
735216
756434
721012
757238
737034
714003
724740
707539
709906
699086
702929
763128
757479
739897
739853
707901
714087
739111
718717
764641
703622
715385
723029
748585
759877
760811
746903
768373
711457
750672
710911
714906
749179
723104
762075
739074
713408
760683
730748
711315
720379
762772
767895
732184
738521
738528
711688
708580
721759
760793
701283
761364
698354
723135
760772
735764
747625
703094
728364
699993
728365
725285
739154
743713
757601
718640
700048
705665
711941
752221
744347
717028
759936
733474
756593
719651
767568
739304
750443
751679
705248
701370
736008
726069
755131
731652
714596
732344
737822
701321
771167
765059
757764
698869
725261
763011
714641
704049
702694
763885
735251
732705
733705
729355
717313
702162
722549
737646
767462
698929
739817
739367
766455
733588
736993
705645
744266
713121
739869
745235
712159
705935
708497
739187
705649
721025
716835
723156
732205
746867
750621
748534
699961
720845
699442
766563
754148
751025
723116
760748
715290
766372
737676
742319
769379
706533
709682
760792
699321
735765
722861
732694
749164
706971
767173
705776
700577
711726
706298
702960
702897
748542
702841
748563
764506
734303
748592
698342
704969
760689
725246
760922
700282
723914
723125
733591
717706
710488
718630
739836
743709
701257
750871
761205
760873
698311
745248
743567
761210
705951
767166
756105
711579
725918
726052
753528
717617
766068
705715
730268
716373
764512
719472
742927
761526
760092
714787
767469
703583
748587
715711
759760
767144
749217
763910
703697
753516
714580
756127
764505
753921
698949
716658
756121
727376
743360
712091
735806
717699
733826
745986
769511
701250
708055
698363
730201
731731
756320
722955
725943
711254
767267
733471
768648
763806
760402
698362
707984
713484
706418
704311
701274
720264
744102
739664
760300
760696
769468
707546
746842
750886
740689
745229
709914
755537
718679
754567
747420
739854
728377
739867
739823
713529
744253
767732
764087
726177
719575
706439
753929
768720
757350
756181
711186
723144
736462
768718
740544
699150
735217
721762
702837
767150
729193
730217
753088
739487
742324
770430
756083
698006
700385
757854
721507
708520
706969
699720
731693
740374
717785
730870
769503
737309
716257
769489
760749
770400
713808
740117
752193
718645
719477
704956
756123
744917
756153
761663
737879
718688
744289
731673
723472
760778
711936
731686
762276
728374
712563
735975
732199
723303
762901
725290
771143
757619
749186
762277
711762
762869
