327368
292874
322357
332497
339726
310746
325451
328769
287953
328346
332446
318744
292840
348871
339702
310863
341564
335385
302315
330445
348850
341584
344657
345359
342855
290319
321602
339728
342922
297732
347598
302104
341524
327346
322250
310952
310980
297528
338485
344751
331444
314185
319254
331565
303477
307858
318729
347141
314103
336669
345183
327386
343561
336811
347014
344171
312713
336670
320454
304047
323702
324151
348840
290176
341673
304800
346943
342971
328362
309178
310957
310701
289848
284564
323640
330564
314080
290212
325591
295608
312701
335499
347019
320232
294044
320534
328562
291596
347794
330589
313387
334029
322248
328817
342903
328955
340221
338724
340659
347038
309407
316305
299732
323079
336825
325560
344014
344637
290185
339853
331476
289053
325595
336287
314179
303580
333937
298391
348633
339778
318149
332461
285597
288023
313594
337134
336882
344418
296473
342055
312237
344386
285986
335492
285507
318898
336830
327300
315378
319577
344606
336574
328400
308322
293471
324287
323546
292807
296963
320753
325604
328378
310745
322389
307828
338466
346885
333789
304908
338458
300604
310988
317852
346415
290155
342939
287896
324887
344715
322917
323651
330842
307765
283773
327233
307817
345711
338426
310958
300725
342665
327711
331484
320458
320189
325482
325467
322700
331275
335458
320723
348986
323611
335327
309390
298390
309387
328371
306432
333791
320455
327559
339884
320538
329406
336446
324947
317809
328358
320667
336821
288539
307900
339911
295019
317381
339814
345449
335488
324720
317912
295100
347819
307423
339749
320502
322243
347815
309531
334070
325466
283259
338515
319172
326939
325463
323786
307928
301866
334528
336266
304853
341648
323589
323787
338298
298389
338439
319248
313108
341640
290296
290640
329482
320521
313596
344147
320423
325547
307913
320518
312262
338551
322301
342454
333481
296525
325511
323287
312184
304885
327398
323872
328464
344706
304955
335325
322404
342395
325546
334328
293142
323677
341620
330957
315947
320577
292731
320446
335447
303493
303549
312083
321395
310926
309408
306450
311006
296511
330926
300448
325435
333511
310998
328603
310999
342761
331104
323168
317882
312779
315416
315321
342126
326389
331817
341550
317895
333956
340699
334014
336658
333859
320144
340403
327330
345233
320086
299754
334296
323605
325646
339738
328339
308919
330501
309489
347779
324998
338443
309417
330610
325403
333882
340798
325635
326612
321435
325448
327322
296552
336655
344670
314176
344289
327740
328552
325471
344695
320575
327121
322381
317811
336712
319204
319178
309496
312617
307901
347030
301994
337910
320621
313327
316930
310015
309353
318334
320781
322500
286001
307881
331409
338384
334040
324654
320100
309731
314053
283371
327276
327385
311003
331479
321077
310772
334666
310921
327220
328781
322229
336898
283744
307806
310833
339855
320585
349019
320741
327473
314333
323685
320499
323167
296659
346982
311977
312663
336683
313269
327689
342995
310156
348253
306382
335501
310884
304742
330438
310803
304911
309524
336675
283033
338454
313389
320581
323749
334856
331332
338431
320122
341705
312708
325933
307780
335362
316299
320476
321575
345990
344605
325602
327131
288028
322213
344730
333826
296483
339695
343401
316275
325559
327965
328484
331381
324916
320130
331582
291945
327345
322362
336841
328558
326706
312690
327054
327091
336901
338788
306472
331373
309507
323825
320592
323892
325473
311188
334024
331464
310856
341458
327103
344636
343061
328811
336606
311166
310913
346056
315398
322379
296717
314577
293904
330455
339895
339963
346958
326607
336708
309441
333801
290150
296719
320546
321642
303560
313501
342548
331483
339768
304758
333805
300618
330632
325582
323203
304215
323707
346964
307921
331449
312760
303502
283776
309454
332460
317837
335398
323602
338434
320468
336674
291512
343797
309794
333909
326617
285493
310807
334006
331447
341657
336878
288743
343048
325437
325636
310808
333698
331437
339847
339405
327206
342723
283718
328787
338481
344804
318124
312620
335677
345933
307710
344714
314197
297068
327105
329024
342898
315729
342121
344831
305659
296550
345321
327155
341517
322382
296542
315749
329160
317806
325631
312695
342033
310830
339876
301809
326956
316234
345462
312758
320597
325589
296522
320132
323732
322272
345682
347750
347718
312790
314062
318726
339693
326968
347814
314109
327714
325579
302860
330392
328532
336706
307787
337178
343901
339372
341490
295076
298383
307793
309843
304931
308639
309543
304854
348554
292314
325424
344864
313626
301121
327170
333932
331860
349003
325470
315484
322215
328422
347803
322222
320690
338179
345845
307831
294227
327228
291485
325478
322313
338550
289058
323598
345771
336637
338499
338371
314150
335470
345656
329247
326413
347619
325609
310857
343543
333920
346898
318144
318115
293474
325410
342944
314342
314174
338125
327466
336732
314364
347349
320579
326180
346031
340969
334025
315863
327725
347670
335761
331333
310969
328388
322332
330588
333873
307777
336865
335331
323823
343015
338444
323596
315467
322393
339791
307782
328389
315301
336101
307690
312716
320755
327192
327063
341636
302110
327292
304839
340652
347640
323636
343037
298488
325000
325891
341477
284089
339783
302045
338827
344048
335500
298457
348806
323832
314660
317404
325549
284807
342146
345918
338169
289051
343020
333395
319116
324952
320725
317925
309480
302816
327165
325578
344630
325446
340561
310744
328432
348094
292845
312733
343008
316224
312660
309413
333813
328571
289012
310948
317855
290112
342917
310959
320578
339832
349045
319263
324881
326003
332129
347027
318333
322383
327430
341498
341630
325557
315385
299770
334329
298435
331620
322394
333905
298166
314318
338470
344102
335433
321660
330664
304185
322344
317894
327102
332466
327369
328519
347753
328950
318145
322321
321656
328531
327268
307832
322377
341246
311384
347734
323696
337543
310826
336838
325999
325798
306397
322260
327073
323684
348901
342962
328472
307689
335419
328334
299821
313156
338432
298404
345277
322234
313554
336736
304438
322397
325606
344700
314141
309512
342303
306392
336666
319233
303430
290092
318681
292729
320734
318646
341457
342927
327186
304425
312146
343075
314059
307941
330640
333507
307838
326084
346901
291008
335442
349011
336847
298498
347643
327208
336362
318134
325540
312700
340226
335446
327111
312770
299763
314320
294543
309810
336568
290153
334862
328810
331526
347273
323664
342961
323394
345725
320559
304929
312711
338392
339767
309389
312629
328356
339288
341647
333831
304709
338405
323497
306378
310753
322346
320470
309534
313923
320509
347848
346068
346807
306491
334053
323706
331352
328521
318959
338468
315373
347884
323826
336567
312023
338441
328349
326066
327464
319970
318129
322305
300553
293960
348192
319256
344785
344667
334698
302050
317863
347705
298445
309525
334049
341599
293842
322391
303525
303577
307923
325042
289239
309424
329404
312811
285635
309551
325429
283311
328329
335467
328443
335377
309526
304912
322161
343887
347194
347644
315443
347628
320571
327428
346650
326762
347655
304984
331335
331328
342815
323711
307905
338355
338484
342947
325412
348075
291565
338501
311525
346627
338493
331791
339416
304849
325527
314325
335203
344746
322378
336600
327120
337766
321744
333494
325592
328428
314104
307815
338487
306423
332455
299347
322304
327190
325573
310968
286016
346790
344721
330534
320507
341662
336805
311019
289252
331525
325444
285458
324521
312587
304178
324860
325608
312678
294332
304874
323807
309465
314158
341479
320721
336831
304541
339813
336875
344726
321618
300855
327350
315365
345789
345240
338455
296460
339401
313051
341962
336899
330609
325656
286589
309813
339940
306479
340387
332578
328533
287983
297018
307795
292913
325616
323295
318126
329429
328488
328446
340365
338525
322963
330656
343036
330414
328510
328559
291555
336900
341602
332596
339753
331324
297105
332329
341501
332724
327347
312742
290128
320641
325053
310977
348238
347743
333947
328450
342311
330472
345906
342910
310831
318146
330972
328394
321512
297839
298455
307739
344781
330638
339868
339229
335374
301776
327450
302069
318107
337555
335815
327414
344676
330485
342782
328408
320712
295385
291078
335404
317857
325648
320565
342100
310702
330480
312769
327134
304803
310844
320456
341561
327286
344882
348474
283282
327293
308172
348577
318137
341391
334746
348093
300634
344789
302073
312683
324962
318543
341612
328375
330565
327017
321932
339781
344678
329453
339972
318143
341541
323714
322287
323842
336619
293036
335438
309443
328538
319171
335329
341658
306393
331330
288848
326940
323867
341650
330973
323789
310129
334330
330476
320727
304806
304963
320125
292805
331336
338509
344738
310383
338414
332042
323708
345057
336770
306483
317475
312726
329840
323662
323407
345044
325405
344782
338806
296478
338526
344632
349012
334022
338408
317956
327113
327202
333929
325029
311000
348080
297088
296751
317774
344923
342932
344640
338457
332489
347635
320504
323310
331878
339304
330459
348407
322244
304768
338367
320564
341655
302322
344765
332162
339731
336672
312631
283410
327027
320487
299731
317927
324919
327041
346978
308952
343011
323841
293515
312258
324634
309931
327726
336177
287062
341470
339760
315297
311026
310751
344645
320437
337384
329656
331457
307436
344704
318777
345778
328038
323767
284586
331402
332700
309509
297085
320603
335383
317881
328477
318147
339634
328354
311548
339981
310097
342960
341259
336623
324764
339047
333504
311388
320541
331459
307742
344761
332507
310697
322372
306414
314353
327162
316298
331316
326721
328338
327000
309561
319201
318130
341542
283373
344729
292892
283349
340861
321697
325046
343129
318138
327207
347663
290873
313945
320610
309052
336859
320461
317875
341617
314362
323134
285494
310845
327097
315363
304813
327106
294548
347723
323663
296977
338657
327013
331400
307776
347652
344621
307798
315375
318131
329046
331439
328556
291490
320560
323678
341751
284224
341494
341534
322363
309993
341559
328573
342420
347755
343123
335921
292747
328545
341210
345110
318101
339577
286012
339977
327182
344826
312780
343029
330628
346852
347051
345182
304756
322405
328386
348544
285439
304941
337781
325555
321445
347792
301782
327152
311031
313829
322268
313441
339974
322254
306444
339812
326210
341615
317864
292812
340572
317776
328369
304901
341760
300400
304833
318109
338979
327422
320591
320030
328561
337534
320364
335435
320273
336747
322392
322452
312818
320907
312685
323745
314142
290161
341653
306440
343617
310840
310904
344601
311392
285511
348669
320114
307044
328859
342963
314087
330447
338478
322273
339293
318731
286041
344753
309518
302064
320574
338368
310765
342897
322278
313487
339796
295888
337726
334750
342784
348908
296964
313697
327313
338357
342968
323801
339932
298876
317783
304965
333833
296896
346985
330496
327210
330651
341593
319529
335365
302965
347175
303309
309471
325525
333802
303232
315418
333771
331930
320530
309522
347636
333952
337162
289369
319258
323835
342875
322126
297027
323822
339803
347040
319236
348326
336814
303573
339393
325524
285915
339879
306493
310412
312766
329020
322295
348430
327704
335205
344832
315463
322324
336730
311596
292005
304855
306441
322353
320042
322365
344655
320416
330600
317936
328461
332401
320658
334845
328392
315198
315392
320550
343019
293219
303524
322395
319267
321616
319661
331385
338159
335399
338479
299853
336696
343138
328415
344330
306489
343067
342882
328114
340271
329409
337834
344203
325262
336638
290159
297618
314338
328465
291589
298366
309418
320664
321589
314344
341732
325723
343058
348491
288304
339694
336671
346820
304769
292900
309517
327796
291487
342980
343127
326679
326036
342850
338452
314090
327011
335439
347001
333502
330644
347660
319507
285502
309508
323601
323224
309455
328604
336645
320479
325526
309380
328410
312791
324760
328495
342915
336749
338362
310230
341080
336215
342974
339733
292397
327675
310813
303532
338387
339958
322125
336622
317865
327424
341587
345270
320638
284233
323447
307753
309475
318103
327436
287595
322735
329486
328594
344618
327259
322398
327439
289036
344690
330454
320750
328041
283305
335396
310232
315459
328492
331491
319196
289284
345206
309558
336636
297932
307110
320767
322265
327010
338359
327084
310008
333875
328514
293758
347047
341454
321752
347592
325486
331800
339688
316189
323849
321477
336728
309502
330569
341631
302578
327074
328877
319225
330636
337280
321688
314365
303255
285556
327423
328539
339880
323297
286039
347384
347802
336691
311841
310841
339369
320706
314074
300778
341621
339982
346952
317692
321566
333902
347759
347678
325354
338127
330998
346797
348693
314117
325634
328364
333968
333768
320659
344825
338482
289481
319884
325651
347797
310941
322279
336717
307843
291293
328647
304712
283346
323381
341585
335069
288017
309402
325485
330956
312658
309487
342467
335493
347021
328522
343422
305472
344740
325458
330477
310933
318142
330567
291558
336799
338406
327288
342068
302011
323688
341405
320740
304719
338643
307886
285989
319249
318127
336036
344732
319573
327444
348851
328505
343436
319262
341697
345667
302070
320469
323612
343105
333898
285510
344628
310971
304781
306707
329254
334064
333899
336707
307771
342946
320744
331469
347031
336879
323845
327218
341422
307790
315440
285166
338407
315438
339380
327175
327728
341676
333951
306438
318960
330409
327362
339815
342948
336845
309542
333846
328471
341700
330563
311943
327374
337829
336605
327104
336694
323153
296512
349015
318125
339724
302006
336719
317840
330594
312799
314048
329187
348205
317954
328592
344829
332441
290191
296973
328611
304872
345383
339810
333938
327727
294667
327068
303501
319211
332505
328382
292449
325553
317974
321597
312772
324930
327384
320766
331523
318336
307699
309321
342990
343122
323259
288783
347697
320572
291592
322399
330456
331092
342940
341303
313179
328971
347746
310849
336656
303282
315436
328530
312664
340868
304966
333962
334080
344748
317836
343442
320580
338146
323753
325497
336624
343112
328507
348884
309852
327083
292772
312781
327072
304702
315830
328457
343903
327025
307846
299740
329687
319222
319241
344759
295177
317932
342935
295953
339839
342626
338391
336653
335209
315409
323679
317854
329216
310973
336716
330204
344871
326630
298351
312454
348833
283746
328462
327138
325411
341476
325585
296975
314330
325452
320451
328337
326716
327059
314170
307898
298497
330626
313405
339950
310851
330812
307931
342854
309529
343031
284512
326849
296987
327379
320483
303994
331431
285997
322884
343728
296672
337561
325503
333496
310423
348875
347737
336772
323864
346974
296106
323819
325537
336695
303572
329390
323764
295937
333912
320636
338555
324508
336839
327713
336910
344683
307848
326648
335767
341578
336632
284278
287988
313678
291323
338451
332437
323847
339770
314334
345674
336464
339920
333923
322323
336615
334860
346966
319266
302653
316248
339797
341473
340100
346904
340822
344836
304947
284475
330615
319240
315453
310858
333977
312672
344749
321584
320542
310820
336479
320602
319003
333997
318769
298407
332112
295915
335411
307796
346989
323587
332490
336617
341485
307879
322384
292912
327331
292691
344784
346633
342227
304739
320676
294317
313661
341463
328395
318118
336806
320691
294309
328590
304828
323674
333967
313096
307726
341114
310846
338133
345639
332101
328496
308868
341285
292439
298365
333847
334517
319163
322388
308416
291493
327899
344649
333953
335460
314349
283225
343066
325456
296536
320473
322364
328605
347661
339809
341664
338510
322230
344365
310508
329380
327271
312622
336744
336867
327359
322267
340307
291363
338137
309528
347015
338422
310929
325644
342002
333924
323798
328746
325052
331821
333773
323180
310915
336778
299100
328453
322333
343142
343934
338511
309093
336700
286690
328598
284697
307827
323434
310038
319180
346920
299582
338538
287826
327154
320116
344824
311391
339799
335424
339012
313506
331377
298869
327178
322331
335028
324999
327702
331893
314110
333829
336812
342894
331531
309504
345140
337982
294778
327092
326624
347505
344712
346814
347681
331563
342982
296952
322264
330538
323666
336627
341588
327200
328380
288781
345147
315468
333756
343132
312777
315320
287478
311168
283447
348370
343059
311017
323614
338945
336715
344599
334048
325465
341635
323808
345740
328478
343885
329363
335360
327335
341300
325628
346689
329182
320484
343562
304201
303074
330440
309499
327071
331325
319282
317839
341565
304960
347116
332479
341545
322315
346623
315460
335403
304974
334969
298447
327124
327122
347632
320620
306492
331391
312738
323550
343068
312763
345432
338401
328902
325427
342768
312731
328481
349025
342881
335378
323889
319515
322249
338421
327305
309892
284672
303570
322824
344713
329420
290073
325536
328515
333871
328343
320533
317977
325993
336620
309449
310911
283816
325475
341531
341629
316400
312814
314874
316185
292683
337652
339779
325323
295606
339310
298038
308324
333815
292399
304265
343615
298105
346009
298491
338227
301970
286680
328005
294507
311014
295155
320743
337106
344669
289108
324346
283222
305911
348392
292382
286678
312408
341691
300543
346576
287982
317027
307536
328403
330047
347135
307010
284284
342086
346410
346236
332503
346819
320654
298358
341684
302138
348723
294286
296971
298976
316992
289710
344677
321531
314978
307289
290634
289760
290069
290220
297961
320136
314879
344684
339874
292420
318730
346817
317470
339794
310769
328278
289879
315413
315482
331440
323141
337026
283836
289896
301713
342580
309578
348725
329440
305352
309515
315454
338995
312058
309539
313744
346968
287031
330194
332449
320450
289855
303675
294209
345127
318488
286644
297730
330201
312954
321487
328985
290974
300629
347740
289530
285797
297998
310855
337619
339382
347956
345457
285536
324572
298913
325863
333884
337446
284805
292727
320054
302566
332997
316373
307443
298956
329407
329491
312809
335417
324388
314855
333753
292536
317947
332221
294077
325539
347732
302416
300700
338673
311154
300438
347857
339311
325878
342849
327661
304433
306184
336563
293637
285847
313754
317910
326369
303712
287377
310034
296741
333986
289920
329665
295384
293278
316424
336231
307746
305116
290909
331461
347722
285267
329871
288715
285412
295956
319076
341568
331609
339462
321504
289800
323626
302199
340704
348863
323346
321172
332426
296605
317782
341575
307156
305221
300688
292410
346923
342670
327648
324006
327136
335617
307545
322558
293567
335632
315037
319433
305117
283291
325134
322615
325548
343424
287078
287343
327866
292375
300626
345358
334217
337401
298322
295121
347974
312838
347675
309247
325506
296470
323828
289116
299772
324921
343109
294151
323510
323235
299917
289764
291651
329857
329043
343423
345440
336119
310498
346450
321651
306561
285242
345059
289884
337600
332508
339460
344852
324290
314066
341681
328588
304914
339725
303665
340499
283253
290705
339342
347961
283889
347311
294478
304530
288374
343014
290725
304379
298507
338388
305624
316063
318738
319359
332636
331421
323653
304089
284768
321527
304417
342650
328331
309458
344674
324569
320037
323337
312857
313304
327463
323077
289958
288431
344809
348009
314545
346304
300687
313036
311818
317781
283931
306016
343126
295118
330691
337330
294119
298442
314848
344666
283301
314655
303640
316368
288194
314129
309252
319257
342361
300720
317068
344355
286694
331100
333497
313942
326757
304545
307441
312828
346977
344608
304306
332272
302571
291718
314161
330979
335630
347646
339392
301147
304447
316857
285570
326651
312242
305896
288584
326596
339334
307378
303661
304706
348857
339863
340408
296375
334658
307539
339769
343540
307373
331573
339168
335664
310877
308166
306265
347595
348358
344821
330619
297936
300431
312572
321244
286685
347785
310443
341513
318320
293589
298920
302834
329415
303231
297060
324095
323227
323353
302882
299430
323091
289717
311858
339685
311839
329315
343556
323218
307440
325521
330540
307346
286696
307732
309274
313428
329379
288380
328763
307366
346455
341674
329178
318945
307723
284280
288630
283288
297115
347988
346620
312583
314040
320548
311728
307738
304257
286745
338600
321035
322636
335454
328961
338277
344135
296395
295374
313106
314440
302152
322939
303888
292108
347023
320927
320373
299454
308388
348502
310676
284281
325445
288533
333092
332288
332690
291929
312582
288042
292639
322847
314200
332057
287973
348787
286565
338442
338921
313337
341965
299810
326335
315450
327117
333607
346909
303542
315403
284217
317280
338849
326441
309315
292528
336724
285529
329370
295948
343303
319246
295302
322687
292530
343650
284946
338681
316101
327137
298808
341859
326602
286783
348279
336890
284065
339888
337321
316478
290880
294321
311976
294711
304682
296526
315945
293549
283295
329000
308950
296597
311427
292907
326894
332156
316986
291590
313196
319788
313910
335825
302382
292109
335056
285761
315486
336323
321217
303303
342202
303476
349044
289214
340942
348277
315796
314466
317076
318234
296489
345984
327445
296643
338502
339924
297128
316804
313973
333849
329601
305253
312227
341885
345807
331414
327839
302153
329201
284819
292077
292911
302166
298397
346744
318712
304181
289079
297313
316187
341683
294679
313957
295276
283333
333378
289352
341519
301850
347865
328434
286142
306656
308160
329055
339505
310120
329488
308999
324822
305249
299318
302447
337133
289607
289334
287996
293450
333391
285563
306060
310777
313204
332777
289386
292194
340254
284471
313508
346833
322913
317104
304653
299208
298164
334038
313809
336484
302341
290870
327457
307202
311763
291205
285489
308986
314751
337648
294851
322537
326175
348098
304056
324612
310690
289358
283991
348484
293591
312156
302170
321074
332645
288266
319013
324624
333865
328596
334809
293906
333668
314100
336837
326325
310837
300828
325599
324555
327737
325453
299346
303431
290343
326032
315386
302179
303840
323483
319755
287895
296424
332568
334513
289361
290317
324861
324156
334931
290136
338596
290119
322821
304259
298326
309554
304503
345326
347847
291659
325174
292080
328272
293912
348454
289566
337584
287967
296430
336038
302129
292224
326182
302960
342758
336610
298509
283310
332701
312868
304705
347480
345434
325569
296263
309194
288335
293183
303669
339109
329117
296243
315999
284601
348128
295799
347741
340588
329692
313805
347679
291179
298270
337913
344646
283443
309803
315709
289433
344814
296957
308975
317042
335476
326370
303249
327337
306516
327741
307713
318808
303995
330110
311473
343547
345025
317035
336509
284832
288024
284128
309103
314168
303696
344900
289512
292741
321878
285500
292093
348297
299954
299442
294288
296223
344844
286020
310743
342426
298068
293941
284474
289200
339435
298470
340597
288809
330974
296370
303615
347853
344653
310942
336474
333786
315069
330689
286530
294522
324817
288059
310270
292760
312852
313935
322216
284675
336515
289932
342747
325067
329708
289675
340231
282926
314126
292846
319191
306177
335959
343108
289078
297278
333978
315978
296613
310539
327884
328636
293808
315710
333394
303385
306394
299767
308422
298217
289662
289667
341018
345362
291915
325195
324389
326010
346411
348558
326958
284363
336075
303776
315123
315824
322649
348061
335311
341666
320655
329005
309741
296636
302336
297670
328570
339099
326267
297217
316474
307701
343812
312982
323800
325788
291182
288623
288846
306448
283289
338683
297356
314691
346073
318680
306198
303272
296583
312447
330587
331515
284177
293467
309111
292756
326872
331337
343988
320700
326125
283987
290163
348147
315918
297224
313528
303411
347126
347294
348433
294245
329006
314425
298267
293153
290281
306428
329520
325019
283299
329515
296269
328905
347649
304219
312050
347704
330596
346800
304204
289217
330630
294824
315548
335436
318921
347894
345846
329196
337139
287920
313220
310902
340983
335160
304223
293652
303244
287914
317946
311940
283265
328079
286054
285400
287353
306932
322516
296029
288564
339083
314540
290678
297262
307076
336079
344002
343879
334075
296330
331143
317982
300441
301344
296124
316445
345166
330655
325647
310784
329091
311007
312705
308291
296948
283440
338558
329173
307922
289416
303412
286488
326816
287830
290107
312793
322524
285808
339927
314177
316019
303951
308279
314135
303518
305497
302032
308948
296976
340175
297817
327294
331890
283262
338243
316097
295281
340420
347719
298127
337044
333945
338955
347686
298949
326188
310107
303267
330523
342209
333488
337894
283420
339442
301302
304715
310585
299985
313543
294821
285544
341536
344290
289218
317934
301634
345687
347820
312714
339588
339100
287337
338662
294224
328600
328209
336848
290947
343081
322851
343045
296589
304210
286071
327665
335992
304964
289025
312627
314780
284466
301854
284239
319125
348770
285944
296420
324231
342061
286742
320395
307703
285998
307734
337043
298700
321002
336796
348185
346010
309400
319747
298686
323441
287964
327933
288540
299596
348359
304667
333818
299560
296546
345652
321871
301292
315562
312946
328182
283398
289851
305978
343094
339970
287840
321949
308664
288205
344897
293561
289353
309444
348573
322567
309548
297540
320233
307873
306075
317023
345138
287910
300954
328219
314631
327036
327402
294760
300260
337640
326139
319865
327982
327185
314587
306647
344656
288056
312669
333505
333973
300658
304262
295765
316130
340757
286211
306519
287901
348920
319221
307918
332188
333499
306614
296563
298293
333872
289844
306401
295378
284940
289547
348968
305207
298806
310873
291612
294133
332944
329497
329595
313368
310117
344906
336562
286439
323334
342844
337784
323410
309801
319893
300213
306713
300199
345900
314384
316270
295272
307888
307839
340622
331614
303586
287147
293918
320754
290659
346311
301218
286137
287888
293226
343106
335996
306387
316446
306806
335498
341717
299667
344286
347107
329605
346868
287850
299822
306104
283679
340115
289540
296950
329166
310785
289045
296326
336780
328254
342637
318856
334840
306521
287898
310171
304619
284588
318771
315690
315358
334435
341810
303944
338476
321646
337048
290304
285558
347531
335445
291749
304608
289093
303081
324805
310193
290120
316807
315629
321004
292808
315501
320954
296648
304904
304995
301492
325517
315809
317957
348046
307651
341203
304250
287461
336740
326112
290103
333512
283252
327237
290911
334706
314004
318291
287966
289495
286070
323788
319677
315471
347911
336543
283419
339114
285927
315916
292593
324872
292333
305833
346479
316546
331533
311550
309436
293762
312986
286194
306113
321960
337125
302149
306099
291974
322624
303204
306536
335757
345187
284671
283555
333841
348548
302102
305720
334697
292115
318901
347551
343605
307444
343353
293560
346871
312028
299928
303333
283520
338352
340653
325145
295377
296021
334280
312784
315632
320420
348843
337110
344473
304717
283255
334755
315840
335650
339607
333487
295597
325675
285104
307024
310709
301633
344942
336086
309832
336829
342340
303724
300327
348106
321353
343464
347781
291550
295308
296347
339875
322439
348391
322940
292719
283975
294308
346838
293505
285408
340710
285621
310468
347858
340923
323505
345163
322238
329351
323075
335589
339673
287821
339984
319887
315294
302168
342169
287819
315038
285574
291193
285600
334835
298892
338505
297665
337181
312737
289409
307762
300001
298429
322902
319129
322996
292831
327049
347786
348476
294907
304906
296183
328112
291629
312585
292197
285252
308177
299769
342299
286781
303657
303953
333877
290127
326202
331091
310892
302554
338641
285399
347845
321914
288560
328220
298476
285395
287380
344500
293754
318986
314056
294136
301610
329186
297250
330805
343923
311418
302383
332352
319851
328891
318640
318735
338668
284668
335486
287465
298206
302470
306899
343337
290308
332743
335369
316491
313339
299857
312571
308678
348569
309411
288248
284218
300189
302448
315213
307617
332753
328426
325562
337156
289526
333798
338521
330949
306986
346312
292681
297653
286777
319879
341495
293266
321985
296513
340876
298268
314152
331159
347555
344634
314180
302174
320972
307096
315889
303652
286567
339777
337981
330531
319356
342155
304791
328881
293932
328867
310102
309170
333738
315885
318958
299755
301678
334264
337991
342651
337094
323532
348267
322409
296252
312347
292003
342357
299328
285549
283342
310303
336646
309463
348132
304751
317621
283857
323725
287580
323630
342372
283812
318542
298066
319889
312229
328642
308673
322276
284018
304260
338771
336380
304087
335797
302439
335697
294831
334930
285567
313472
319186
293835
283414
343761
290454
326681
342643
321995
338974
326585
335870
344692
290719
292995
331517
345324
285996
289064
283369
347963
288764
294147
323426
314147
315119
340160
335313
322987
289668
314856
284577
343787
308073
290078
300377
294493
328736
316990
337841
291753
317139
338882
288070
322432
321524
309097
307241
343088
347149
301068
336207
307395
325849
294734
347566
293484
291730
316372
287820
291645
343979
309974
346700
334482
288685
300840
339919
307603
329694
292695
290741
293975
314969
344877
308356
292665
310115
348214
297699
300838
289865
326546
301203
335878
316354
300091
338908
297614
310030
316534
303765
315146
292300
336465
316507
301647
338637
288588
338640
297924
337390
344893
295347
302895
332346
332756
322657
306114
316102
348274
295863
290567
311585
308418
321762
338556
332545
306725
332342
346268
330319
284550
300324
289470
295851
342783
322291
290729
317415
342533
313659
316121
327857
335974
296993
304261
310605
290547
332696
308339
342064
283110
310674
285329
337345
338716
299729
285963
338557
324735
301234
306674
347473
307601
322001
287556
313951
313369
336540
344202
285359
342716
335092
343444
326221
295751
288285
292092
321993
297143
339464
323470
342036
303988
299051
310976
329362
348372
293355
320582
318314
338986
323333
289520
346640
334520
330020
306156
322925
347159
321047
319610
306797
300776
283769
293309
290506
310917
298873
288607
336359
306793
316475
304114
346698
334711
295861
288494
288414
331135
324597
323458
340178
298964
332115
294268
342387
310635
314191
293331
305460
305346
295827
343888
303743
306478
306794
325923
293294
290498
321624
288497
322711
346682
322934
294792
319019
322848
326818
331103
307730
342072
306027
326224
286956
289912
308409
297991
314665
313741
293445
295268
324401
287722
285155
309966
283204
293482
343090
345420
328615
307179
346699
313470
336502
306034
293451
342192
346052
312989
328944
292039
287374
313370
348212
335978
322800
313008
295749
298118
311760
300271
296576
317619
284775
329158
332709
289622
286173
298863
311769
310639
321998
346051
310043
346527
345654
329365
307103
311758
332680
329693
297604
306969
330263
305437
294774
306971
293297
296335
323431
327999
343522
295770
323539
318618
310599
310569
293382
331969
287079
314748
304230
332698
299007
296143
290255
303554
348436
284575
296411
307214
326356
320634
329580
302754
335851
298250
323468
293299
313946
332390
328973
283610
340188
283699
328909
296969
345402
333558
307121
322859
332527
292212
326360
291600
306742
300453
322340
325738
330210
317440
296141
308966
299237
321198
329880
314923
328043
306043
293857
309841
306744
344022
293920
288395
309774
348031
325050
294538
343516
343991
344219
294592
286193
312278
342363
303336
337689
287851
308776
339909
336377
313163
338717
315576
316062
330823
293764
300049
305466
291081
324348
337992
343585
307613
342027
309036
341046
302559
312276
338002
315952
283977
294596
285696
288018
296162
289316
324740
313716
339990
311744
339302
309854
347176
291864
343958
293653
294561
298062
294536
291119
340879
304164
298334
299247
300432
299035
348318
325934
337705
300217
322878
344190
337756
325008
284436
341100
303869
309003
339019
330822
291024
285807
325936
309805
293836
309822
291762
335912
321608
307034
312042
309779
318275
294593
327614
321797
322879
305644
291860
289904
330104
334912
296310
337891
344193
306741
308763
288679
315670
293851
321269
322543
303868
324730
290108
284060
293696
291013
305850
319681
335043
313078
348054
337988
308585
297334
295938
306610
331004
323326
302694
299333
291797
303820
323495
288802
319321
338805
302945
319498
328988
338841
308753
311708
321588
326064
315687
344215
285791
293900
321647
308061
314920
287999
315820
330821
314940
289306
327609
299890
288811
322717
324783
316749
347165
295898
303644
310983
340980
330797
314585
340960
297505
323511
326045
321638
348029
293280
313623
302941
294526
315090
340875
347868
341939
314927
322506
296151
304179
311268
302812
325022
339621
324781
311928
312232
315678
300689
313083
325032
305798
290256
289377
311532
313079
312272
330801
320414
284434
299095
301546
287946
343955
343601
299965
324278
299254
320171
328768
293654
284058
296139
314430
303143
302946
317466
311950
291073
297326
315734
323070
340765
297361
324368
315672
286216
335738
309793
335768
306754
322589
313104
291270
324773
314447
341086
312118
303160
306047
297737
344168
347355
345619
328790
311979
325930
321740
334971
340852
325940
286479
335024
303871
326851
291695
324843
321590
309823
317772
347026
320251
338081
306100
335010
321610
300046
323818
284658
291840
344225
289304
319555
297392
338660
314921
293264
314925
328776
311457
306050
313069
344018
296814
290989
291894
306053
313098
296413
294524
306082
325931
328685
344010
346465
316057
299321
341130
284438
324811
308574
285698
331784
330828
340613
337884
312926
314924
315675
311998
340918
291896
335726
308962
303826
305831
291862
309053
303873
330169
330824
325018
337703
325062
305994
344023
347156
291868
325927
323243
291756
339835
330833
338794
289308
330850
312038
294517
314672
296482
315013
303188
311999
340851
284565
308829
321628
324661
334196
293876
340874
321612
305581
318500
340606
325989
313082
341951
341934
288772
328068
347189
306765
340492
334429
321798
324499
340947
291266
308520
335795
300056
284424
324738
305218
331822
293818
285687
299495
302961
335040
321770
342571
331790
340871
337763
293915
312378
310700
348034
300161
341128
293674
311725
320377
335786
297628
323260
324780
325877
319511
290999
312172
335778
302379
314906
325235
291835
323306
324886
307062
287108
291196
320096
308589
299257
290987
335731
311722
336334
288511
348462
341153
341138
297351
325943
291016
315695
337746
337999
334851
324295
309791
340878
348036
299252
302969
325112
341802
308955
313102
303830
330283
336511
335042
325932
289453
317351
324578
291844
318457
290995
308351
337769
319621
328766
332086
293902
333957
321731
293919
303737
348030
315712
303827
291764
342589
311982
340864
291846
312231
337768
320332
293837
309781
348039
333145
303666
335023
296271
294556
335737
324405
348646
343989
315742
289327
294527
325939
347177
303076
303639
344021
331798
289383
315683
338781
291243
325836
299251
332711
321604
328067
307247
309736
289309
306569
294537
319495
341090
299030
309846
302959
296200
306789
309055
308797
335735
337998
330776
309844
299287
291843
321676
342217
296492
340833
311987
286303
294579
283785
325222
320746
344011
289303
302989
328789
316232
293883
323751
293093
340536
337967
291853
309014
306782
328226
330787
334892
348037
323830
328061
331719
321766
325861
308918
294589
337848
338026
347164
320312
330184
343954
321621
293898
337737
330829
285512
290984
293903
343637
325935
312209
325002
342049
325979
325027
305406
303746
302942
331018
298080
293031
333437
325911
335741
328924
295929
313127
332225
298224
312036
347462
301771
318585
335612
330819
319560
308696
307691
321842
329642
291041
300043
308488
311992
347918
309068
341082
287065
341750
321611
291914
318269
294087
306790
297616
294758
311328
299248
309086
322736
290636
293425
341415
338000
334970
286220
324775
296410
291009
339148
321619
313306
314912
305925
342856
291260
328033
293917
342196
341607
342180
323232
334499
294108
299998
286430
342575
323241
326616
310612
295826
313808
345826
336125
343770
284237
337355
315256
305486
342480
329490
342582
326174
326208
300653
326854
298208
328991
295149
283449
345455
299999
284596
321238
313314
286458
300416
325895
343580
342556
299997
308569
314654
320240
340774
292471
342585
286459
342564
305459
302655
294417
291795
340698
310365
346709
301264
295333
348416
335561
304627
295642
315317
325813
287074
333207
293479
291338
324362
332498
329190
348819
337566
329218
333745
346630
341462
300861
303839
301317
331568
311800
290644
336302
316827
314634
286353
316009
292468
321330
320324
290790
331225
321388
299572
295905
286442
305635
341409
314500
307935
340437
329471
346668
329534
300581
334594
305611
286707
317018
315437
292465
295984
341406
339081
347647
319069
318156
339698
294504
311938
320897
318312
326274
299586
302476
294491
332754
323004
304334
293618
348134
317886
315020
329477
322933
304338
310313
316527
340363
290914
289975
337084
347428
306235
285258
315730
341527
299600
301197
325308
343862
316550
320081
339959
285795
348991
342814
299636
302831
292310
305470
293724
329560
345301
322682
316402
300032
287563
347837
286630
293604
307061
313065
324448
338718
283870
329531
287508
337558
301754
318604
290721
283912
289261
339085
320018
321315
339420
291123
306194
324281
310478
302600
286634
312048
287152
346062
337364
327897
325710
291348
310546
304308
321518
348912
292029
300359
338261
326686
320884
296294
343532
305612
329026
324310
325014
290669
332661
310474
326290
316782
316401
334707
343539
319949
309232
321396
310150
298298
341400
290852
342478
321307
337694
299033
334574
290858
288409
345519
300184
321400
321883
294344
304679
322981
311667
319951
300615
298030
299129
318391
298005
332408
286809
332131
322909
288394
302913
314847
306172
348873
299645
344543
285683
306680
340790
321397
334661
286907
317330
290810
293821
299637
308079
309755
308366
329714
290843
335835
336131
332727
338647
320104
324075
316496
342688
304378
315387
346691
294482
330520
330266
341711
306308
300771
304303
299344
332168
316508
298679
316460
300323
328171
331660
313351
318979
335879
306563
341156
315135
313229
335094
297574
338166
312911
297530
297504
318917
319644
297581
305153
321873
341188
313288
335097
298253
306193
319687
342124
318941
323421
287149
297535
303237
335095
300649
322134
315926
348312
313384
304224
291314
302374
347468
303928
321919
317598
306955
345959
326805
334076
322544
335093
321904
319674
304615
300823
344387
316017
295508
289560
286327
294825
310626
303969
312940
319607
315160
286406
343352
309110
303990
348944
346005
291322
347400
333171
346043
342076
325830
315806
327599
286341
294010
295286
299670
348412
345061
293985
333377
335107
343356
322448
325217
344301
297982
292575
346591
319609
297538
328667
345344
336519
329096
335986
297492
287678
321908
291743
298174
297531
320952
345866
342242
328159
300267
331155
326926
335970
316462
335132
292629
344328
297696
332100
346019
348998
338905
312441
332047
318984
317640
335991
292644
332936
301286
300305
319740
340161
315188
332074
341195
309924
315969
312353
294004
341144
338589
318946
342215
289192
313203
338071
313224
300333
326165
322795
337066
337131
315156
313396
323463
322794
338963
338930
332128
335100
342123
344340
341215
345122
328136
344937
323508
306855
345824
286208
341829
284095
321976
292262
314718
303801
286737
335616
290668
329876
294411
344292
300495
309429
331283
345135
319955
327849
331748
339247
336304
308391
307193
346563
333087
346550
345495
332672
289863
312492
329154
285922
341499
304290
329566
326787
290993
286760
343730
289707
345222
343595
311694
312966
298621
324007
289589
347666
342653
334488
310716
310100
298638
310714
290808
341827
332046
292587
323245
302329
337706
302935
305448
307260
315507
338178
315048
284919
285314
324236
308454
321851
286371
345951
299055
315243
316487
337315
345764
286537
314581
295490
303359
298228
337497
329410
348874
305584
326505
330591
285253
322708
339567
315143
296888
299679
341799
324427
343644
315444
286773
337372
327771
336298
338216
342616
298147
290684
339683
338244
333224
291809
300204
338629
288432
314377
326271
340461
325269
298059
345578
299922
323484
309729
328917
313880
297795
313007
343257
332337
328967
302159
293995
318521
318153
308741
284903
337441
345554
305617
292271
309258
303492
315983
292494
315272
316023
288402
307297
342618
348789
312964
340215
290431
308537
340729
339337
347569
313049
343653
310882
348942
333596
310505
332688
295040
292071
322076
288172
325244
298635
293427
286171
326145
313901
284333
312491
285062
314666
332678
291820
334849
285330
292579
303268
308087
316046
338877
316141
290432
303941
302733
346470
306286
316480
293552
333711
337408
343700
288350
347586
298859
326795
321255
347490
282877
294012
310177
319965
285832
289457
314572
348634
300774
321897
332361
322622
347574
329838
333230
328650
326751
325498
346326
344536
334468
294681
330228
321359
346523
285060
319669
305440
313856
311437
290690
335893
329875
285064
315962
342098
326654
340440
339452
331678
313586
284901
325815
292208
309154
319994
295767
338151
307266
303984
308373
343570
347458
310356
319072
307460
308413
284806
305216
330040
299904
288451
343640
337285
312918
334536
324144
319823
340411
302595
319098
304081
288336
334565
320162
310077
329884
329589
332795
304544
327573
340104
285159
329585
339058
295758
303277
338377
338223
306924
315313
295822
325305
318519
287185
326525
338978
314854
342642
329631
284504
291751
321393
303794
318438
310452
343419
303376
287989
305434
337370
327911
313914
284407
308406
318406
306300
330237
334177
339062
319487
313249
322136
307579
343544
298627
298172
336322
295102
342703
339131
284170
309249
320299
338943
283504
313866
340377
327591
303347
343738
335956
311381
297507
292384
295931
316147
345806
284448
319704
330298
339610
294205
292366
329878
283192
329150
292612
348074
343635
297565
283517
284357
332691
343374
294740
294660
303910
298235
309749
305601
290437
298106
295287
300754
285224
304029
308562
327921
345007
321177
305443
293340
339214
327832
303248
313732
313256
343256
348799
295207
308430
346618
323464
329512
313898
347881
348637
288932
283595
304237
327811
284722
309270
283508
289988
334803
334514
292467
315558
284590
321366
335218
322811
289943
342988
292456
326322
293108
339568
326100
293334
304633
308761
284709
305608
283666
307057
315588
341336
284731
315505
316344
335294
336053
322232
283701
314530
290922
322967
308445
329470
295783
334537
298636
321273
337381
337520
342563
299949
284786
286087
304361
345762
306999
335254
298640
335111
319734
317741
315545
288898
298200
294116
303699
297307
316195
293024
292569
320913
285901
307385
320238
335293
324034
302649
326237
347921
346515
288295
305371
282995
285383
299071
302731
326411
295926
344513
324024
341292
316349
313390
320306
295007
323251
292460
329376
292570
305554
345405
293307
316362
322467
310089
337510
286639
325841
298321
285354
345386
344609
330214
290694
337523
316070
337518
337409
330011
294849
306155
295583
319075
316177
306400
331242
324033
329063
283187
326337
284833
314575
307298
311587
290434
326475
300518
315162
295042
294967
316479
284740
284886
320911
325321
299742
306763
283172
315541
330209
308798
329034
330161
318470
318517
309240
286625
346588
285960
295256
297928
341360
312666
288396
286364
285999
311177
285061
348468
286949
298962
314533
316196
305307
300239
335576
335958
348766
301340
346342
306669
340460
340585
289494
311663
288423
345834
282990
329630
340390
306312
346407
344952
327171
319588
341780
295197
292259
332684
327843
323402
316403
295223
341366
298878
286896
313826
330301
337017
322681
339541
316216
293424
307071
310713
289054
335250
331272
346217
310695
312635
323043
308085
344371
310113
303402
283233
313922
326453
290435
285662
339630
291812
322808
300845
322882
289272
287801
327848
330205
308329
329538
289927
339191
334002
304517
289894
294936
345792
299060
337415
286026
285675
282987
327946
294412
292043
345479
338938
313028
337495
285894
335259
342568
346569
304030
286736
326213
347534
329837
344964
283633
321861
335287
345401
336192
322898
339543
341388
336138
320914
304535
307470
294791
331273
286606
303600
284159
345050
304710
345250
327719
327910
286749
311175
325840
310563
303694
334297
339545
328938
334778
326972
345919
307240
318502
333595
290663
348961
324319
329603
302697
343264
305586
293421
329049
337382
345958
331622
291799
310261
292607
342717
324028
318715
300773
311590
293107
302611
286437
340424
304467
311700
341334
327223
293354
296535
292414
303788
307033
285918
294210
331716
308681
346567
304601
290410
288375
346571
325907
291418
293330
315924
289277
314749
284647
294322
283698
336132
305598
299602
332257
312523
310566
307006
336394
315283
326836
323405
306545
285066
338667
287195
295903
313345
297566
293281
286765
307054
314460
329275
290585
305736
311863
298151
325331
328683
347119
341793
302606
345809
339216
311172
297884
319966
324320
311179
339219
320724
311556
314317
346672
283727
310453
319643
317121
309474
310510
284521
344959
289562
315631
284851
292451
292535
338762
334195
293493
330163
286147
348955
296247
336154
299163
284076
342327
339461
340546
336996
305499
312913
304336
313680
295890
309639
311942
334202
305521
312506
324547
289487
332328
284413
332231
332715
344661
308505
337316
325231
336492
336121
344347
339503
303650
284123
320912
287783
289445
310335
335241
343375
307270
345501
304501
336258
304469
288469
322085
297881
329648
346519
329854
314373
337313
315401
336387
319480
339509
313273
308506
332210
314337
318498
340615
340213
295159
293296
334198
345820
344532
284406
294388
342370
318575
314370
325172
284047
311871
348453
314525
342714
339520
339501
345962
295282
314003
305136
346237
312047
305599
340433
327903
291813
342766
290637
332016
343060
283757
329564
289511
338395
292991
344364
321213
321333
290638
335391
292599
297292
289155
298610
345210
303319
344620
308539
331268
336072
286758
338161
286564
324383
342411
331673
326831
342975
335291
339021
329476
328000
284650
287700
340574
291981
292069
289488
316503
329229
284155
304798
329016
300403
347547
304613
285200
326258
336710
327735
294342
341953
331161
320975
286246
300101
321820
327686
291878
313093
296265
290494
291142
315241
328792
307015
342455
288724
331013
346472
291071
296229
311163
284629
284462
314617
314745
311713
303851
315004
341078
289118
316468
314935
345120
307019
291026
330861
321615
319085
288912
330814
332665
311762
345245
306297
289480
288705
346468
309859
347223
337120
291164
318214
324670
286618
321779
314046
337795
320297
307315
297239
305178
314824
313604
300075
325313
313043
340580
300245
284265
338698
311277
318803
334901
331857
324953
328850
323006
306781
311692
284744
344197
319551
322090
299461
321522
327633
334722
310992
331875
318587
333984
312293
331922
292321
296215
347347
313101
332551
348237
299380
285294
324835
283364
335854
306770
311203
342443
300103
288516
335633
345599
290948
348603
318301
327215
297962
284459
312141
284151
296841
303620
308972
312247
302409
337467
297399
321818
297394
324517
304374
347258
317908
312185
289845
325937
340940
289394
337542
305882
302089
327708
307820
336173
309006
316103
314944
329451
328004
310377
325746
291224
285751
322070
318833
303616
343916
296204
309582
323097
285789
299329
312288
346701
285747
338020
303049
306567
315267
338804
289778
328831
310869
306998
341349
323100
283822
303884
302768
300289
325048
288249
347286
284044
347215
326545
347290
322662
293728
302838
283184
289866
302363
326714
289725
334443
345679
327628
305962
304381
297512
331851
306022
294088
326586
340219
315745
318817
289376
330852
334839
288691
348768
291663
312270
307005
328123
291141
327645
294715
285109
341339
302931
329189
289588
334680
321383
318824
299304
334925
325955
325967
313131
289360
326564
290250
309825
345539
314765
318477
306007
311655
299322
283971
306263
318747
309210
335532
296797
313114
318206
315011
312189
339605
326559
329170
296259
310054
315770
337907
307218
290985
345636
322457
306281
343099
345614
290770
324755
328580
299303
348086
285709
340752
343002
285768
326438
303882
323428
326511
337844
294958
348055
288279
344035
293470
311411
323156
342038
288736
311721
311340
284876
347277
346707
331650
320217
298077
344986
283551
347180
319929
322741
294353
286244
305834
336183
336233
302745
299460
300491
313186
308778
296046
318843
290247
324505
345617
347357
306881
291042
328193
285725
298462
283909
324542
305254
307369
303021
306586
320928
320930
330999
292359
285903
312071
285762
297609
347374
332377
341126
318192
313625
330887
347913
299182
337800
307309
296331
284377
288721
348177
324880
333209
334956
314841
343681
308582
331921
337790
321794
325056
318589
340994
348632
339854
312046
324506
313208
296360
347504
313376
310189
298677
312459
318835
339136
312061
295885
334619
313121
326518
286410
305902
287798
291087
310114
337996
314975
324877
287929
306760
323039
304271
285421
322077
318779
302937
296436
293058
331854
348443
313198
346941
299421
338985
290994
283087
330903
316226
307354
294642
285344
324876
321346
299284
344185
320973
296282
313600
293825
331844
335762
291148
309307
284319
332926
293417
284019
340755
334324
335769
335271
303132
293164
305891
345276
329303
324570
307351
345413
288719
291209
313187
322518
324909
315803
335213
340159
335779
339532
315519
302338
291169
329622
314953
300477
308675
320208
330854
346285
329204
294106
296066
336280
302727
344008
348617
315590
324539
301228
329246
331866
317091
310297
303161
324543
296821
344531
313312
300104
313852
311680
347385
343320
331905
314878
291928
285672
324053
288733
283988
315088
321514
335543
333229
331681
302521
325945
319986
331880
291996
289114
334681
312087
303545
343381
296185
321623
330576
341949
283678
287958
309041
347282
288770
344101
299403
338009
342599
312198
316124
312085
302615
293745
299595
316266
343926
347204
345689
329704
311929
291090
303637
347358
348178
315000
330965
313120
329277
342386
343293
347070
287100
328212
325842
288860
344153
299379
332292
287453
310516
309167
313165
289508
283628
298041
329062
284003
299286
336320
288782
331665
310449
305836
320137
347139
292466
347800
286253
315802
337749
294082
347158
314954
312121
312274
288833
286315
348090
330985
329464
303369
337483
288698
312455
331939
307427
283944
300105
286647
299631
291387
322719
284024
313583
303641
305877
316221
348062
303914
298161
344169
333999
341950
295168
283986
320615
316249
311261
303053
292247
329859
295899
309581
304155
347098
344467
323293
337159
321599
300538
285694
340896
291095
315227
330484
340542
289126
320169
321756
344194
312070
312489
307318
303122
286120
316726
341013
331865
324469
299354
318170
313552
291138
334632
335003
347205
338215
292457
299390
330975
323118
329252
296344
308833
317092
334675
314986
341815
298413
311930
323765
330930
324960
282980
318838
303099
345238
308159
348186
335054
341115
304497
322659
326506
304367
305365
331927
326803
334994
330939
331906
319315
297499
337920
308210
344106
286544
305728
293707
312054
329174
321663
291086
307255
296120
308892
344031
312941
288699
307399
318698
286603
345643
324779
315748
287907
334954
344979
299221
315711
338240
327584
293435
283567
334704
292059
302929
321973
300053
305688
310190
289125
336229
284491
321674
315713
340611
300176
300098
305830
332344
326026
343291
319088
339245
296323
295211
292703
339134
325084
344009
283996
327908
328865
340345
320192
331689
309819
310446
292850
322739
340609
343922
326002
293803
317110
347946
347445
316993
282973
335756
310352
323055
293780
284140
345625
338272
324531
295092
292450
296209
302386
295164
283973
324184
306008
340169
293378
340936
292841
313048
325049
342986
323137
334817
345186
296437
302375
314408
290469
329167
295096
295130
323304
308072
293063
299317
348073
308609
296181
303804
339278
296302
337753
296274
335549
331043
318801
291040
325705
343023
299038
324182
302391
288549
308645
334654
339265
284028
332326
311334
291137
299216
342712
283925
347239
331197
347372
324966
297331
312213
300018
330397
320949
319638
343344
296189
288882
306695
330980
298332
344173
295628
324122
331027
312142
287174
317672
347192
286732
331256
342405
285668
315228
338779
288498
330374
309290
285667
296339
337473
291248
290889
323212
309301
298872
320742
293813
283549
305573
307327
313295
337618
295865
309238
333708
340899
314462
318308
306031
317510
284093
332394
302705
343526
321678
325882
344139
300110
346906
289342
293700
331873
285333
295922
345713
317093
325745
318826
339176
309239
346615
291226
329199
295648
336789
337788
308916
289371
347522
314463
324969
300094
300339
309212
340170
291088
297475
302995
291396
329188
331042
320963
334867
330396
326025
286097
332293
283819
283789
287965
334451
340700
296157
285754
310624
324794
337189
300097
303340
322049
341318
285386
293465
321320
342007
333210
304420
322092
302491
342494
291480
323129
334883
309623
312015
297955
289759
313073
322520
321816
308138
334877
323093
294063
293777
341325
337509
346696
331200
326937
304505
324599
346635
308563
295240
347526
329903
321401
344115
295528
307290
329318
341701
311292
313132
292342
288738
348571
325299
283951
312503
312217
326052
337319
335801
328092
318211
314967
320004
302872
294294
292600
304036
308132
303000
306465
288625
287926
294420
297350
296295
328148
345337
315640
319526
331627
292701
284016
323056
299099
299307
334253
317012
318607
305857
334910
316129
337926
314592
334838
284004
308572
347352
307473
305211
284040
348752
283161
299369
322743
318395
284026
297820
294960
341298
322084
340762
323124
335251
334863
341076
293475
331576
287900
313092
313271
314946
332570
299275
306777
325983
330744
283960
308775
344411
291200
296278
330855
305868
312120
328791
306756
310109
291242
330878
313654
297478
295942
344223
308934
296041
300108
326046
293082
341104
289301
325065
284792
302444
299073
347106
315528
343902
284397
327937
313190
312207
296267
309273
342044
284139
306762
334237
298162
332240
312222
295017
330592
335538
321686
342465
303016
309927
312138
336340
306010
346288
330333
339296
337798
344231
318807
292564
324785
340695
322025
330933
322865
313045
340893
319701
312159
293831
309226
305904
324459
304319
308824
306058
328039
323359
302808
300059
348024
313044
313115
335214
340956
327892
307236
312124
318693
303253
307304
287175
313616
329288
285656
318274
325976
312219
301927
348174
310430
311249
347301
313460
348050
302832
342010
292328
330779
308844
322022
304502
311785
330882
306268
335772
321682
318862
347234
299192
300201
291411
296548
296255
339309
297359
291060
322519
309807
288709
291890
310384
321719
334230
324529
312888
328086
298188
284456
289803
285871
293738
297352
300100
303125
283542
321778
316222
339604
345176
298680
309004
315062
334920
334720
322023
312474
330816
298676
327249
334881
305805
329371
295039
290531
335775
297635
330917
334671
345680
339004
343842
341077
317906
323076
317572
288222
341216
318900
305715
343267
340907
290482
320066
346340
342586
324757
289965
317406
347570
299353
285708
291047
345631
335072
334952
289011
296849
329483
288894
293710
286281
300095
297402
337919
295552
303833
343292
314794
313123
346912
291104
313886
293741
337075
337135
285914
299297
314945
307405
319491
303044
291340
322046
327287
307572
344005
344498
326063
304385
294970
296760
289452
300296
345622
348115
300486
313119
311776
322526
312055
283178
323766
307279
324119
314950
284153
321775
296202
304246
295561
345290
289897
345180
298738
285908
310895
296745
303040
344122
291110
296258
304399
321382
348042
330332
321080
325045
332633
346280
285770
322729
290940
324983
327626
300078
299277
334833
346670
308811
331222
299459
315706
286233
330621
329594
331924
327388
344975
335955
303124
339648
299040
299355
290631
307338
291716
289870
318823
331184
309666
303642
311892
318872
327604
347055
284011
295989
344426
348088
339303
308983
284443
285102
282981
341464
331863
284317
329036
345291
285069
319664
303091
331838
342655
305859
340378
330945
313170
297376
319559
309770
297812
322517
317003
347561
288720
344237
323121
291872
303057
292365
289429
293400
334898
326492
336165
313615
344196
341116
296292
336251
346713
290773
283625
290786
309060
330577
309672
341299
331626
331828
291382
283786
320034
344062
305929
335755
314068
308946
286214
283130
286101
344195
288582
305934
345698
343415
315728
319542
341053
329946
328846
288703
289734
325303
286222
347536
289944
302139
331218
291046
341016
330758
300579
283134
337641
283568
283992
324502
335037
311189
341823
321569
349013
286044
344331
308568
310060
323573
344563
287875
315615
342275
315130
315888
343385
344561
344920
332562
334808
310108
298325
320222
328928
304546
326550
318612
325401
338714
304158
337034
345104
306334
335421
333388
297874
339513
328298
338665
293669
289005
341419
300693
303520
310570
312880
340882
328290
318201
321429
338777
317507
320431
285652
294363
307550
296448
290093
285058
329439
326348
296442
304069
298344
332174
346040
295764
341821
297024
287813
315144
336792
293689
331545
307428
346821
286500
290084
334062
299647
310731
311953
317762
315353
290090
320463
336099
303471
317980
309552
312684
319347
342919
290253
284532
308847
326994
342031
299739
320732
313328
285972
312613
285396
336911
309532
339092
306359
331298
339714
337047
345903
302938
337776
320252
337623
322152
339929
341866
320410
296454
307185
332491
336285
322852
339084
316968
300675
303465
327595
295266
319139
326236
341919
329455
325749
294861
302085
305450
293666
286460
301980
319108
343711
289742
331297
328297
326990
336438
313250
292318
315909
331286
282977
322421
310101
297098
305955
308766
294183
347616
304041
328873
287486
325718
330490
306947
334730
286255
292053
315324
316390
291465
284826
290270
340456
345054
325162
302686
344579
315464
315492
345499
289474
319635
322205
325855
338866
348586
319668
300651
334592
347970
311978
348010
335358
344404
335342
307425
307424
335340
306111
295161
303663
284178
339617
282924
291342
284449
312218
330811
334903
304177
293687
308799
303130
322314
319633
319598
306838
309376
284196
338167
314639
342543
307661
298526
288974
291582
319148
322351
293578
312597
313332
333142
310240
295158
328317
323502
332501
297879
316293
326750
314092
312017
318635
320779
317773
328724
329001
338141
329109
286646
291449
342278
339400
341438
294757
308363
312901
341723
328359
339094
317025
342868
313473
341854
309901
307551
335038
322531
302013
319832
331737
348357
298342
346786
338341
298223
283313
293473
307170
323455
330708
309777
348721
347197
342295
329142
323860
302330
311853
309384
331312
285976
322553
294564
341834
338463
332005
303976
286658
348460
328387
327994
302113
328679
348552
288010
320157
300425
339110
327791
322509
306643
314438
339418
322564
321986
340198
297200
309649
331651
300421
312896
319412
292752
330338
293543
303171
304186
340362
339074
321499
310224
315072
292881
293901
300433
318210
310208
307162
320045
346505
325799
329087
300584
328682
297137
323027
338620
338708
331593
294890
347112
297800
302001
322961
332211
338606
348306
328714
345415
312584
346810
285115
297519
302624
302817
288768
286272
295769
334042
302056
303112
307018
313371
323398
347087
297745
343359
290266
295945
340344
295231
310970
337634
304804
334219
286463
346938
308672
310414
301865
317746
298972
311719
330190
318122
334200
343776
337191
314783
300801
340086
295483
317627
290280
321368
313034
335975
295032
287498
337961
297121
305522
303732
293343
309069
283045
288825
324935
342200
290982
335075
330054
319857
319934
319120
298773
294320
332155
283723
301495
314985
283170
335593
346610
290039
313233
340906
291376
330836
326800
334870
297390
347280
304724
342458
294212
306862
294450
295918
309748
318400
329321
283795
295074
305619
348356
319336
292736
343788
296317
312228
339599
308898
345156
290685
296666
308853
326178
337596
346686
343139
328959
329042
317283
290672
289686
307040
308086
348587
316747
320026
321362
310462
286726
334621
321066
282948
308602
296825
287873
346915
293401
348303
330003
306165
295690
304083
338034
310002
344307
297568
284951
347426
342108
303936
315955
344256
321849
307093
294955
305102
308336
295794
298772
335022
334721
318484
313724
343514
318576
303401
285160
308041
332063
285143
340670
319375
313311
304636
305223
283215
311181
332275
344929
295639
297813
297906
303356
304391
348664
332517
348845
329950
337481
291561
321291
308511
332170
340985
302634
305540
289666
319360
348641
291371
290932
300671
348685
286529
304084
314638
334525
306535
337450
297969
294746
334396
283878
287197
309246
292353
311217
293593
348861
293580
340544
347934
293667
301933
334494
323155
346714
298985
333227
348974
327151
313486
301330
330527
342477
314692
326115
330200
303981
342837
339157
299310
314738
343947
337622
283689
289529
287944
339266
289595
297888
345256
320029
347218
311855
337633
340158
326698
308885
347241
340154
299363
297905
312056
296251
298466
307480
342433
331936
348117
317821
288896
284453
337143
319049
302873
285080
283895
289892
327270
347032
318813
302401
285372
285508
344081
292406
348627
343333
329917
302086
296319
290493
290231
328026
317744
283334
330911
289121
323034
348162
340191
304835
295052
330954
318186
292508
295571
316996
348583
306552
343801
346857
302388
345209
329333
307407
318481
303017
340165
343313
320044
304576
329890
322621
285949
338532
348027
334896
285779
331705
331917
331714
338209
316194
347069
285703
340920
310348
328147
283290
301747
287605
345929
348676
320010
347188
315052
300568
328705
321681
330966
330760
302357
310379
318222
342186
284737
317904
321733
291151
315776
332406
284749
323028
340957
336349
302406
340696
303037
302452
337808
308135
318863
286105
295522
344399
299873
305195
311229
283969
348775
342206
