527313
523799
510694
542760
534403
479703
524813
501839
549447
511726
485446
510560
528352
528809
537551
526887
498694
521251
539779
521445
480957
498782
508668
484901
536863
480548
513250
546537
530727
521550
510257
547709
547873
540335
542837
483135
547791
528461
516267
547866
530742
534496
529353
509275
536750
548871
523767
538010
492321
478122
478942
524847
517701
539886
530692
522273
530940
516427
538207
539033
529364
532115
528892
489005
530963
505712
523286
521279
517342
490782
519553
526363
538186
491708
517131
527352
510653
519611
546047
535554
552132
519700
546292
511807
516150
519204
547832
534172
510604
523585
514307
552468
498839
485219
479996
551335
519638
515860
536835
478147
481796
536522
510550
509438
512265
525556
479901
512105
551456
524642
514357
530851
516233
528208
529333
483371
487485
502685
517998
526943
545739
479318
545456
538069
514198
542791
549372
536832
490645
515469
512385
542757
506242
483014
530906
485368
530839
533523
523694
531032
511667
524340
541524
536756
522221
547830
540960
498740
486999
502496
512225
536184
526842
548364
525535
531096
500574
518483
502234
506349
486135
529027
529025
527043
498409
480557
536612
530571
526920
518062
530582
478768
536870
545756
528879
508805
551470
549271
539904
526888
501627
542572
507141
515779
542154
524955
515982
551426
500625
521166
545170
512170
534466
523509
492948
524181
515805
514855
514230
548814
510565
509490
510581
548694
530994
479622
512393
486533
539815
533724
478223
513776
510569
526903
527062
529959
531466
498812
531048
536482
525615
545253
552047
536717
528290
499384
512266
514672
495166
552510
549311
549086
528969
535459
479692
547816
542525
547786
479979
490644
545441
551411
536743
535898
550455
485289
545854
550221
539966
538002
547938
531577
516049
530864
541030
548756
530464
521169
516196
522178
536823
523481
536282
480510
509154
481520
527042
502755
512126
530618
550045
500681
519551
485916
506523
478036
551305
540285
531258
518556
494836
483848
507368
536517
509781
515389
500514
545674
510705
506603
523819
509274
480506
493540
528010
503541
528859
527306
489869
536899
508228
551499
490325
551455
526554
516227
551399
534194
541266
479043
528854
525562
549387
516306
479510
525445
523555
545217
530062
547836
519879
485176
549226
551562
528946
497514
525179
520296
528801
545777
521217
540697
530979
515840
526845
496335
539908
536807
497241
547940
499221
523747
506380
507267
527106
529067
528992
542537
514279
512380
548601
523557
510652
515756
536841
501604
484854
509345
525166
538238
551526
514364
523589
535865
528746
501581
485449
500229
521601
530980
534539
504086
506324
536569
538975
538190
512310
502800
500155
536550
516646
523281
503447
526860
534457
551354
543614
498791
532297
538037
528920
528605
516442
527046
534190
518911
529685
528900
512248
499648
547905
530802
506522
532569
526874
535063
523807
530893
533085
549395
539893
519652
530117
539831
538180
486970
498346
498764
514291
486038
536616
518050
512205
519844
530694
495826
534470
526976
487858
513540
499502
490465
514249
485229
546447
530273
512229
547168
499908
519873
521183
544669
539947
536559
545729
483088
510669
516416
478840
512054
546275
478097
514215
537664
506512
495373
534376
538946
523288
503764
537860
485907
504229
502801
495121
478238
495752
548734
519538
547983
527130
547395
514287
550011
534271
507335
511481
543261
551847
522065
539722
528993
535533
510077
550032
523596
519852
502630
525812
521244
532036
530909
502497
551542
523632
547960
532374
530696
481762
533312
498907
481837
523730
512399
539897
516242
547956
542545
500713
502980
520251
516075
509516
527598
536783
519692
547806
537237
504247
531479
523581
550255
535107
514892
533264
524735
506490
551442
536730
542544
484813
526356
543009
539374
502352
519496
525498
495628
515862
550168
531087
500685
480540
551400
494305
524999
526386
545810
552593
512252
530737
547927
538073
530441
547342
549451
500775
478092
536754
519212
534399
543791
550797
491748
516256
517991
509454
517787
532091
507371
509969
516185
524747
488725
516660
512208
534115
512195
515829
491222
514171
518426
526900
485119
506296
528233
530921
530828
516649
518398
510206
534531
512136
530213
535550
530678
482657
507381
537402
542562
526895
541064
549095
529136
512339
552089
530843
545007
499456
536821
492882
523273
523591
498908
530565
538247
485290
541619
482670
519827
542753
517772
545889
479697
551035
536797
522435
550297
507680
533307
484953
492887
521194
500571
512619
536683
511705
515804
535864
503431
513982
495389
515893
515725
516214
530904
528265
546473
486756
523564
525241
488766
512099
537998
503434
519253
514236
515777
549437
516156
479621
494004
530833
489874
514336
517726
492365
547985
495659
521191
539418
526736
518819
498701
534216
530517
519522
515816
527004
516334
536685
544106
552478
536745
530917
549373
520514
517454
537159
542742
509324
478494
500715
527160
530641
547215
478245
534562
498533
551140
487786
526985
549193
516301
478235
516432
549165
523637
538219
530860
503428
479691
514170
516281
526841
509987
518548
515759
489658
536813
525526
538734
479982
549159
525619
494838
530873
528550
542626
551625
539839
486080
530740
551481
489774
536669
530985
527039
541080
519490
498755
479678
549349
525534
530840
528280
526997
488434
551514
519217
510637
526877
515849
528644
533965
549444
509764
498912
515821
502590
515873
536761
534372
542443
530628
538242
490394
495472
542685
530609
524821
537944
523567
514376
528834
519135
514337
497126
550218
549301
516830
546299
551502
517818
515587
530715
516042
528949
500584
542505
523709
532096
514292
530132
502738
528904
545227
496804
514126
526928
500586
488067
542568
516835
524276
519545
515906
538882
539980
551104
529828
530880
531738
547112
535671
500643
506481
528503
547931
547845
542541
509289
485205
525789
510638
497520
523996
536285
551458
536615
542459
541942
528341
534380
498790
516013
515823
538065
517114
481670
515747
485500
507277
510725
507676
529633
543754
501727
512106
485126
521224
510755
514112
542756
526447
507023
495168
527152
519878
478088
497553
533949
540339
548406
512386
539875
507139
538049
518766
493387
487024
516055
550856
523112
484780
551139
548186
516353
519111
512593
486753
516043
519902
489748
539887
504270
542672
480485
537156
515940
534414
551034
529317
543927
512171
539954
514285
538175
518551
509350
498612
542499
512198
478945
544213
534341
506609
482714
547734
481842
519893
542846
502682
536775
498052
520293
502769
528997
523678
515891
523571
536872
538134
495791
542566
510572
545836
525769
534226
529021
528844
484986
530831
535908
514256
530876
503411
502743
545707
536778
528308
515798
514146
542691
517802
521613
536543
515914
530625
481313
480434
518355
507938
532412
531480
548318
538182
499304
514248
543631
516253
519940
530762
490595
509402
529034
479737
549371
536634
521786
485487
516159
527057
514378
525519
545277
551509
510673
483082
507359
510664
551730
536599
521172
532751
513753
487735
546815
544600
480222
484074
539880
521227
507304
499706
550010
539229
548536
511687
547957
530735
534053
488547
509528
503377
545745
509329
545689
507695
546881
511695
495830
550363
487869
516441
509382
539910
539784
536512
539544
517790
500327
530295
538013
514188
540341
534151
522461
543509
530984
515909
504370
533191
515928
502686
539877
500965
512341
483503
531940
507814
513571
533075
521548
534284
499713
479976
504804
509277
534366
544128
515717
534127
517138
550165
519690
491481
517453
503456
515553
479235
482377
477956
512232
545812
512129
528817
548399
526082
511733
490487
542550
547934
486517
518464
537157
517626
512406
528979
511943
501013
500513
531058
515795
497807
540475
519835
526791
477893
508997
542476
512255
485435
550555
542746
518463
515765
541354
543656
514222
516035
536844
549221
519889
523519
505207
526776
525542
542595
534465
552397
500782
519837
539129
543055
525287
521167
534280
523516
523734
503445
534185
530688
516151
519118
507651
536501
549229
494980
480614
530920
536824
502768
513815
509356
528049
485124
534317
481231
523776
535410
531991
547763
503415
540301
525523
530637
516335
510531
519632
551321
523568
530858
502520
521264
478199
526858
519617
521513
515780
520332
512348
527122
518610
539746
523780
523111
530563
534251
542453
495115
536028
495807
551394
530038
522224
532275
530900
534323
529318
551520
514972
492874
507726
509482
534269
480492
498769
534494
492960
547102
538024
478527
509395
548538
516138
495793
509408
485248
528914
537420
530675
551523
523539
549253
509293
514368
536625
548880
551544
510617
531068
545442
478574
544423
486027
519916
540569
535061
539959
515799
537339
511087
538033
530034
531047
530986
534335
510609
546624
523510
521202
536620
536889
484443
552142
526349
538044
510656
538388
483857
538722
550036
546184
497698
500595
500470
536574
550907
508216
513712
498606
503728
494956
490801
536253
539343
513098
549308
526519
478983
531271
512254
486939
497537
541173
534055
508328
501646
502715
491440
478938
519695
514238
524595
488625
486720
523076
482558
504204
495332
551272
480383
549302
513310
542761
510555
526293
513035
491285
492965
492009
535057
546379
515423
545137
548905
525151
542373
484369
504314
518462
495319
526236
507200
481826
518888
541212
544348
531973
533845
482383
538751
536515
538112
535647
544046
502579
517948
551989
497950
506508
541184
485675
496359
523703
496738
503602
544813
502705
543771
486376
537625
484153
515920
495127
514420
550013
538101
535936
552534
508063
514938
552138
496905
487799
538365
552236
521884
541317
547340
489391
497826
522257
509299
536943
483812
518313
550163
497319
548527
539866
487088
479681
548515
483117
479839
502676
532479
503131
538060
525738
505404
481910
484080
531284
525733
525913
488705
523508
479824
530679
510201
518488
483051
503583
516992
506466
531527
546683
538371
534823
538421
483815
479016
488003
528146
516433
518304
510266
518191
495744
490434
484575
502828
514119
488404
527159
509827
515506
492626
520696
512700
505773
502803
524131
506588
535664
503980
530463
479276
521447
483771
547677
488115
490525
486137
539723
501499
506317
530929
479682
534763
491645
549438
486291
482373
527436
539396
546450
497617
507367
485504
518123
482680
486895
508252
543446
537425
492900
550698
525724
522384
497843
502821
545006
515557
494432
478450
484002
498232
544586
489749
526039
486160
505730
494264
493479
478104
487320
524766
483525
485863
512952
482148
548077
497517
488399
525858
547414
515837
501814
486824
491009
479677
508407
503783
488607
515907
497844
532788
481893
544629
491736
526692
550683
513286
509338
501108
486167
482874
488549
506455
522095
491465
485911
520117
492160
496816
532542
547858
501577
514730
525594
517097
491767
551454
524538
515020
480245
495061
519057
513697
548433
495824
486934
516643
548271
532833
529119
491670
549381
503562
481727
498231
539169
540684
477990
497415
534222
540607
510276
507972
544648
526678
526782
538052
500592
511503
527386
519626
482641
488962
483284
551004
485139
525525
530228
532987
543133
538627
534981
545859
509264
480164
518967
481092
507893
539818
536044
524810
523439
491701
545648
523499
544224
498823
524858
533565
486975
507079
502752
499438
507147
479079
533366
521626
533133
508064
478905
541883
528162
507232
534910
540907
500346
545901
499693
478836
533351
481720
495044
483157
495552
494930
503978
497198
507586
487090
547701
527781
480379
508632
538255
507767
533386
524997
488862
478139
509208
543459
526724
502825
503905
515991
515544
535502
544592
486743
483003
548317
488082
513290
494953
507672
535779
525177
490280
490026
482261
492052
508782
542825
485733
479709
539242
486054
512645
529909
498095
542777
481970
514300
514134
481891
479649
498180
540550
526710
504369
485298
508454
509066
552383
508071
486954
492894
514193
540310
494966
486918
518265
510610
484365
485941
521887
490375
494588
550326
497014
500576
485121
510338
491150
498082
521756
500884
509955
490206
508903
523122
529017
514157
492928
535317
523588
532407
519671
502625
499503
492314
495758
521335
515411
534503
517779
520772
485605
502421
495454
481035
511341
533979
506385
536763
485079
519921
541611
492084
524583
488050
532376
481887
521359
485815
539741
487825
535442
546685
506461
508138
521563
545030
492863
509346
492349
515134
480569
496569
488645
478194
502657
495288
480308
549325
508050
488293
543681
527270
485756
490210
522088
517304
492350
493110
509007
524216
532996
535172
550474
508128
501281
503194
497486
486300
495077
523971
535509
518960
480946
536306
511905
503933
510829
486015
499405
550279
488936
525916
507217
481387
510962
488877
489876
488002
482840
488993
535048
529437
529505
503632
503416
537258
510765
517989
537265
499615
493644
518853
493559
551240
492643
503396
529440
488991
546462
512698
533993
503520
506062
531416
484151
538115
501180
541687
504469
537862
518211
491341
545174
503655
536095
551172
485511
506240
484189
507526
478334
490755
487083
506241
501141
552719
493359
478571
501152
511083
533490
522421
488641
535376
535156
503700
504465
503995
503423
509445
547205
491339
498583
517474
496348
503524
494870
524403
550915
529256
529219
540267
499821
551537
482196
482001
503668
500974
511370
503689
499815
511000
494215
550564
511082
481022
501157
535727
489884
536447
548376
540259
529263
546938
491096
484549
484523
517825
513466
535752
523702
551704
496846
484555
543961
533117
481986
546072
481987
480380
487706
551818
513786
494077
524845
518379
483606
536067
481968
533112
506976
551876
507009
525817
497837
540247
517555
524803
493953
544596
524084
482182
479214
547333
505951
502884
513757
500426
510111
551811
518606
513693
484763
511039
517422
491431
517479
484519
499861
528418
551927
550877
493954
503102
551802
513710
520341
525805
506975
499347
532709
502871
518158
484801
533025
535640
482205
517401
517817
528435
479375
518438
544533
493930
507605
525874
487567
494835
494679
529264
480567
551678
527612
524806
532447
510812
540252
497805
479929
525015
499887
481956
527589
492568
547002
509769
504675
539204
493591
551804
479349
509811
531625
493906
510827
481969
532486
484715
482917
478592
509034
528443
516623
535751
532492
506726
540465
551594
520301
528074
525418
503681
513692
546515
497771
479937
547223
541545
521438
524809
508788
532488
478587
551812
528119
548225
494105
540076
540268
495543
544535
536001
539186
528377
510165
502892
550969
550892
501203
544175
496836
505132
550774
494310
521469
479927
517484
487588
524105
537127
510840
525077
528487
518367
531320
479930
485981
535701
513431
520311
537129
493888
520227
510901
500134
517420
525056
518378
479938
529361
491332
541464
507734
503685
541760
545871
494963
494210
491094
513552
535924
517713
535676
507525
496856
533021
503756
482257
497079
533115
531557
537799
487612
484770
547201
484491
507618
532173
500050
500957
484604
494129
482000
486055
509909
544534
521487
500945
482224
551809
530095
549357
495846
487616
511748
524197
511026
542243
507620
525701
482160
506978
538663
503688
499863
533109
509747
500959
532483
493947
479941
479837
511332
542302
513108
534760
533339
478403
551060
490194
514692
483165
514226
486486
497691
483166
486483
495340
514705
537496
518442
518113
520810
504962
526379
527557
551020
532529
504743
520407
547384
536141
535510
513050
490219
479461
545031
500196
488729
511129
512942
523164
517072
547825
531922
510769
487849
503912
495439
539405
531914
489882
531891
511149
506601
481331
487929
537010
528358
533727
531599
499025
526733
515978
508907
481422
535605
541992
500242
481459
508171
523189
479891
550972
546553
478830
542362
535506
506063
524703
552218
509160
491355
509574
524199
532022
489822
538809
505349
520104
484270
544239
524606
540884
547768
539011
481845
530113
500429
518983
528735
507996
523417
544687
525332
508831
483836
525337
529634
519868
510830
479278
531524
517017
518341
513040
491621
531755
485291
481363
516985
533772
546385
496477
531651
508843
523093
511990
552660
526029
511991
495009
497597
533298
525979
489984
504501
551608
525267
521667
544330
518648
501785
533333
551676
484930
514411
540543
532605
541879
518278
518228
486468
544287
521847
483124
501898
531307
495094
497293
536151
536212
530249
542359
532647
504453
515532
521918
541336
540029
523418
479776
515037
532552
544927
498531
547514
536148
480094
525180
514818
489971
493129
533303
547394
533311
494265
527377
492728
498096
525446
501243
492210
547441
521689
537351
507062
487862
523410
520916
533299
487860
552006
486548
494313
511320
525451
518164
503998
525328
517340
535183
522074
494369
533634
478377
493098
549024
512043
548727
490751
510391
480473
493438
511852
492127
483601
552035
495618
508914
537882
547595
529073
509130
525778
547639
480663
480583
511789
483998
507865
514027
482918
545826
488650
548195
544491
539656
495536
544793
516749
538714
546425
543823
551209
499544
477894
512590
501101
540712
544513
516108
493910
527730
485912
515552
509028
503840
536422
543580
503586
518677
551063
544696
551996
521145
490203
493449
499449
495527
484024
533848
483510
504541
552519
484052
500452
512971
496461
499816
549938
535358
503695
478916
482438
508585
534292
504440
538815
552078
504926
513131
505766
548616
514140
479972
484221
548191
495184
543059
491213
533040
481381
478595
515347
543583
548456
515192
518716
502490
490729
490856
532021
529732
504436
484219
499458
550120
541533
517029
547608
537542
516958
524343
502050
495343
498118
480300
544476
539073
496628
495203
546785
493610
525971
516642
515449
508382
543462
527692
506984
518095
514961
489487
479366
479734
511909
552252
501317
527812
515486
499337
510446
552707
538524
540610
523967
487397
531237
496450
492687
483071
492925
527948
535575
511777
514821
493462
545499
526016
510417
498314
494790
548381
545293
538403
483622
535256
524721
533810
525130
532877
504341
552070
481291
538775
514455
526344
535348
508369
534032
550264
501757
551274
487170
536075
484019
532588
509095
548981
546901
500434
535136
499172
531986
481260
518031
507587
519926
518616
537310
501150
510408
529243
551661
515554
496601
516638
513068
483956
529760
481533
515922
548575
481085
552676
545349
485849
516980
492197
549020
547575
540269
478378
530871
486438
487933
502611
507674
505801
529541
514495
487914
539624
534975
495258
527597
537867
478811
483149
517654
551189
498253
484032
492610
544017
482318
487183
535614
510464
519208
524467
497529
540792
547614
503266
544399
526123
481190
497398
486098
499549
514923
530139
535253
533992
533939
479539
495382
501773
549682
493611
488133
551582
506223
534124
495137
520250
498460
543010
480921
519034
500943
548498
481404
480561
529229
484807
494713
537712
479467
516872
515652
492221
506625
537246
513598
494100
521882
513303
484502
518704
535460
482084
511035
539224
498822
543663
497020
480306
491242
479287
550336
517707
492361
520689
503742
537199
515295
509868
499880
543276
514015
515955
544662
535768
484504
544166
528304
539594
538887
508227
512993
545072
488261
480295
550630
509905
499747
517397
544611
541710
536024
513065
483099
519615
530086
514255
535974
484675
520673
535705
538436
539457
484848
540246
549813
479343
490308
546577
535722
506779
520598
513671
535047
529291
527748
509985
544187
482486
492123
508711
520765
551567
536353
485512
492924
546962
520012
520793
547078
492022
546137
523312
525114
513775
524317
513478
535814
514531
517413
513450
500451
539323
543642
524795
494799
496565
492026
496819
509866
548268
478725
550149
499127
491560
487896
533161
483293
540315
535803
495211
529198
538948
520870
492918
499812
494012
487845
509067
485597
551645
516262
538870
484664
496920
506812
521517
486846
520784
503319
544290
479253
550908
521462
548789
490473
483463
514026
479165
479153
539295
549812
491994
496168
514816
550389
494653
499627
487638
528362
491311
501186
524888
539833
550272
514467
527471
509872
546823
524504
548847
514716
513134
520844
513947
536329
546953
498695
487656
491337
492138
526632
516589
544804
547180
496922
509878
508298
520817
503288
497173
517606
547185
484435
484778
534832
501459
514464
481776
507421
546579
551954
532448
513057
530402
520432
525078
537143
532505
535513
505285
497804
545164
519019
493932
524864
482459
507236
529336
535708
486973
525066
513708
497032
479130
504207
513449
518192
517558
552262
479128
488730
522015
484613
515382
520385
520577
528263
544089
539291
488614
521714
503272
478838
497143
527429
520712
512707
539561
519026
525360
508780
499929
522254
482543
497797
523117
538731
535929
533078
530071
517870
537379
520728
487577
507887
521035
552104
547006
524093
513656
496592
539357
517080
514677
529299
485794
518409
512746
527110
512887
526672
491394
491586
530969
507198
504212
497798
485720
516270
543069
544207
549865
499158
543867
513060
508231
540140
491387
509994
487373
535716
502873
497621
496560
495322
517334
482501
493253
508426
487743
483417
496145
534917
507417
516644
547300
525847
550659
506870
488910
491083
497118
490300
485582
548259
513472
532227
537007
493970
528952
485631
545162
509640
494352
546169
531905
543825
525237
506853
531983
512597
491194
549786
482899
517661
547147
539181
517472
517840
502116
533094
547045
499101
547583
498181
527990
511084
499155
544449
520867
536382
536038
525344
527723
487702
543788
521346
544084
495035
492354
498438
496999
549827
482748
502476
528225
494111
524919
525661
481939
487598
546868
522362
507737
512790
538683
544833
514699
536299
483937
507197
525050
548258
517812
518213
545080
490723
490846
521538
539192
543629
547231
521480
501197
528488
499606
530974
491144
490558
550816
517581
543647
518743
497381
511509
550631
520369
544168
541185
551872
552536
525034
518481
547137
494115
529834
532851
482288
532211
509733
529134
536066
499654
543115
537498
517089
492428
504115
480519
537028
532346
550748
543827
550634
504343
484996
542460
527418
551587
513999
529814
508708
535767
494050
539248
482142
499720
543093
532694
539626
507719
487700
502514
479196
543142
506905
537146
506188
484699
509440
527613
490725
537149
524753
492834
484671
532267
508294
537545
517586
498104
486986
521948
547157
547091
545038
550342
509927
487708
546191
512287
543968
548828
502456
513456
514663
491076
517468
535465
533827
524922
509204
520775
506189
485192
494211
531383
532883
500433
540837
510189
492489
533401
511632
539819
552259
487603
514103
512309
497503
552432
498685
536453
486453
524817
537745
515932
491737
552599
523540
542411
509374
500763
482598
507270
552431
501600
536437
516136
552591
517567
525403
504131
522024
541018
485102
530417
529989
533248
509601
542421
486555
528762
526009
530309
534491
551652
490389
515324
500556
487765
515490
509613
551966
540910
526764
526197
545627
498746
542790
506280
519093
485389
497491
525201
533882
505205
529988
544768
492775
506493
500566
529630
480523
478244
497419
498339
498480
481867
490330
488781
521096
509492
485109
488340
500308
540868
521312
511652
545210
536314
534923
501601
499667
486929
480445
520222
486025
511004
526757
507428
506515
515712
494048
530049
521904
550379
494501
508692
503157
491759
502645
501783
498484
479640
490852
545618
488871
529936
499748
503804
552426
521069
497954
492789
486165
481886
503930
525717
480034
540870
507493
545251
521595
502636
539662
491872
533529
495785
530027
523110
514110
495896
493246
512060
485996
529987
492326
512090
497781
521188
518099
537649
482593
488684
510933
526013
483620
502588
486902
498616
494512
492955
500162
531970
552566
547653
551284
545601
539685
540883
481651
492838
522140
539479
515567
514921
550420
515658
525411
540991
521130
533768
479665
512268
511840
488754
534125
528406
529975
487841
534003
540833
525807
527446
488721
516401
537969
526381
494314
549033
518692
524562
523454
511946
541483
479543
505310
482947
483313
529170
522180
523119
531109
492493
526433
530422
543230
501622
525504
540765
540955
513399
486329
495141
480185
489780
537758
506556
530547
552387
481227
486297
485090
543221
512324
541053
488063
545625
492323
551946
508045
525606
507483
484094
520564
526431
485089
525333
532402
499069
530410
477914
520408
481666
532599
549468
481665
532740
545271
497998
547594
479061
489808
552354
499223
529722
544788
515345
532604
537401
495355
515294
545845
522124
497496
517256
522165
544493
551211
500546
486393
526634
491687
530796
533450
516538
539764
504274
488084
543687
543191
534976
538739
552232
477961
510941
504505
508219
517921
537813
537663
504400
521063
492619
509748
501698
539651
499568
520658
511947
488939
552438
493318
541040
498213
516005
495170
528364
509502
552433
482606
549151
488339
501347
494508
511137
481643
511140
498708
495282
545629
551278
483596
487763
549256
536439
523737
519101
502772
483106
515396
548419
478962
500808
504300
530272
541137
487490
552463
495334
483538
512258
527757
515526
552425
486473
513199
483810
541011
542056
522167
528785
545212
518274
481884
480035
509629
498832
504059
508858
512138
547750
518852
536700
527919
509250
522223
488032
500771
521620
549008
492473
534286
485627
519702
494601
485396
542764
545733
493289
544837
488882
523143
533193
481926
538535
498352
503351
507396
518144
552461
534137
504254
482615
545262
536455
530415
515297
530022
492583
502643
537047
509253
510834
486412
522155
503573
499315
480422
489810
514391
500126
526051
550415
530311
493694
525479
523450
531217
505381
533749
545624
526377
485276
492597
541119
534107
520129
528848
540010
527801
502895
500536
501398
495304
552283
550417
492231
502523
542412
526445
487189
498667
539640
488027
515269
511682
504025
512072
486308
522628
519086
536470
510671
508075
539693
488049
519119
536469
508363
508240
505312
493310
530248
482062
491841
537604
507256
502583
504221
546960
541103
488191
479735
536459
547868
485098
546631
544802
550387
509965
479590
543040
518854
525886
526756
505903
487885
500964
545619
514554
479614
534142
533781
552456
497841
500462
511706
526291
507384
523146
509589
509248
494573
542100
492548
510518
537069
522023
545223
478193
521417
511718
519312
488029
541327
491944
501819
510922
550925
537320
498663
485085
541093
494908
511717
551318
498405
493459
485135
541008
510515
495464
487843
506259
534140
552153
490336
503936
536527
541034
547552
489875
528930
539709
486041
533607
483586
477918
526694
532764
540428
494520
530757
495059
536825
488857
537161
544819
491683
544653
540655
522274
485698
515690
533324
494502
524610
497495
547774
551698
488468
551727
494811
508181
485392
484562
531828
540664
515844
526436
506562
529972
486888
517222
542419
528714
522062
490338
506129
523199
540944
525305
513226
485407
511412
528774
501578
518857
501567
501647
480258
528944
522076
511809
542408
506656
503061
530555
536276
514315
532742
479597
488764
521985
521987
527104
533184
517503
501587
541014
526847
488746
481981
504332
483436
483438
480588
498374
535556
477909
537975
507253
492779
491689
537589
488330
526862
487617
518393
483175
540908
481662
543850
527936
519382
549680
478894
477917
509258
538598
488109
536477
521007
508350
483062
485782
545306
521490
485397
517260
485379
492333
491686
515806
494509
488773
530939
540935
483806
479608
481703
495729
533714
551282
491464
541055
526758
499630
540889
486280
512057
537026
506292
495726
483870
511139
536676
497652
503584
521365
481832
488138
510240
478204
485340
546044
488560
534049
519133
490326
549664
488757
544044
545254
521065
518563
482633
534114
531418
529570
508621
529778
494462
502164
545379
547729
517335
501293
479308
490498
499515
487439
522188
518248
500528
530444
508271
527811
536434
548322
504456
492347
522797
551396
491693
512112
539850
508630
521915
489720
528057
526405
521174
529997
483238
502626
519153
540886
514959
477916
528827
525401
500850
533873
499846
491700
552267
536646
486234
484571
521623
493719
497975
488724
514551
516089
488040
485172
500679
526653
542708
512332
530418
536452
495731
537654
526160
529747
506854
526850
506552
547501
495404
515273
492768
494718
542826
488033
512073
518804
538583
544992
509503
523462
498794
539641
540847
500842
504248
534956
533615
537586
499852
533800
500532
529963
495134
526827
510512
532943
488608
532609
540673
507484
519398
541081
498353
533704
545054
481567
495446
537637
552396
481663
485431
502596
528350
481984
526744
524104
533486
485781
492586
482599
480424
545257
516310
489805
512420
483528
539692
494715
518773
508236
523147
523719
492495
533717
518100
518877
494647
494535
536137
494898
485076
521608
503368
520983
542035
552095
516816
509255
498350
521074
483177
546789
482614
497154
481582
529808
499666
519087
534134
521683
518779
522041
541071
541082
550657
521068
504245
549428
505427
508034
498306
498673
541029
519071
500153
546721
542377
521087
521926
484870
514849
531887
532491
544761
497540
477906
482168
491114
524453
479592
529937
500728
521386
502810
552696
488202
490333
495396
485401
545285
482398
548792
548458
492560
514685
503594
486257
490334
518524
511228
545220
495616
530375
479612
509742
550337
537367
534061
520447
509646
523444
543470
485101
523460
552556
490388
521081
530160
507492
550846
519120
492531
518579
530570
501583
544337
549867
534038
504290
518671
508262
544552
492575
552154
487160
552447
502077
538195
516164
534955
518263
521092
510819
521080
522158
549025
542414
503364
527915
504193
497439
545240
523461
495714
523442
480029
480442
528959
487622
503372
552415
502416
491749
536425
524865
478632
504253
488024
526383
497928
495951
535176
478893
536431
517211
477946
540865
520396
519439
507669
526444
526001
538419
481805
539705
510376
522130
537232
512160
529771
519245
541056
497488
507634
478923
514105
502876
518928
493723
530993
545419
488039
533595
490962
523125
524468
532967
512110
523278
497675
540772
478145
542418
509555
529451
488205
542406
551630
504287
539371
541201
540932
521175
519147
529595
505201
526937
515048
500862
531467
478996
492173
540925
540480
492774
478188
522181
532762
531938
479639
535084
509586
488723
537675
495087
487865
483969
478540
481561
552757
482642
495623
525509
496639
524563
516106
495738
524592
515584
540264
486875
542728
540472
477988
511731
480555
540193
523109
525407
521094
520152
485427
490341
543086
482850
506250
488588
529773
521010
478895
521429
504320
549171
513407
552497
540564
547745
509432
511720
530421
549169
515310
552627
545276
485629
509745
500553
526425
546793
493599
535704
480180
522271
490667
521426
479526
485453
490173
549394
515803
511707
545430
505313
536182
539766
545175
521388
497871
538597
496806
551580
519433
514077
545448
540545
546724
536922
530523
523456
540843
504246
533626
552273
551671
521369
529260
504847
491682
529968
495352
534180
498873
544832
525603
498774
497502
504032
541075
535390
539816
513686
486867
511666
500177
495817
506584
543388
480260
535484
552466
483490
542410
528772
523552
479838
503359
549144
552448
547258
523149
495735
493732
525252
546998
512550
508506
510884
495131
540615
478750
497435
542828
504262
506555
552465
551575
544678
545166
522204
479599
534088
537546
510525
511134
549340
540114
542163
488748
533756
500583
530036
548942
544701
522149
514520
507632
528995
541051
492313
520566
488888
485796
491761
522168
488414
542617
507825
540853
515307
539714
528786
521671
540937
504288
518358
500535
545238
492105
545191
511688
526413
518310
511543
546950
526540
491616
543668
530116
498183
522203
530040
512812
488783
529421
524818
482925
530345
495717
516067
526199
490944
516656
537655
515352
492780
486452
492673
509818
520845
521611
528755
552446
483599
479596
494698
524454
545300
483443
507889
493546
493183
526902
537716
493468
492592
479713
519076
519202
486302
533726
521743
511053
519088
486874
517243
507631
482594
481478
480585
552622
547033
537765
494514
501795
524541
497103
484888
534573
541102
498452
516905
509259
537805
522032
521850
517613
522189
479586
526033
548445
537992
537984
492613
536450
533751
538053
495747
497460
488038
544983
549069
522206
496874
504010
516210
477934
510528
537155
492830
531902
531241
518188
491605
518917
506336
530437
481653
521090
479582
495173
530387
522092
495894
537626
484202
493926
498416
533826
510519
490719
548649
518663
519469
533698
494553
494526
550858
507252
508126
496220
492859
498713
534138
522314
540928
525413
539708
479083
496675
479405
515302
483000
540993
488854
533334
540600
486477
540840
528767
548109
488034
534565
509300
530163
512154
537638
496605
540953
525472
552421
506320
506561
527876
538395
528793
529903
529493
495479
544514
539695
494880
494549
494864
519104
511450
503841
521776
505892
518262
488563
479015
537587
530003
500545
504402
515665
533759
533935
528586
530129
551308
542050
516820
548028
530434
525121
518968
530430
525415
537689
527325
507932
521048
503021
500543
549744
532761
533760
490272
494518
508013
512628
497777
526892
549168
486884
479605
489807
504691
538838
522213
545071
479601
541670
495719
527376
522017
488477
511524
507683
545265
482652
515790
519219
542063
513323
520990
536318
546435
492209
544734
544521
536713
550950
540857
491680
509481
501320
486340
537702
539347
509483
511677
508004
546974
552157
537669
497123
545211
521258
500832
486887
511556
486414
526766
533104
548388
539699
512827
491857
522129
540976
499564
527751
478864
498681
493607
527716
482589
515682
548696
515066
523268
512924
502718
521616
479581
522272
540713
517251
520847
478022
540996
521294
480143
514048
487430
530440
487714
503580
490562
510776
530127
504103
551883
519444
498345
491694
546293
504252
512742
500550
503634
517785
537337
494859
546840
535480
525409
544005
522066
512350
514497
504401
514081
546208
515680
545154
548422
494794
552489
516202
481568
479611
545464
545620
540752
496074
502698
486290
500540
540980
489809
487524
500686
492488
488737
506284
488760
545204
502639
548908
483425
492757
529701
552443
491107
546694
481997
491913
547728
479609
514925
522186
530148
519432
540147
504237
537008
488992
499031
526391
518975
536456
498578
523680
486069
503501
534129
540948
500970
540941
514091
516948
514097
511474
497548
481239
540111
491067
489873
503376
511441
519264
525406
482595
498675
488103
510146
478332
518974
522210
493120
526073
537227
530250
534133
507844
482851
500549
523625
488720
510500
507109
492787
494529
518841
512373
481201
487913
546139
545321
528760
488211
486932
496938
505993
551346
507908
549172
498245
515692
533865
500530
511671
541192
535999
525552
498414
548600
548913
548485
537019
515335
495425
498562
519102
497498
518512
497633
521058
481656
551578
479628
513150
536998
506282
502789
537978
479631
526571
513497
534513
544519
530081
537754
510527
540864
486388
542486
496184
511729
540981
502354
551660
533729
495641
543684
507622
535064
510645
513202
502942
507626
497145
497494
492957
512405
533778
552586
488338
515674
521618
545323
541091
511135
500560
525398
540032
500732
541013
537600
478086
478331
509938
525340
547519
487171
550696
529977
506581
533732
483057
512063
491775
521999
494519
492788
530426
539696
503906
491912
501621
485390
519117
509507
508053
492782
530499
503385
486016
538129
483073
539334
495732
534208
495174
491882
519605
532506
509543
487541
538120
548155
504364
525944
491742
521730
514924
504123
510516
524475
549951
490331
506384
500813
488777
529952
508583
491118
525577
502697
525814
540985
543577
513234
504261
480447
529725
502905
486405
550184
519452
528776
512808
534570
545417
539689
523463
552151
544777
534030
550663
523692
491772
499637
522050
542407
536460
537993
500823
510167
544749
522057
498722
483944
552032
481807
539697
508785
534126
542415
537673
518939
540854
522025
545219
531556
480147
523671
481760
479585
530419
515758
496209
526761
492975
537706
551277
483236
528753
530803
484861
513182
524689
527816
495573
477922
482775
518126
485393
540896
547748
552434
506374
517254
533850
485181
485608
539322
512069
514545
498163
483126
499755
533640
482821
482093
552631
485395
519115
541027
497157
495718
550869
519209
545264
545244
495737
537976
508314
494580
522161
525373
487051
521071
484111
495950
545331
525028
494515
525861
479717
546599
501058
541106
491695
515631
518523
525706
532858
525946
531282
516017
552008
503379
550979
520434
501084
498360
548060
498481
533517
523144
526424
501531
487192
545250
540860
552640
548576
545716
513875
515664
483434
521089
525999
508473
486392
488354
542637
548701
523459
526455
500551
533701
477915
495722
532792
522233
537491
518133
481068
495716
521049
495316
495005
529969
540921
540912
514104
541112
548182
492781
530149
535408
499749
540867
534957
547662
545507
545855
545725
480068
541117
492329
528972
485825
481633
540106
511975
540862
534153
551666
509254
543450
536043
512104
525405
498474
501490
541293
504295
533373
544949
537684
498704
526179
542622
495461
552430
550419
483273
482616
531499
486289
492301
499948
523440
510894
529998
519096
552473
519440
537651
495594
504224
498208
525244
547754
481724
502637
514402
541196
532961
477902
498482
520255
529819
481527
510926
494504
542395
529155
537981
522048
539164
542592
513621
529999
551078
477895
502906
485611
552120
529267
500124
510810
526432
528496
484368
509249
530644
512077
545628
508016
551280
485025
547756
511850
510662
514098
507101
501216
521059
521338
519222
540245
510804
536686
483819
534761
514503
543247
492425
482834
496779
486266
519004
536864
536975
550445
550739
543599
538977
506102
519499
495378
545658
491812
525750
520330
533566
526359
526586
510833
484313
506638
487514
522255
537089
492487
528053
528222
497538
515369
544730
518290
552487
543417
515083
494189
517273
511776
534959
519197
491816
520885
546090
529196
491824
537080
495794
551789
497931
529730
530135
497159
479288
512701
523254
532845
532326
515217
547182
531995
485673
516617
537386
480563
534962
525713
528639
503720
534393
533484
544077
518527
545324
491874
536654
481042
506944
537802
532954
507508
514536
503588
551692
492000
492286
545765
529107
501319
529186
482762
481257
529632
506146
479342
529188
518674
515386
543747
522289
511771
521006
537073
498856
501694
500773
503337
491715
515069
478161
491805
537750
518287
478049
502272
490292
528471
540159
539520
481740
514811
519166
537077
532029
508037
492511
500437
502488
507454
532917
484304
495786
485158
496079
478120
520986
488884
527307
537759
531571
509501
482785
496392
505787
479796
538805
517729
537093
487530
539453
552496
482081
492543
492294
485269
543200
534342
513128
486230
501339
546790
518850
551484
544938
482659
538130
537044
502589
483499
542719
501878
507397
505688
507158
542804
509447
488692
506273
537066
550832
508183
496705
479004
500860
488789
537092
504126
485182
491825
497650
520494
516590
497562
488685
510907
525710
478566
508184
511445
550978
481853
499768
533676
492295
540165
519534
484652
508279
524697
514564
483388
497629
545351
518244
529721
534320
504325
535939
480357
513491
551662
551708
479280
515930
480526
494686
483838
490302
511158
484746
507422
495842
491351
548869
551700
534246
537382
524434
510139
551551
509961
502792
486052
536096
548622
479790
509618
487976
525803
531281
519047
518855
495157
498138
478739
483420
485325
530513
533516
485537
498115
531598
480907
492474
491309
526971
495941
535931
550443
535830
501323
495388
530674
545439
492978
506159
494671
546401
543161
552160
518867
506564
529176
551670
481344
520361
503091
524035
482841
507432
520532
496478
532852
486068
506616
517379
533495
544022
534443
549341
500868
483308
492582
547335
486115
529741
526275
507573
484418
478215
488932
498143
527872
513679
521891
506533
501340
506618
511830
546575
479616
515106
490344
492298
510950
537537
479363
538993
511605
491844
488124
501629
533834
485543
531583
528384
533249
516380
534843
512704
548401
507008
494709
492032
497687
502512
508198
501328
494738
485872
533106
543222
533492
492307
508192
518208
552513
514524
528397
549461
551479
533501
536613
548133
534452
492538
496082
518971
485249
522447
551576
487851
545143
495154
514241
487666
504396
499340
495411
518397
546145
515063
544963
533847
483539
491734
508303
509163
515586
550489
508638
526036
495463
548124
482175
545067
516605
477930
529744
506093
483245
542707
528220
513505
492025
526005
548699
510849
478931
526467
499737
489836
505885
506103
496594
495450
546540
493356
493631
528911
485845
490832
526550
543755
485412
527276
502518
510557
546549
530245
511473
527848
514189
527951
490695
543584
494594
543606
505956
540758
540763
510976
481668
481199
551151
479636
545726
524429
533390
488334
508901
550306
533780
546505
481911
518499
549701
480600
485828
478137
527528
540734
496557
509941
512272
482484
529811
506078
499562
477928
510293
512391
529847
504102
495923
520455
543480
541181
491397
511047
481316
487431
552277
486162
515987
529829
495198
532573
543670
530912
546095
527825
538082
494341
550200
530353
490670
529431
485726
541166
527743
546497
551746
547420
511502
517215
531291
493128
536094
543603
479883
487093
538879
481834
496574
526869
509513
507283
522077
535355
544359
521582
509831
542628
512594
499487
511835
481385
486494
481374
506329
531666
478640
492452
534778
518258
539282
515240
516776
515995
529798
496344
536118
520742
499152
546508
546502
497476
490819
549714
531836
539540
503516
492936
498808
539247
546535
485621
508812
488448
493646
497004
505241
479683
517020
546883
524261
529641
478255
543829
506029
550238
546370
478620
497753
513047
485306
509611
531817
547676
524928
479420
545036
484726
527749
512591
483046
488432
485334
520178
478351
520235
552052
524833
551978
499042
479655
540646
538907
530243
513869
481289
481470
528582
500622
496728
543650
530266
514854
520402
480940
516167
535389
515128
504674
516364
478681
481238
498804
496701
492116
484308
484322
478124
490543
514199
518498
531870
529432
527669
518051
527766
524539
487029
543471
531752
478356
478582
517147
551743
515136
502944
543605
480314
545738
550328
504054
501823
529837
550073
485050
551957
489670
548481
535648
516363
549696
526243
531801
512817
533948
538110
482242
488248
491159
509203
499516
523804
499681
543568
512005
551383
548380
494212
492864
497110
538981
546630
495219
492858
521333
527980
494177
492476
499598
481606
486946
537858
500263
506934
488494
516817
499684
539259
504084
478642
494722
504114
513347
527518
546408
550191
486008
546788
478820
478853
494872
530104
534070
527483
544012
529628
538989
490838
545270
535403
479009
531753
522787
542481
480370
527531
493513
492713
493557
527931
481616
537717
541766
504413
550656
525666
547464
537698
526323
545336
544480
480089
480400
490740
526493
552610
505711
517288
526691
522349
506061
496069
503079
499256
540661
495506
487157
495493
478828
511982
484109
503762
484167
502402
524011
512960
524013
507543
539679
503432
521758
503702
508353
550280
512934
478695
545074
529818
547271
482824
510615
538802
483229
519059
529724
481017
530627
540891
529804
506047
529813
491132
547466
498798
496467
525003
500296
488495
508127
537078
493460
529319
507704
492027
501671
526878
536605
547304
490765
506271
507822
492292
500996
539338
494935
527592
551875
538760
482849
544718
544034
485614
524921
509990
548673
527294
493982
522772
528710
489222
512094
551093
501495
479521
517770
529550
517300
481907
533065
532239
506441
509349
511435
524322
485254
525385
498538
536567
495944
514875
513525
549489
517177
524885
511185
530503
529612
525095
509488
488410
506673
538643
520875
547582
510022
542002
482452
540028
484336
537541
502265
491033
488366
490618
486272
507067
492212
533254
552202
487613
506447
500097
517839
527642
503903
534762
524972
530530
535998
512569
478391
519285
499893
483398
517517
491190
490479
522819
482733
545608
540562
547040
494708
511800
520985
518594
482852
482845
502533
527753
483209
539410
533921
481423
520143
492682
540656
548274
496893
526063
510187
511973
493562
494929
479506
515213
537357
493398
503138
495774
542263
520907
511893
498516
547013
494479
549481
505547
517791
551841
507671
530792
545705
537220
491910
506659
503218
525123
482233
482197
482776
520745
545564
531402
533364
535527
546750
541744
548432
502032
503050
493333
515487
494147
510403
535681
548415
514738
542892
548190
536150
490966
490734
508634
488213
504679
488107
532637
500316
527315
494933
479367
534144
503671
480296
544281
532589
481066
513770
503311
483303
510108
523179
482836
490926
547359
488492
503805
487371
532373
507091
532250
540901
543017
503713
550485
533080
549862
522432
550018
552242
511917
528271
484776
533345
480971
549420
527262
548500
491512
545025
526680
484064
525368
493090
529482
512539
544494
507791
499037
513435
494839
541911
537907
546886
535213
490709
541680
549324
494358
500012
536974
510072
540444
502910
482786
531215
538662
530744
538923
490938
489935
533383
535860
550216
519074
494193
503656
488569
521606
533066
542236
521013
506855
479498
506439
509704
483129
546238
492132
502916
516625
482801
482122
534905
488137
535142
525903
482329
546982
532065
497790
502886
545059
511077
489384
513785
521540
482862
537207
513654
504334
484825
518959
517983
524977
530240
521670
538702
513726
485473
510161
509114
496395
484577
531903
493951
529662
489252
502278
497663
498027
503952
512181
483244
529616
496358
542290
510220
482433
550466
494680
507856
543911
479254
523402
485942
524308
487013
501720
515151
521589
547306
515149
511977
486995
526246
550829
551753
538817
493590
514841
479694
527015
528600
531551
510331
514943
479260
535862
479505
542365
517605
498639
523429
487852
536022
506155
532182
492609
493961
533955
498582
501089
500563
502473
504912
501374
500388
493073
481173
502135
521804
516996
520286
550175
544933
524459
499358
509416
543441
531366
534122
503325
506664
487361
519213
483226
506165
521407
487426
533787
483605
541724
506119
523651
540617
506891
520364
523331
484179
550424
478736
513163
551750
485384
543936
509639
512207
501177
485925
538906
533914
518558
506203
532340
517109
483811
527267
518966
493777
493106
543930
547703
487449
490794
478790
496408
531764
481267
513188
528715
493605
513268
532501
538778
490773
496404
550259
527836
480109
497356
496456
550131
506198
527385
486311
495250
499410
491636
531696
490414
522450
509298
544356
552348
490988
535373
546517
538894
496542
517919
538820
502561
483557
498805
531214
495748
502420
502393
518699
535124
519290
544505
506600
506133
494996
552030
549676
502836
500144
536122
542638
505670
503859
534884
501318
482880
533976
540613
504448
544791
552085
510215
505361
505943
522480
495056
551624
541708
501068
544841
544887
494260
539503
546357
523262
548412
508629
549011
518601
497912
551724
511260
494298
503939
497900
548546
546439
532634
547680
480903
505510
529154
498055
536271
504887
498621
510262
501894
500277
536125
547357
494493
540583
493412
492202
525949
503675
496778
503571
514408
534772
503918
517034
513916
488416
548361
532553
507600
533337
501244
500777
521721
547234
491666
524098
505441
520363
530270
494329
546177
491935
494268
485663
479024
494286
537847
489942
528626
510248
517978
510272
500201
510232
491441
547714
489728
503190
550001
548492
492651
504803
540687
547364
511187
540636
500219
514784
489945
497224
489944
511224
503523
499810
505725
545460
479486
529888
494148
487369
522317
485531
536534
525915
493702
497385
531701
518332
551149
543530
535919
512575
490815
525224
478881
526301
493206
552306
494727
510404
503274
492520
538389
504118
487963
532058
524696
524246
497386
546426
520755
504395
528337
521431
487455
517643
499466
496401
498402
491562
498464
532702
531613
492545
547688
479550
539670
518052
538825
508641
497037
534690
546365
508315
515172
550096
523994
548745
528522
484233
538600
524124
543481
524686
534915
545884
501663
497433
496668
518990
503857
522012
528494
501653
547584
501143
498817
498453
524027
514517
500422
532732
527603
546728
508851
517736
538985
545799
531298
482493
543488
550244
547607
515385
489711
511908
538789
478702
545519
531211
548215
483363
483772
532999
503526
485006
520477
550262
528723
523535
528706
516732
498325
494424
487268
480867
509433
548761
505347
521023
509963
503350
494771
542738
527318
527764
503552
491039
519851
495048
515954
544450
515137
508845
500937
535231
506086
493109
535585
504942
527710
478751
488167
527782
513019
535278
487592
524927
482499
518096
499447
508779
540839
500119
529693
493560
502463
492435
539438
490600
520452
548552
506583
550141
481292
496761
541946
538831
549665
500779
507576
488979
514031
508765
504919
508102
491609
524323
479168
510909
531572
508748
521367
552499
483803
538406
506559
543721
548179
543834
547973
479522
516197
520121
491840
485038
487217
520945
518993
549881
508631
483818
510405
531387
484891
478686
527295
495277
508411
505289
493232
526618
501478
512787
493414
547079
520287
501546
537728
550343
494411
521907
478696
479541
484736
548857
528043
536376
551177
513027
499445
487943
478666
487167
537107
505217
552340
545130
479814
510942
521911
510208
486536
499230
487385
547606
499525
517414
514605
512276
544038
549427
544858
507210
507475
543726
488239
497395
503617
532323
493530
524335
528939
485573
487927
532884
536103
496053
510433
483805
499148
535913
549947
546415
502159
513001
525292
535391
487759
496817
520779
486989
478502
498341
517198
516610
502313
541541
545578
535273
535018
529887
511592
486193
482090
518700
499335
551775
506709
491779
552184
523988
492549
481222
495205
513028
498083
505521
531915
494488
485667
484192
512900
529222
509109
505967
501556
480175
493867
537054
486732
513631
490781
497369
491833
513634
550566
525369
502408
550421
502225
498285
549388
486260
501470
505823
531274
489852
488820
545085
544466
549970
537517
516954
524452
527448
493477
492112
551270
527350
503590
480375
517461
538547
517076
481278
497656
532690
531396
546477
550576
514043
549704
501325
518276
529459
526308
534545
506871
509687
496389
495196
539187
480340
481050
503878
542436
509167
496154
542862
499453
516593
503537
539451
499676
550132
530907
503709
552663
536656
520435
544454
549940
506740
478328
530142
496452
549717
505673
499274
517086
506105
512728
551194
532944
548452
524741
542898
499017
549183
551158
502359
542142
536366
507985
481350
532737
501465
510440
517462
552527
513382
481352
486764
509799
535173
499150
478673
499385
500577
493296
491907
517690
527605
480312
483377
516563
518981
529816
491022
493523
514596
511787
538865
502525
546483
521723
480920
527380
513012
510774
536432
542353
540481
511544
500409
499938
499596
491554
507250
499433
540668
491576
513096
506051
495321
501998
487526
534736
495481
494439
546287
544460
493531
532753
511499
548170
518950
506206
506126
508754
529753
502386
537777
505987
552239
535222
517244
550087
512588
495312
545116
478389
482482
488786
546423
524380
531690
535050
551638
527582
550404
522406
501500
503631
478764
523244
518077
545503
509023
479884
545039
502551
479062
531704
539166
525643
513409
535363
536531
506109
531301
491276
488610
534825
502448
515018
492055
538144
512538
542108
499362
548750
488388
492416
487289
482514
526510
506049
528351
484175
545294
525660
542865
545119
504090
520393
502304
495264
491128
517628
550263
478590
529717
484362
510498
532756
521024
510824
530373
548768
499026
493799
523190
509186
498451
533497
550172
539364
488812
540157
501536
518070
482536
538695
546539
515227
542358
514087
527277
532187
508646
516631
501884
487947
521954
490406
544912
535367
480918
504160
534730
548465
480351
535473
498084
508896
546686
491992
487387
539004
502461
541914
536418
491082
496528
538499
527903
539623
535455
549698
496708
481818
532720
539286
508286
517284
536415
524359
502544
546485
544781
540747
514447
535659
478360
516633
535252
497857
516984
505657
481526
527455
508917
514060
487934
542886
501545
504039
499546
493392
516861
512584
527972
538515
500475
544879
490713
529089
483822
503284
499243
503567
509158
517043
520649
495383
532998
538582
494725
521479
538176
517122
526147
495844
497774
479348
534695
490264
521193
528022
534883
550692
544283
529714
480361
505799
492380
518245
480997
484137
510862
525715
485571
494169
538461
527417
546781
528316
544133
540359
544064
521195
543123
524047
514050
551430
480999
483218
521399
482723
528675
535471
482529
513374
490604
541132
533655
488156
520780
544098
543109
494944
531730
508146
508722
517786
517525
486779
519985
534874
543121
508734
543865
478437
490953
521430
503757
505805
537718
482400
523187
486777
552389
537633
533503
482744
528195
537617
490452
490273
508742
532013
527391
487092
546939
502613
543735
504185
495465
537553
487099
539111
502088
545380
496751
477890
509684
487486
510910
506916
528604
522110
551655
534927
480275
545916
487569
519974
518843
549757
497372
525014
544995
541121
499108
480021
515039
538429
521345
499103
498220
497500
532890
551924
526181
513322
540072
547038
525682
534893
516721
491211
482783
479218
496164
532691
520751
534852
525394
518236
548343
524049
527404
486778
548019
548082
543719
526335
486849
484148
524061
529711
491186
527465
529911
551685
543113
526633
482960
552551
489983
499168
506589
520602
495276
488186
503546
546127
547008
512243
539851
495346
520781
544471
481018
543110
550710
512671
496162
505765
483470
519969
510899
519141
493236
498103
508721
480355
507469
508056
483479
502443
520678
540148
510914
512654
511593
499996
531347
516192
494025
549943
510892
502095
494053
496881
544241
497647
490290
547186
491881
537280
540174
551433
481963
479759
496137
549775
491028
484621
507180
546198
522136
514481
530265
499794
514755
500286
497404
490553
546243
479134
538473
544771
492468
525225
514534
530068
492422
551218
518529
519994
485568
499099
520024
538121
514108
487528
504200
546834
518294
549819
498356
545819
538448
508221
524950
492287
529897
521020
517833
538440
503265
478407
546179
539283
543253
533869
498308
492891
534870
524029
512629
487797
521988
491878
528281
525768
530151
486784
487508
549845
545104
496216
521587
534888
535842
496972
529140
531399
524862
479185
521557
483876
486781
540328
492532
548615
485577
552261
478445
496711
510905
481544
499167
480392
543074
548122
480468
550902
505768
550621
511433
497251
532277
529148
538456
547085
499132
499745
483921
495459
481566
526505
508673
499361
514508
479797
490277
525963
504088
544722
503901
550718
552535
528326
540866
528967
521880
507216
531332
540538
519338
505749
510889
551845
496974
511657
480399
533126
504184
526188
499904
493978
551761
510846
477947
488805
486761
546507
510918
510866
547011
535896
496870
535466
480022
515361
510869
543194
493808
521362
526484
537594
507722
485824
521055
533811
529419
491558
484590
551920
521410
547569
527394
479143
493937
491300
492595
498283
499118
496130
499842
511432
547037
491208
549852
513584
521458
540121
531325
550447
504235
506901
551813
502089
494648
539351
537550
511200
542863
529884
545193
543786
490258
518221
484385
542189
481542
546167
540773
552500
520840
551629
496112
486216
504319
535553
519065
510013
483908
504848
494081
535980
507494
496951
538474
528218
513264
482043
510711
495088
513659
479003
512677
540482
478432
546841
524616
548049
494682
493153
517699
502971
524894
513591
544362
548578
543082
543081
500063
540467
533703
534878
538454
551642
546467
480023
528105
546573
541141
540486
514462
507930
549778
539811
539003
540774
539429
511654
487355
495318
527396
525698
549779
546715
524073
511662
537191
549772
549844
550735
549792
504220
530586
507500
508706
523253
492873
486850
514952
481013
499762
506789
522299
533499
532024
531324
488219
531334
498106
499102
521151
481699
508718
514485
483406
505779
523656
498344
532984
517434
484779
512651
481637
546878
547687
511421
488187
520680
519023
497688
518048
506797
528338
534337
535612
532820
480960
524552
551689
528198
497682
519984
529726
529158
533038
511626
490248
501458
540395
508305
517510
530997
518537
490952
546156
529940
535598
496247
484721
540088
509876
528250
493187
480237
514655
537666
530639
517857
532321
532969
482741
479671
535866
544274
515381
486535
540393
513569
515541
531398
551643
538451
502624
544100
548822
546787
550751
524059
526321
513253
529991
507478
546717
550514
512659
494112
480049
501332
513574
517455
519183
533461
508703
529126
524044
552201
490265
494985
543229
539317
479082
479761
511585
496854
524628
500849
483421
492579
505755
540212
538460
535568
548015
509656
551127
511691
540105
505392
533458
505809
532903
482112
478426
489305
551226
482796
538507
544300
479169
492417
539231
532826
550861
479825
545771
508232
544982
513816
536984
482054
484437
502577
478990
496936
485525
498296
478429
540723
517748
479472
491798
546847
513664
496116
528307
478421
539076
515173
511625
514054
481927
543255
534881
552546
480349
520730
486788
507415
521872
499107
491142
490250
505794
520797
484525
503548
482989
539849
519005
481904
516695
550932
540129
552338
481581
481063
521453
544989
543960
518386
481490
540458
513342
492565
547921
516303
481488
504187
538452
549840
539350
497655
551605
482364
480627
484984
479783
519145
524961
506942
537301
518424
552327
506629
539008
536740
481037
488442
550553
508576
498430
479144
490263
549755
484973
540421
548845
494038
478941
548064
487890
486772
532923
499169
518738
540161
546844
503007
500082
478422
489367
516663
538476
533455
545151
483191
546201
488100
520540
514441
512710
505784
531331
518832
494023
545287
497058
546914
513756
543112
511770
494701
548081
500020
552158
507509
498274
480356
484400
502972
521586
533716
526508
499423
485773
513934
481545
503577
510021
550772
537397
537598
542801
500086
527401
532262
483960
521584
496122
525354
526161
513740
479139
483220
538447
506685
486792
545313
546158
492299
497776
513408
513566
525592
479738
541482
496714
509576
500812
528659
505751
518302
480542
506973
494737
526515
548613
480989
519194
504173
505780
546166
525721
531346
519581
482820
519952
507185
546153
483891
516709
507517
529708
518047
532594
526158
532471
512666
513519
533097
552517
548594
516697
537561
520600
484392
522240
529900
484885
507186
517544
516693
513219
548280
480146
496803
486848
529156
544507
537792
490752
520725
519975
511883
509813
524074
550594
497468
491292
521512
510702
531469
501280
494001
529174
517703
543168
532874
544477
513636
543185
552565
540461
492296
536597
511559
482767
534371
540934
529138
509627
533182
507506
503316
493158
493821
480265
477967
538464
517021
528187
479255
511133
482779
542866
533657
502576
527411
512683
511602
484458
546211
501475
494241
532892
547207
483365
490278
512717
549297
517228
540334
535594
485603
521408
486847
546181
524045
491360
528191
543224
509183
520686
516702
478015
521017
539341
508293
551223
495262
550142
482111
527409
502615
520035
508346
479834
484722
499090
537567
546157
548103
497258
527560
492006
510893
482067
493168
497071
481799
517653
512639
497727
502073
534914
532380
487800
514664
543283
487509
521385
504663
547925
487480
532234
514542
490449
535861
551405
529489
506861
492404
531337
488357
517704
485585
542186
547108
509663
520785
525872
508716
531952
501492
551600
514477
531329
482909
486938
514486
510428
508719
481004
