682048
640773
688684
642246
656302
648829
692958
677726
661233
658262
669217
683680
695222
681729
664051
679328
677661
677600
655036
644628
669743
660161
661786
655929
646084
632082
671971
691535
646944
693767
651615
673477
670037
655518
676663
662675
669204
654016
668370
662338
677653
682188
634280
654482
674715
643718
687235
637655
671853
682176
651778
638653
640661
643572
674701
668384
677641
673452
651702
651513
679268
634696
686850
696766
638149
677843
640685
661179
689151
683722
688173
644863
632494
685106
648426
644235
693920
688453
638912
665040
669213
676614
646683
630933
659794
654746
697310
661257
661181
644709
635462
686891
684528
646585
685462
664811
675633
684325
669156
695637
677852
682090
686482
645385
697652
640911
686893
684795
655218
647097
685541
682590
693866
685340
676403
651440
632667
681247
658486
652400
631301
691436
667862
645866
632860
644298
664568
695206
693454
660664
654496
681570
649289
632372
680272
638465
638434
687650
665757
655405
693322
661554
665923
675015
662989
648292
676764
694778
658018
635868
685032
667871
683632
634261
646173
691150
688066
681511
685947
653990
692161
646941
690125
693030
681577
673564
697614
637870
657412
665571
681415
642763
668997
660954
634079
697535
638185
694760
693447
673722
652016
681963
672943
636835
674976
664510
652823
632243
697270
658031
679677
671620
676417
630518
632006
630273
681074
643995
641112
669430
690445
631681
686430
684145
656431
643978
650861
664340
660339
663479
631678
672963
671390
656767
673254
659438
673282
683355
651025
647628
692436
684125
683136
663593
659446
633383
671472
671405
686139
640084
683478
684123
696325
631668
672214
677066
666300
666867
654298
667288
689662
656455
640387
647244
634214
637960
656843
689323
643984
655899
690517
664860
681981
668531
664270
639070
679116
678447
694151
641569
674119
654590
650929
661769
670215
657521
675538
661801
683937
667535
663982
671264
686556
664559
645951
648051
670813
648141
667584
667494
651142
689469
631173
644144
663757
645901
639661
638687
639250
675029
685996
654540
654605
652783
637415
638392
633387
643087
636450
679887
685732
681829
676594
634623
654526
675075
676444
671806
651360
687404
682364
685823
692888
638245
669610
672546
642855
638572
645864
630411
640481
678312
659404
675812
662900
630383
630270
653012
696815
653884
684925
688442
681934
649482
648027
642938
641319
659324
692112
664373
684426
677549
682815
634106
643511
643153
652512
642992
651081
643237
631544
653621
692639
670615
676191
685604
669922
667754
650156
671047
680170
670562
684650
637897
632619
658791
670529
680364
674064
630734
694625
659307
658467
634565
660636
672850
656187
641711
650233
640368
674014
673659
670521
674641
682428
637070
697685
674013
667100
656120
663575
655795
659531
640151
680486
667623
654319
673845
667314
687202
690446
690444
634013
686304
641150
674397
632341
671045
642271
643360
671509
649812
695932
683274
636945
659605
650498
630718
666718
659639
680322
671512
667931
692178
664938
658124
667096
636569
634836
641143
676183
678982
693056
633791
676373
650952
637826
692801
692471
640069
694622
671817
664972
646856
691933
660503
674302
644207
641752
666677
667330
686465
688315
654425
693922
661129
653761
653326
650789
655001
661086
677951
669849
634802
629714
642208
654107
681084
645710
640614
677808
696778
640787
644615
656243
632241
632833
648706
638576
641761
670431
659982
687788
660631
660132
696924
677574
677980
661339
652219
643628
633987
669360
674697
644837
644604
649537
657805
648442
654056
686805
675871
650606
651683
644657
631538
687405
639581
661048
687925
643850
657265
696728
650504
647562
687960
671052
688662
692989
668551
696527
639739
646831
634313
684692
657708
687468
687270
660278
677883
648917
686149
642120
642081
653072
658291
652531
648561
656671
655064
695641
669857
648315
665129
651663
652892
668286
636322
648569
674843
635434
663403
690044
653377
684702
632350
654358
653456
653324
652103
677623
693888
655149
639286
654947
690104
649450
667067
648662
674716
692908
660264
671785
677760
674389
696978
632865
667007
649310
677963
665198
684791
668917
691071
681862
631942
690790
676616
670699
652141
677614
664052
656606
691488
637860
658305
643634
694010
659209
640875
687922
674688
642685
633186
657470
690899
648261
673645
651522
696105
691798
695288
682929
664254
639035
632867
659013
684238
669006
679957
665056
665989
690072
629735
690071
690463
661242
644706
629787
667308
652224
655441
646895
671852
664978
677627
677903
687821
663721
670192
687450
679298
654507
644559
661266
693737
677568
658298
644619
677960
641815
691578
659826
638260
648972
652258
681393
673198
631831
650873
687791
654522
693876
629253
693197
666218
640860
660873
635447
681104
658554
649345
634918
659857
674734
660382
664979
639800
677725
639785
630499
640692
697134
651444
654708
676642
680851
693991
659851
679863
630794
634390
682924
681500
656261
674683
654402
635904
636704
675636
655000
629491
649331
658253
664006
691022
677949
666676
644695
671909
691567
695267
681730
629949
632648
668224
695391
690847
690094
635871
681737
632028
649206
673602
633686
674781
677742
674859
677640
632312
673760
664072
644707
661078
683823
632326
639073
653334
660169
673021
696016
644818
636983
661088
658855
637692
679811
652201
667271
676646
686670
694905
653604
667836
673017
641587
632742
639356
664741
681952
637598
677594
638261
651617
668369
693761
633177
629339
643623
677751
648461
666675
694899
681699
676848
635284
689076
697444
650982
665017
673030
648491
696876
685179
649021
696360
655109
687955
669993
661301
654907
691590
670967
682556
687272
687785
683377
632462
649008
629206
665778
643867
654490
683230
649391
631163
676890
670435
674691
647793
679077
683834
633181
658299
687797
681031
657260
661883
656171
696804
677715
668333
637224
659825
651328
661176
673056
681011
660910
661268
684428
631482
637944
685335
637141
694106
688501
648507
651185
630803
672780
637857
647392
665691
657257
683915
674709
687436
670134
664692
644669
654942
690277
655491
666770
691279
689073
663269
690815
693182
632468
682106
638569
687774
674579
669176
696593
638140
635206
651729
664989
631519
677827
654982
647732
650621
695243
664566
674648
681155
652246
696922
652381
675404
651870
671302
680021
651597
658942
648413
644601
640648
687596
638597
686429
641767
682930
658271
670080
690793
661083
630593
635811
695916
681381
661191
693328
641734
668352
649390
674588
696741
675747
659514
677598
644662
640802
674693
691048
677797
679490
674665
662999
677977
641521
631694
696051
647640
639832
632309
644602
648412
672779
691068
657259
693899
684164
673627
656583
641809
658020
696787
682089
693582
652187
643680
657252
638289
657483
629602
646227
680078
653073
667017
648521
655895
663229
681719
653164
671918
639830
655508
685915
670093
670099
660659
690040
644705
684323
644374
685283
674511
693964
660834
639007
677692
673006
663693
670042
654452
648161
680862
671646
648957
650712
692957
651883
650181
691186
631112
639387
677769
650656
658504
639062
689718
697803
695684
674719
661169
643587
659797
676675
660141
683391
692231
649168
660377
695378
697823
637405
682099
668001
658256
673867
658228
680829
649129
689148
668026
652129
649031
661070
690453
637616
667959
662679
666722
664982
686819
643899
692191
639287
647256
670085
657841
632331
650710
680983
664413
647930
670062
632303
665610
652178
691564
654838
665207
633616
667014
671883
644719
695644
665275
680083
661211
677639
631566
664567
665520
646374
687806
687476
668291
666055
677560
685062
696743
665202
632696
677736
676681
649001
659568
636709
673616
684456
686924
690489
651721
691525
695235
689672
644328
665484
668311
632236
629779
663305
653385
666590
631879
654539
684708
644375
690276
675133
681761
665086
673849
659253
677762
651665
682216
690029
657233
644751
686855
684854
650445
678133
650632
677838
649012
643639
668355
657246
671940
667221
674497
683851
670072
654955
694876
638706
677772
649035
638321
641579
677734
673739
668354
643658
644173
633765
655370
648450
657278
651677
684179
677972
671295
676645
655675
666591
665480
680999
688231
638387
657456
629637
665204
677643
695253
632522
644870
661456
687748
674724
647828
690937
693910
635473
631545
654175
665624
659988
643704
677916
661878
694168
662672
690807
691184
661189
633574
662654
690559
650831
681584
666063
661224
684835
654199
665034
634272
632407
658236
680103
668467
686801
651637
692926
692947
690217
690759
686885
687817
684828
691214
639865
691187
677944
648446
693639
676928
638592
640160
634139
660118
674834
675752
686822
695971
678880
673881
632852
697756
647651
668325
668326
691577
631439
630840
649341
633400
632342
632178
665491
677117
637977
665605
632805
670932
655903
634475
690791
674381
683850
678479
677705
686352
651757
674720
693304
674404
644592
632511
684638
655528
649374
662739
693366
633418
665057
649034
661154
658212
682393
657227
653076
670007
674882
654768
660151
697267
683806
691054
670240
640688
684402
659082
664968
666659
650725
638329
677589
629412
681327
696174
680082
658270
694203
639778
661286
639952
663739
661184
696045
690783
632705
637370
655181
682961
691327
664157
671972
651709
660138
659838
639050
647587
671206
671932
689371
646221
629741
697375
666726
658242
673171
647753
665277
670454
682096
670054
671548
693949
677654
676644
681399
675784
672175
664030
656572
662768
679589
653039
651750
671038
686679
692617
682144
648661
693643
676869
641541
638789
641777
657941
666157
655086
686879
649386
692946
677917
633598
642681
648660
661099
668887
664193
673811
641806
684661
681888
639253
644763
684760
644564
664983
665603
697943
684476
687072
665007
697954
644640
653065
658279
656587
654089
661217
651724
651342
685013
630555
642607
632325
693684
643683
638579
644676
676643
674695
651772
668321
641387
656372
659737
648177
632651
668896
669163
638575
677138
661322
658201
657216
691913
677740
689977
651621
670423
681264
667989
644600
632257
675238
660029
680603
651688
631563
696404
642679
675289
665039
651886
630223
676668
675199
673583
632107
665213
684172
661137
683941
644680
646855
693369
630321
655519
665029
674149
658005
657446
674678
696049
643650
690891
687863
647489
658220
635324
694911
661062
691554
695840
654983
647264
644865
658425
670234
688687
629634
686073
664676
651653
672782
675407
692849
694355
650665
668920
677301
630968
677817
638073
693172
677957
643685
689842
643693
635940
676843
696773
689082
634271
630554
629251
668293
657498
687933
677595
670530
670052
640886
688689
641756
630368
661251
638075
632819
693032
647575
664427
650630
641547
633066
677576
635826
657824
641926
690121
655489
672001
678877
652650
651675
660546
693740
664551
638216
644571
670226
654749
646130
673128
654951
683821
693943
684155
644764
651975
668357
670566
654184
673264
690197
640712
654636
637397
640743
647772
680850
661057
644191
642760
690811
668553
644845
638230
692909
694897
651631
665637
672355
693845
677273
674866
670048
642202
639205
691926
648546
675281
650625
648625
687674
681047
693939
661082
629212
672738
635467
690490
660905
671965
686316
689633
669021
664958
641618
657272
668337
634822
644340
677764
682207
635939
674788
644739
670182
668954
670185
691500
664389
632371
632318
639866
677844
638386
632382
677619
646042
651432
640919
662795
678856
677982
670421
652413
676647
684496
677676
697942
674183
693909
653612
673611
644727
670059
661290
642020
640725
641636
677631
658311
650696
687010
659855
637601
683020
682461
677660
667638
685064
648524
648074
650849
664872
668960
650815
651028
674706
656670
662263
630527
641808
648881
682599
639057
665656
666151
672787
657951
650638
677612
665558
688936
659712
683816
667002
643643
660983
635466
681696
637511
697719
658731
665051
635141
653954
653941
636183
658288
655240
683809
671865
668377
655928
673575
640817
658226
634800
679963
665557
640729
651877
674444
663847
662780
681024
690048
651719
674217
661423
660872
693774
679499
635903
673535
690082
643709
655487
675423
668316
647034
693958
636259
685153
648403
657954
687789
674206
696918
638832
637999
671920
687375
674048
633140
686148
677757
674862
665285
651159
630218
684214
636249
643676
671404
635013
639861
658003
632861
632899
663116
677336
660235
692920
691221
696792
680334
644794
677730
631387
677961
644427
632826
654971
664949
661452
642325
641766
644577
662693
674656
661876
680816
697471
636752
645324
671654
652684
651905
648189
647630
686825
629782
655484
648520
687058
688813
665632
640658
694090
690080
636702
679012
644597
681512
676658
661079
638232
644136
676622
642671
670997
677136
680339
676638
690012
685109
676636
655482
674764
678481
674427
687330
668472
663784
690026
666034
630311
688118
673593
664964
645184
665026
691599
662800
648975
632891
682137
680027
676892
664931
648229
694884
676697
687432
677752
687957
687473
638638
683803
632276
668468
664387
697265
650049
690013
653861
682573
641281
656666
635071
677994
687665
671998
677811
697488
652513
675167
638324
690063
661080
630293
634709
668300
686881
660306
647527
644715
690061
652173
689077
687807
676666
632886
649737
648986
661067
637121
668425
679258
665035
632691
641854
662796
693401
676749
696705
690814
649026
675707
677679
647780
655039
669000
648642
631887
651704
655044
665609
642339
647566
654754
644578
670559
690435
654517
673641
632853
677756
664992
668999
686853
686876
646375
629495
658200
674494
667946
667995
677948
653940
670159
654637
696740
684701
665016
637621
639505
636753
635810
694069
674705
654499
652197
638740
661308
677667
668392
654461
659233
697641
631437
678848
663538
637600
683874
668504
684227
638701
679333
638491
692905
640513
690204
686261
644590
636717
680896
664740
677666
671275
657482
648544
684454
672864
650684
657869
654924
665172
692271
658295
680904
646187
671055
661185
652649
665625
657459
640809
662944
632268
657877
674666
675995
637899
650057
673023
681522
672785
660570
655755
638619
680852
644748
664137
639077
669943
671524
650392
660021
690022
680853
665006
654342
649727
680533
677716
644639
645323
672783
660139
689195
655483
652027
645875
695050
632251
691049
688041
647549
673654
638176
680854
638381
690199
683127
665342
690889
661061
654638
658235
651727
632469
677818
653935
661229
632304
684676
669547
635441
680032
693971
658240
682091
639508
682925
695960
693918
654011
670459
648814
691516
685026
674896
668178
677636
685175
686840
680174
632444
644443
630783
676888
648512
662239
645828
691301
631740
664041
696258
680060
668380
690821
668374
675271
654962
661091
672365
680856
644812
651685
666236
651223
640748
645777
693908
657234
646050
632723
690079
652685
647944
668516
637450
641515
638070
661260
695207
687830
661333
660820
632647
670252
672786
685052
649544
696803
637526
685190
652529
660070
651915
677327
630308
651177
648494
651760
654191
653756
666729
658698
668911
671169
654986
635864
634923
688258
691029
676667
664513
693292
675601
654813
652271
686292
653077
688577
693675
647555
644292
665555
636421
696040
644661
639640
650733
668373
690665
690050
654444
641898
655401
644716
669613
644593
673628
659334
670653
643468
637816
642225
629091
690906
693951
630156
670035
687162
674741
654735
629753
640887
676068
694549
652433
665197
641819
668435
677923
634807
632044
666032
694184
665048
675291
655916
658848
648427
652199
691572
652448
658227
671192
641123
660864
670514
647563
680841
683184
637629
660116
677622
661058
636499
665708
685110
683824
681879
644633
644670
657478
658257
668383
668330
639947
652198
660650
688213
687569
644781
668922
664814
697113
632164
677347
643696
665191
652495
648517
641207
677223
644836
661416
692925
654058
655633
690914
679995
631374
655506
644638
684686
680870
632069
692949
649016
679964
677839
630358
669003
693326
648134
692973
674463
679363
668454
651819
665036
658272
691053
661751
663643
642746
635591
691356
674306
651722
673636
675283
687803
681061
644947
638726
644642
682081
661173
665654
681687
644656
690281
654687
662324
670058
681703
655915
684756
644717
651741
659978
646186
673623
649028
693498
676641
665118
638227
646073
684038
696747
652666
641913
669971
670083
694959
676273
641714
693193
685916
650629
670032
640440
657450
650826
639737
644659
657230
692943
691191
643697
658931
681483
638983
639072
651388
666732
662733
684827
664698
632327
677870
645327
697717
633623
661248
635073
647735
682593
644209
650631
661879
632072
658286
643689
653078
641357
684667
686867
630446
686899
654846
692904
677934
668365
676655
632892
641632
634796
658316
658363
677668
649520
664970
648476
637653
691174
646799
648747
693640
679859
691120
638348
681045
642666
667854
649796
632294
652230
647495
660381
658274
657549
639069
666094
696630
683752
659849
644234
658180
650635
690642
668788
690126
644827
632813
661235
644584
671104
667956
646497
644687
690989
644629
650055
661317
664232
673875
693638
635577
665628
640967
643178
661194
676679
683859
676756
659831
647652
682796
688554
644789
677041
655631
655155
659843
656173
674423
661073
686044
657837
644872
658218
655079
648039
691565
641784
667380
655040
686802
692917
672249
658379
697587
670730
635507
648557
647168
682208
681345
638228
635204
658304
648724
660285
682248
640327
630566
641305
654492
680063
661144
651769
647776
668518
648636
684846
686820
653933
690027
648418
647037
683815
668023
686189
641329
660688
677659
652667
674786
635912
686762
697914
647240
630045
663421
632298
674890
638072
686936
693886
689075
674872
687773
661183
693612
654881
670316
641404
658119
677335
671028
657243
687059
694121
660571
684651
695208
676670
686076
665211
695151
691395
651740
678475
673632
641745
662906
657302
644701
670211
674977
632313
674052
659179
661262
648473
648432
683793
650339
661156
677997
684694
635941
666731
631336
665679
639867
690705
677745
651496
685643
687779
684237
655800
677722
683820
689966
683807
677950
690075
692978
677642
638594
655019
671845
675153
635429
669757
632104
692934
685147
647610
694867
645769
657247
645013
673658
646122
639841
677719
665000
692941
661983
668349
644566
671026
670886
632308
689369
641488
681050
677693
665046
681859
695972
637390
655003
647792
648152
671565
643677
677116
634833
668379
679342
675467
665630
694906
697143
677699
665596
685837
655017
639034
660628
695181
629207
681193
660857
630312
651671
668065
689846
649017
682065
651196
694898
651344
665694
662715
656163
672378
690315
651745
651779
680847
630508
651732
635314
687053
668879
673179
654981
661379
684709
630509
657019
643918
648064
660365
644339
697339
633627
695930
649392
681876
663325
661111
634480
668549
646447
691064
662756
671172
681076
691211
693834
666114
697749
632057
651676
658089
666580
684516
660279
647690
673027
667473
684483
658377
661457
649667
647261
697833
692923
654892
657485
631025
664945
695152
638854
648492
636750
673321
644607
630162
693772
652259
662741
653936
658925
693685
680102
686659
697769
665181
690285
661117
677141
661884
643838
635287
644522
682192
671944
675589
654589
633427
651661
644735
642047
635035
681767
647595
651138
655494
663369
655187
683835
675997
653536
670979
656567
641209
686854
680649
682237
666755
668280
657454
681064
639009
657947
672360
656262
693702
671374
691185
684713
652854
680075
659164
660904
640219
677964
648808
667966
674777
671843
690670
662804
675034
648424
641550
643922
682937
632446
644936
670971
668902
651217
667382
675609
638161
640365
670060
677821
648991
662550
632216
667961
689074
693917
671870
695347
646089
654372
648454
656334
673671
650852
651291
652104
661453
680090
659124
655634
652798
676653
650642
654347
676639
697293
674290
651801
665581
648556
660367
691908
655164
631908
651404
665534
678879
694904
657165
654996
674405
630596
674685
695218
644759
649844
696797
692864
670197
693194
668319
670095
669347
686843
648948
694129
657953
642107
674458
671946
648145
663846
685172
661145
667309
646188
677713
648324
668441
665009
635179
661246
664750
655005
674729
638578
677908
666068
630573
648970
691079
693652
664789
630669
691181
648996
659736
637617
658198
633594
688030
683667
646148
676332
655071
696054
654673
677496
689143
685919
678230
640713
697612
634799
651809
653984
667016
697518
649470
654054
648236
654713
662144
669019
650534
632020
674356
646547
673777
671257
660955
688421
687054
668331
697718
661880
687873
690500
635276
682717
688850
629978
668509
644783
650077
629642
644364
635154
644544
684582
688771
665928
689796
679810
696180
691152
689135
639044
647228
692856
694638
643874
663387
651505
632208
651400
641617
650623
676874
664726
682168
632649
668029
651583
656351
639547
686833
687013
675465
695234
642210
652516
632802
631717
669598
652528
641138
687068
651373
650074
636657
681863
655408
668998
654800
632818
697216
652241
653496
674229
643292
681003
650998
660113
664129
673285
662323
688556
693154
662246
664255
635180
647765
687023
640351
661276
658342
659287
636807
641032
656140
642777
664202
636833
642326
649884
638959
671029
648603
686024
693636
635582
683389
636112
674416
675731
655505
681088
671604
642320
646054
640507
683832
664230
629337
676877
653813
637824
648936
632396
641634
664249
661328
681590
688557
669752
688513
693642
678301
684013
665231
649912
651605
674802
654716
694117
642207
673677
654212
668506
650879
679917
681129
690282
677171
664223
680110
654743
640997
653434
661507
657404
638330
692321
640987
635566
671250
668007
640514
629283
656624
683963
684739
672822
655330
682250
688177
673877
694110
656804
670676
668197
674051
637605
668503
688310
635347
637160
656250
679272
666696
661428
659300
662683
685307
637770
682160
647681
657814
668500
676944
631552
667667
652708
673642
646093
673959
633032
679237
690294
651627
631483
670674
648266
653161
651830
682965
654001
697264
675722
648903
636602
649907
647761
692212
667648
641478
636781
671977
651341
653865
637866
666769
672713
676695
656292
658334
666670
670023
647197
690213
629651
641517
658169
649865
648128
638926
649849
651418
673682
638541
643370
682184
682716
678757
695522
658341
695827
682235
671280
654531
685997
651290
673791
656743
675441
661418
647251
641837
681801
641862
659296
655121
675977
654204
690908
669282
641309
651705
636523
633172
687076
644802
671139
695213
669007
697489
630331
637618
635544
629638
681096
648290
670537
684459
655472
635138
687091
681080
639005
659298
644830
647214
680177
692203
682740
664147
653340
643051
654084
684334
630141
630615
687428
688933
677152
640652
697866
651797
630953
632043
632230
641518
635186
658781
693158
644808
631037
644465
690936
640790
683024
642212
639931
677915
693181
642197
638949
672812
656808
655471
644515
637767
693967
674032
637669
677383
667634
635521
631365
643903
682730
692939
632378
666700
671464
659540
654174
691004
666113
637846
657984
673051
654110
683602
660968
654720
669314
641687
632880
658976
678952
668978
654118
642829
657987
693144
695928
664608
668259
684474
669732
696839
692484
646664
635925
677193
673063
635344
651382
687586
649567
686425
638341
695487
638565
673240
635833
658381
639925
659619
634823
668579
671454
696949
663115
676205
681071
682132
687678
664053
631569
651865
663648
671484
633805
671125
664028
689362
668464
632526
695113
659747
654105
666059
632120
640961
658144
684044
648514
638340
645005
635250
688460
641503
650793
693644
668282
629920
653988
649830
633369
674807
662620
668990
663298
685816
641629
668972
639033
639916
667994
657455
660373
668008
685156
690667
653949
632402
651061
687070
696888
687935
637861
640873
654188
664043
643958
661325
654093
680877
635901
657448
687551
684546
643672
681189
687868
656813
668498
632890
648585
647778
638464
695266
650149
688303
680547
640367
692860
641501
690809
674509
668009
657496
673814
693347
642191
634155
683931
687035
638670
669498
663793
667220
664238
677962
681299
687562
633038
696474
682470
642291
687444
645233
631461
637829
688632
685747
683957
687865
681287
690261
662316
636084
634129
635285
689377
664247
690255
658059
650825
667036
690795
656038
656835
647015
652084
673882
658335
651034
692916
695300
641473
668281
676501
682994
648286
665650
629310
697234
655123
643841
691814
697020
656836
693340
694970
694082
664002
685140
644991
663251
685095
682890
657938
660362
684545
690836
646209
646597
650779
691571
680469
651374
682227
691205
632801
647693
663646
651041
668496
690135
649006
692671
643274
656350
664723
679873
682615
690172
653911
639001
688456
635814
632091
673318
646800
683294
639648
680084
652052
672371
629629
681056
683879
674549
690929
670729
689730
665300
696669
642322
691011
674009
695226
672665
629715
664920
673596
685752
668128
641277
629758
651629
630957
695230
697402
676395
635359
696587
642729
632682
642187
642860
630823
690260
665758
691855
684531
678948
654024
690702
695781
647091
659004
630459
688408
693051
674020
663592
671340
646486
652120
652776
644456
649696
635342
658506
636372
649592
669789
643868
692205
675663
673327
636879
646373
685308
696798
697596
657539
681365
659515
637154
632823
649145
659206
630041
685673
693535
682775
687506
676362
667825
656811
690905
639525
672475
635377
631105
636803
638328
633658
675211
694802
656160
697465
668494
641313
665649
679293
665444
643295
686059
662636
652397
691286
661758
691440
681137
659473
629693
630845
671820
686964
649617
653347
666536
638773
629625
633025
667356
685811
689226
672754
654835
646586
649562
683010
669037
681555
653144
645842
646584
649421
635393
686830
655688
636591
656913
670424
649185
682789
692188
651821
665502
682646
639985
662521
697929
651468
658908
675430
631372
650915
650539
653359
663263
633352
675657
631722
669207
639618
669775
667414
641139
635373
636792
646619
663744
630426
660828
656188
695033
697002
630366
688713
649425
652804
682371
640373
672643
681953
643104
678524
640218
690890
635354
660944
639579
635414
642982
649353
641316
695238
664817
642327
655658
634164
663066
637822
659145
631046
671899
646358
629697
657542
692027
635011
691208
642719
635394
638966
658988
696735
657253
636073
695865
644212
631296
670457
663765
658722
682632
665468
690685
646501
637282
635665
691995
669807
681272
681834
677237
634722
670629
677422
662688
675913
672701
691391
658025
644041
634839
695018
663426
633242
690496
697556
663282
687383
666584
695275
686269
685333
685169
635714
636595
650091
651189
684108
642324
669503
682071
657341
665733
640710
633442
681673
648618
658091
697422
651491
644994
633020
691690
634740
633013
659166
669637
633678
652701
669338
666443
658865
652985
690684
655952
645947
685632
690798
668798
664755
636486
630889
631941
688993
639548
687556
676279
692130
692132
639210
663123
652401
636658
659366
680493
692800
663108
697434
644424
649670
674188
635791
687605
643420
652822
672414
647577
692079
652951
640416
641375
690687
683904
647270
649130
685309
633474
631845
662604
641353
650943
650865
651250
691183
693558
683524
666519
639603
670738
667032
634981
652893
663124
690169
654831
646420
669532
672428
662710
662606
633744
663590
678825
648109
655095
697836
630678
674512
656102
647467
687149
681817
651256
682798
644213
649608
695268
651476
642604
633391
691176
646537
650037
641114
666681
682709
692313
637381
664325
681051
634374
636460
654834
630489
675052
634376
660410
679778
639571
689833
652228
688145
689185
696807
641841
663101
630404
692674
691128
636793
693446
645731
691313
674626
642648
690643
648718
651990
688082
656037
682724
671735
660680
649181
639621
644977
630342
665321
692111
690344
632239
665336
674245
660710
633602
688458
648143
681974
671734
649342
633422
653793
653033
673086
634718
642817
631397
682501
632061
656247
696784
672434
634445
636143
659061
697495
674394
657677
665690
676740
665273
640107
691287
678867
697130
654406
685464
659097
670541
694534
678800
657710
637708
659980
697917
674210
694337
676301
665274
690474
689025
673344
635252
640315
656934
679046
654577
656740
637076
689570
687257
666650
694365
654455
674279
693309
662468
642883
661956
634162
690925
672205
637248
683974
680300
659043
660466
683600
671442
630862
637234
689357
681224
659943
644042
677104
646461
638523
677110
666399
657078
661857
629537
660946
650276
654501
646684
667316
670412
690868
673248
661971
643758
696703
659472
682616
636616
633703
692591
651803
691957
655976
676548
696228
674094
658713
662440
686385
641199
634016
689420
666327
656006
669884
688488
647983
648944
654220
646088
671709
682500
629324
685768
633125
654350
679102
657650
640177
689773
687294
635239
631053
657104
642834
652110
689674
657732
656860
686413
666982
633682
675644
688777
680388
679736
677091
663301
670691
636113
690538
664667
642255
666698
666864
686335
673788
646172
696142
652099
636251
661913
669495
695581
660902
685619
633084
678731
681582
657052
690406
672217
683454
667217
670549
653502
676228
659692
683442
690422
672301
692087
688140
637438
686171
692705
663975
652124
672426
663778
672760
667108
668098
675961
664601
661976
643102
674328
692065
686188
676177
682674
670303
656443
697304
660815
637779
653405
683331
645626
661481
683302
682657
644134
659997
638108
670704
679049
652879
685447
671389
653882
645910
695843
679752
673009
675110
643694
650196
641129
637711
663650
693683
649349
660467
690238
630008
697022
661867
641572
669528
639354
631725
634229
641130
643385
675770
689804
673376
689441
660561
633979
675645
650064
687894
683968
631443
679808
696921
665753
688948
694756
652385
640275
634321
638425
653428
647257
663541
677536
696718
639625
633592
654613
653654
682695
654541
669880
683488
649994
652559
692547
652491
689560
688955
696423
665554
672829
686175
687255
684327
688055
650492
681282
680567
656854
640878
671625
687604
659496
642032
672288
676221
686196
639703
657073
666382
629992
660104
647223
684150
683976
634098
673029
693526
681409
692580
691264
679125
686239
686067
691041
653619
690880
663686
643251
652675
669642
631736
672927
646670
640216
659177
683444
630075
672362
683494
657089
672633
649546
652047
646967
675520
644416
688881
633549
633746
695071
674967
655669
647198
652942
650374
694871
671962
669901
645980
634841
643230
643372
638413
691492
676281
696268
638600
680741
649314
689567
667260
675884
663329
635813
639399
691863
650545
640144
660662
677503
681046
646960
692142
692722
631018
664801
637246
640883
629966
693143
673640
684529
663445
695083
671163
681563
653640
686349
690909
694387
663974
673025
683186
677134
630277
683224
673703
649356
632143
629405
693732
688888
650038
688766
678991
635157
675245
694222
694249
692899
638040
634961
653741
697536
656625
640116
638191
681656
641128
647082
657255
660092
649174
653390
683464
642804
673359
684900
671665
686063
640142
630790
683929
651089
636239
652875
654396
643497
678569
657596
694429
683332
653349
660337
687353
670695
631288
650305
675603
671465
672395
676211
656852
690674
691890
694467
647044
645955
691930
630838
686921
630076
647117
650287
677109
630636
650566
646969
677014
691560
690202
663581
653478
673779
660038
659637
684669
685505
690870
637161
654367
653274
690287
668079
665769
694757
649826
683451
693762
695712
654598
697151
675789
635145
682629
647972
641115
645330
696877
656840
648173
638076
681185
666228
638066
658111
646012
650306
666395
630079
660416
697978
660541
685819
693555
682953
631944
697683
678066
651091
683495
686000
659999
688527
671795
684288
689841
673201
653002
653366
692809
682006
690916
696308
674198
661040
679737
680803
688745
652968
657699
637984
640154
678445
689847
640286
686339
634125
664545
663722
649594
695096
656692
658513
693320
690577
684924
695700
643754
689010
678746
688022
659328
673308
673799
679081
647163
633145
660488
692223
675672
659944
659995
672087
684297
637990
637188
652029
636881
664937
689747
650342
667161
641684
697923
651183
652014
684226
687094
637255
641117
641865
669559
664626
694154
631047
696954
647799
660175
692091
687453
642025
671128
663314
657038
631324
641859
657725
671728
638825
655867
673368
676447
635095
630526
640246
661794
675855
672876
694040
695093
639682
655419
694511
634308
656108
655128
655136
690579
685853
680584
636511
672308
629151
642738
651554
629913
661791
645354
681126
675891
635420
649555
685615
695305
639653
640556
652902
642949
631905
655331
670733
673485
665283
640511
657547
679983
675896
677188
685506
635681
685822
642494
648127
643234
630298
638770
633588
636081
638212
652987
633465
663278
643002
666329
633421
663268
655191
642905
689042
666569
661409
689122
629336
695939
632749
638187
672318
663320
682853
639806
654863
642799
676481
659136
670086
653706
647154
667511
655311
639441
690845
680115
659178
691065
673965
680739
682121
630456
649652
690910
643064
658048
633457
696610
689271
657088
676515
679757
649738
694919
666537
639590
638200
658371
691973
689233
678099
635016
681973
656636
668105
632256
631926
688167
638588
642809
666849
670721
660024
648916
695759
692828
693240
642789
632504
651619
689203
678356
671355
695858
677543
655231
666814
668647
653668
667879
671776
674351
692676
687354
686539
651100
678087
667477
689748
678501
675381
679092
694176
689750
692743
692679
668672
670757
644230
641962
638122
655871
689795
678452
667440
661779
675691
678095
693373
680955
690548
644304
671740
634361
668658
643448
694240
670751
680636
670765
631781
667436
631106
667483
670809
644192
677135
687401
654477
640408
681411
689054
634409
668651
691377
647839
631854
657917
668731
664532
690594
687609
671764
659910
672510
690645
653834
645341
667874
674318
667437
667516
669256
680640
671667
667837
660766
637354
645939
690562
644197
679855
681915
673290
656980
645173
631095
654476
631793
671781
668817
655663
631162
652999
689692
669591
657853
631120
642013
667496
670790
693491
657700
667577
641119
673340
643400
644159
648339
693095
687412
634379
663750
681408
647657
671743
697393
671614
683538
635081
629493
650188
657020
645224
651946
653273
667475
669579
688787
653707
659035
667485
693553
690171
671738
690709
639514
634300
654546
689778
696243
660052
684829
633023
648163
677877
693149
679468
637086
675599
696346
631526
638483
636315
653157
652384
686732
667731
695664
634564
651530
664815
646159
682758
651588
655806
653815
643318
672921
672470
665924
672809
687979
663062
649147
639254
672246
676039
651298
664892
661715
660986
680348
641363
669830
648138
668859
649483
684836
661412
681638
675254
696148
634286
639012
672672
675768
692166
658121
685651
666712
634511
641853
635504
686884
647582
667725
676007
631539
669312
688804
639942
659284
639693
640579
655302
679886
635686
696615
634558
641491
633123
695993
673456
689931
680716
667499
692862
680131
687591
634330
668043
697588
664870
686790
653437
629256
632992
647830
674958
679902
663540
696397
633500
678321
646298
651483
638797
633687
676778
672460
633254
634606
664257
675792
629974
633570
663143
638338
656509
692302
669623
663925
652746
667982
675272
690871
681682
682686
676561
669825
670743
689171
637531
663164
658128
682734
669703
656658
649661
655656
648786
648368
659114
661963
649714
688426
686700
676464
691362
658278
666065
670517
656856
670166
642920
632593
690894
680373
643443
672905
636758
637521
669167
656046
640023
650668
636587
684105
651738
689050
631522
697504
635300
648093
688298
673533
679553
646681
672559
648342
684860
681012
657864
660014
689491
630337
629948
636400
675437
654061
652390
683704
646725
695717
631898
651911
686759
655741
655059
670939
685117
693784
646808
670906
686478
669397
692330
677101
646533
687671
666414
692143
663069
649497
669902
642038
697631
649189
675862
648595
652816
674440
670896
686693
633281
635453
692823
696002
641599
638713
672137
673194
644480
672247
653080
670167
654103
651405
663848
676798
697575
673999
653858
656463
636273
636814
642811
693064
643225
657807
669733
639570
677393
676599
659306
673507
692066
656676
692812
632520
658130
663905
657730
649578
674748
692140
674536
652988
672147
683700
688651
656299
633721
649973
688769
642846
686664
630078
695322
676506
682639
665952
674438
672793
654859
663915
658709
688565
646343
660924
652863
658350
666481
680369
630727
634569
639209
640551
638476
682676
663879
688782
641858
685531
650526
669873
682455
638470
639587
653187
648105
673572
657452
650572
655679
689918
660877
642280
644799
634596
656728
660990
659111
629944
692340
662904
648015
660050
630639
692134
633436
645738
693789
663889
648165
684447
688120
682353
657130
651420
688929
654832
663397
664131
657161
678724
646888
646304
643796
639204
697790
662924
672571
659134
677481
663942
674465
643574
659901
672135
674767
682759
668800
655504
655943
679337
641674
633130
675439
697553
662255
647422
652899
679931
653818
663169
696152
655134
652113
691716
636896
659400
663152
683901
659041
639733
662396
681607
662284
695139
659073
685325
685802
659065
684515
673537
685638
642838
652866
674993
682722
693957
635275
636124
642238
654737
632192
664842
671867
657141
678921
692353
649270
679605
680746
652818
642146
658816
685705
663259
638717
630057
691892
658348
685735
694474
643790
642836
667101
634816
631275
668785
655822
666480
642750
675801
673911
646861
658222
685851
660574
689943
654109
643344
631961
657095
659058
638347
636605
689995
681553
649529
658168
629525
668426
632532
697787
634610
686755
632219
683761
630598
646430
649564
690173
668852
665417
692020
633503
660579
692095
652557
692953
643144
639198
657793
690214
642565
661280
648571
649609
672257
634572
656056
696222
633470
636458
658248
655630
685303
675222
677531
656388
676216
693052
695025
694914
659149
695727
642859
679494
679667
638174
659108
659009
660017
632467
666993
695893
687975
670569
682893
652612
631250
680981
651535
653278
639928
657884
688785
655793
644445
650412
678552
666129
632337
641592
684471
629915
695510
695497
649154
677464
635587
634753
667781
671272
669337
663579
635305
648849
691718
633402
640636
687973
638500
691836
651450
660342
694618
682356
643927
639643
664727
636492
642505
633011
654554
668182
631117
682367
634614
690351
696844
692803
676887
630396
674135
687923
653298
697276
650791
685344
697655
660000
674569
685911
632212
688625
645264
656303
688830
697650
679925
692409
672835
681640
695848
636547
692180
643065
690312
647110
648326
672359
670122
657072
661378
656062
654048
671966
639334
649606
664439
666203
685738
647406
639677
652412
641062
633498
632443
683753
637557
656946
677909
651534
654876
688851
655111
640643
681832
656101
630414
694973
656268
640818
646299
660147
650666
695892
636650
633048
630545
647697
629960
681614
692099
637474
688947
660067
637739
695517
670172
635536
663067
695883
659064
689989
659199
679585
659484
642781
640597
635320
643046
663257
653823
666440
682933
646529
675764
679939
636533
641661
696944
645421
673968
636537
683717
636555
668260
635029
649615
630315
631256
675984
680162
695648
658737
689358
657016
670711
648655
643241
664481
639573
670596
671352
685422
686718
632186
651810
681105
668137
673444
695890
662875
672334
639469
649809
644431
629429
648274
649583
695703
637815
652820
669235
668185
659131
693229
635101
629996
677202
652868
697786
679870
651908
684883
642766
650157
638915
637209
648350
681545
675403
653868
670858
658416
655794
658743
668161
666454
668512
676817
689380
633725
658359
690010
691899
695770
692854
672539
630666
636093
690008
693792
650851
696320
658354
633852
633877
678053
636498
663993
668866
637800
663230
688454
666374
682567
669317
656421
644116
654795
657152
672533
663937
675853
668163
659294
687812
687685
646607
641083
688784
686958
663273
650106
672096
637529
661007
670520
654734
669640
666619
682333
643695
693829
666888
666130
664859
644430
655777
634673
675428
649441
630721
653853
696315
666540
665141
682220
692502
632599
644457
648741
638481
668659
693077
649580
663190
679508
635506
663084
643616
642615
653971
655156
658349
657146
655797
694621
697474
630657
661018
658718
649834
633275
649662
672638
668558
663872
689973
643593
658740
646987
662150
668530
630371
637902
653255
680792
666857
662916
646685
652729
659929
643059
673563
672094
647450
667746
630394
652763
668059
649516
667106
671284
672290
686006
641609
643548
676488
694064
632199
646627
679594
686010
675607
633204
676868
674747
697855
692497
672401
674790
680703
676546
675798
650574
671914
655465
655085
639435
691117
690001
648334
697015
673753
668608
639572
647182
668766
658981
641516
680217
675510
635332
631851
633454
639490
633034
643032
681509
651075
666505
659505
668753
676178
674493
681701
668604
643564
646716
641282
635149
669864
654853
674611
639451
680144
653024
665135
633481
657277
676018
680777
671337
679692
646764
636440
655998
659168
663015
689780
658712
663222
662874
667779
692198
665680
675616
637466
655994
631535
668111
651888
673341
669667
630655
666842
691687
668110
679696
635008
691689
641577
678382
649576
669320
659502
681040
629986
652592
684414
653699
636444
679676
648586
630748
680338
676851
630820
685703
647851
634616
631458
642886
633789
688551
662262
672113
685441
648547
671160
686276
642835
647429
634783
683214
637590
646851
672351
692956
650833
672567
656699
690960
649742
697639
692376
689991
671359
656229
646727
629722
677858
639332
644550
648576
680260
653503
634773
689603
679616
691476
690254
653809
663157
690978
669461
696688
687042
636155
642531
640942
643312
636780
690974
691019
668968
632717
681514
655825
635489
644507
653998
664113
672160
633806
677017
670128
686364
690241
630850
647105
684926
654111
658780
669378
696791
652070
650891
686460
693606
654131
650686
654886
648372
655709
638811
659497
639854
637047
691031
670484
683623
667011
681474
676816
675487
675135
674826
632228
642336
658783
652499
644434
662939
688084
644291
689210
672267
646142
671073
696967
693108
664328
632048
656376
696547
687129
681027
661382
651283
640290
648244
667998
674762
692585
664176
685381
696318
676601
674435
666692
631554
656019
644014
637106
636831
655076
665777
674470
696964
685399
675956
667424
631553
656777
671903
660329
661089
666102
663377
670364
668455
633090
683542
675070
670151
666785
662962
655093
647266
672158
681681
675482
671217
689676
668306
644378
690639
653511
674558
692520
684620
688498
690291
639907
641510
668207
680218
650783
647667
647789
637461
672776
664809
680317
662976
655765
639905
680054
695277
666005
683189
682404
695048
689954
638357
664971
636326
679246
672225
692266
665974
642153
691812
658799
635333
641700
655760
670538
637749
670626
635357
632657
665182
680579
637036
651994
669425
675671
671310
683027
652441
630965
684818
669380
647250
680420
659092
654727
697755
633711
693755
670572
640996
659588
665087
692647
683870
679109
652438
682398
682429
684002
665998
650414
670463
681101
687660
667403
664240
630081
635890
651914
667398
689473
673836
634775
656315
668966
674607
660890
687948
630708
675473
643244
680355
667429
630082
690118
681485
663342
641814
645392
655757
676844
680449
650274
676837
630866
646846
651555
684603
631705
653508
680997
666101
647079
653589
682849
697905
664869
660309
673578
647786
647859
680402
688517
644776
694026
649504
643875
649970
666758
657489
634143
630025
673115
654896
660299
661693
697654
656464
681704
662994
684162
654410
633882
635225
685387
671258
635550
687558
637139
652427
681657
693620
676902
674395
632080
635328
652476
659730
650230
685360
648397
652465
660534
690777
648398
685924
671240
669395
680478
638996
671274
680553
680924
658442
691816
630018
696375
635593
655740
697950
637631
653396
664923
647752
642535
637784
697926
648810
676190
646390
665343
646893
680582
649705
693097
636789
664253
652553
647815
644287
681679
658774
690251
660568
681572
691800
696356
635477
689639
682839
693659
672187
669418
673156
643729
669413
663983
665724
696301
633117
667539
680519
664226
683997
690297
686356
682412
648249
682422
681034
654361
630637
693136
684461
682847
668521
683353
680961
636243
653168
629690
672199
689063
667948
680183
631486
675137
675475
632074
668264
686072
682416
637229
664321
660471
673676
643220
667932
644351
634152
643108
696853
664705
641144
665972
661039
684850
655148
659339
654170
676845
652466
633091
654163
666859
693824
649235
664867
664905
636788
673838
636149
652490
677314
640181
650756
666000
690501
671516
680295
662969
656313
668084
674595
686979
636958
658115
683251
650161
689916
696883
662964
687734
691444
676822
647093
659596
635274
686069
686502
679558
653408
681507
646405
670920
696607
696927
633207
668249
680529
654918
652458
636222
640933
651356
657971
640136
680578
634772
659676
662971
690966
643361
640770
668438
677178
663534
635399
665722
669388
654344
636839
668246
655734
638636
655522
642234
681081
646932
652153
648609
693099
630844
630023
657295
666687
645613
659947
693810
669352
639954
629681
686031
679547
639313
642284
640950
651613
663869
631223
637150
688500
640171
677487
630021
669386
654120
654327
695964
687857
638667
654417
681226
684299
682408
689582
697737
643924
668261
655761
632449
674640
632643
662722
660302
634074
676889
673932
634001
673901
638315
690604
637130
658343
639913
697482
664136
677465
661316
669357
677313
647861
676000
680325
691298
637186
690808
652511
637090
662965
684742
685384
673367
631565
679559
644124
696525
646139
637752
638540
634080
646161
691170
677307
683256
691799
695318
665505
682484
642520
630028
691792
676171
687298
663878
694490
668741
685374
685418
636160
636695
675214
689375
691786
670554
673228
674432
634555
672201
631402
696868
690264
690557
635325
637709
659278
643726
641127
667971
691842
645832
688529
635160
661012
686264
653118
637045
639318
664884
685373
696408
633906
670682
651331
656651
637114
664858
659579
691695
695310
638430
639956
696894
646399
650770
680513
655747
659548
637102
670132
678954
646412
686487
664441
654158
641073
677451
649949
632041
659644
651587
682856
664868
676223
630864
648588
666097
651567
670006
634774
640343
643494
674600
656254
640937
639305
635479
673829
632456
646386
675502
687612
657436
682915
673778
632427
639742
664888
640296
648581
634006
664114
663378
633944
672169
651378
689062
658785
657417
650773
681629
658983
676926
695575
637806
647160
696478
666713
667979
658784
638007
650165
637135
693323
642540
697649
641465
646940
668597
648385
684433
666007
665993
682846
644815
674112
653652
671329
686968
654848
664694
671230
644505
692370
695225
642258
650748
650310
632644
659498
673409
692315
680719
662711
691773
656619
673787
671474
658177
651484
637975
638493
662966
668270
667376
647999
684234
690628
640345
682402
635823
656850
632694
640348
693119
680408
672241
681752
697150
685983
657963
668025
635497
655731
656482
657469
663597
684690
696331
640424
632204
650812
682108
682978
646906
693058
639349
641484
638502
668493
694030
640670
631319
643379
672828
646398
654000
659495
636957
645311
668120
687820
682432
692307
689629
637814
657423
675131
630857
664225
647481
696190
683034
667981
681645
657294
660318
655748
644567
644288
682139
677107
686342
682405
659608
652536
685112
673046
686219
639473
673835
693563
649317
672196
650906
688289
692792
651412
637916
660295
679555
643227
677492
670927
672226
655730
671308
670481
673400
645329
693116
680988
647016
647921
697140
684602
632364
690296
638988
673824
692468
687744
635413
667680
656737
629351
681488
672234
688495
638011
672185
672769
630891
648541
666009
665662
683379
642925
693189
670455
664198
663815
642122
667562
684577
686488
636238
687061
670633
689536
672165
695567
688482
660461
653806
656604
636891
692494
636150
677308
655435
697476
680182
666003
659591
686934
691164
647909
637004
657401
634787
655724
682410
639341
650140
685372
668439
692267
646401
681774
643811
634795
654309
640850
676709
672842
689108
643728
649210
668292
687544
639273
634824
669390
691131
647200
656420
654887
649242
637819
643012
675933
666799
696041
676160
650685
636818
691787
685438
666001
690987
647514
632172
675479
647857
657681
652425
695534
672260
687078
690208
636890
684016
692064
650441
670954
637734
689194
696893
685978
642259
635492
697698
673673
632267
652480
669382
690237
664733
666133
662961
682907
661311
675509
685375
632254
660379
651516
643921
645607
655783
632234
654115
651068
696037
693063
679548
694034
667003
680980
657464
654594
654113
657643
683720
665980
637777
635165
665485
683987
643016
655737
632086
649552
668100
690647
682974
635042
652473
659745
637927
675954
667179
689840
641667
689140
632160
686980
690192
670194
637214
646424
687538
639295
631527
650838
631230
639314
679556
685908
631750
660185
633997
673770
689118
688531
683350
633092
684113
676858
636742
635338
636176
668090
693809
687303
631987
658174
693161
643054
682411
686157
680454
637657
673181
684435
647664
676001
642236
692159
647720
681013
677868
679987
666021
667070
683228
633118
640161
640845
674634
664898
664106
637811
633148
695560
666083
643124
680397
650820
648213
697507
654291
648240
693217
633083
671309
666889
692891
690244
663904
696434
691762
686516
694556
666695
633096
635516
686307
685389
666017
648347
667739
653059
664850
689189
648361
637451
696277
649876
695554
669381
633834
696374
649213
630026
656730
640235
684590
680297
631520
682997
669407
687731
691512
635363
673844
634779
671278
673224
674294
649777
696932
649899
671074
686621
650797
643814
673250
694053
644100
646397
634777
644516
652527
641018
687171
654062
690980
667351
653185
646404
686410
683248
682215
648363
633101
683187
655728
666011
695600
679617
646368
674784
677321
697762
683403
662740
664203
654070
647748
685396
654126
685401
697562
650126
653150
687421
637732
656036
664251
652428
654125
693722
677394
688172
684045
665049
654142
637098
664246
642022
635132
653062
667951
667936
666106
632265
662953
685370
651917
696856
654112
632222
673769
692575
688932
636193
661877
632358
676907
637804
641203
647661
646393
677480
697729
655727
679546
655739
639342
632784
689706
693291
675556
655054
686903
658586
691083
663626
646905
660308
632389
671235
676184
631529
650293
639296
652457
666781
658789
661014
679580
689061
673856
640562
629752
693833
696947
674433
691135
663240
632440
656747
662974
660275
630806
687045
671480
653232
630930
688522
636850
696793
652549
691764
687541
655733
687728
631405
630583
647708
697677
655759
655225
689443
637471
656614
679564
641031
653778
671214
653566
684436
686699
689397
659288
641676
690111
661275
641696
634393
638979
681853
684001
636162
658149
631531
637803
671263
680511
670030
649247
669022
661015
684213
681015
676078
659524
660345
680116
693849
647211
632404
655744
668230
632121
676794
633762
680499
688984
689192
677897
653186
695599
647784
664181
690235
637011
647220
692327
647192
634521
631248
664206
644417
653393
641659
633569
663289
654559
668232
639002
659913
642539
642926
688475
641205
660273
636785
653300
687030
634664
660269
690193
676176
683079
632761
658776
640584
660436
693966
672975
652460
686519
633088
687579
675484
652489
676820
684525
656981
648429
655527
646453
687077
661016
687399
652459
671437
688562
646848
681495
659577
689476
673189
680351
653400
691793
658769
681772
646389
651115
683999
654329
647215
654699
694254
681497
641672
637859
690307
660005
697752
647366
693312
664205
681580
653387
697003
632220
642151
695578
696931
647758
666336
695005
643912
659325
650754
697692
648590
672190
633100
683624
658766
644356
688518
676298
646370
653356
671562
651802
685105
640992
693658
674662
650745
686117
