57097
29788
39980
8752
68525
48110
76743
35420
60142
41386
34525
24799
50980
49160
51268
83716
5600
69518
7430
10215
6762
74243
70435
11504
58903
43428
71363
31291
48556
4944
41636
80954
77032
56202
77464
84809
36610
8635
80071
49146
15313
5249
10650
40463
18671
62661
25407
7281
21970
48152
79217
20415
71085
24047
30265
31767
67055
67082
50129
16676
78163
41705
52266
27044
81117
27069
16022
34271
42265
80161
56365
78054
59132
56856
46787
46385
20904
26141
63325
70370
58812
34437
46961
14189
71500
41665
69131
81273
10424
35392
22000
68397
24832
55469
71276
76283
82467
37328
55230
28825
22710
17992
62160
59974
9209
10210
86649
42962
7707
49011
10010
9771
3271
28457
72279
29231
40784
50624
82338
56090
56808
64067
9803
49924
66268
3441
64333
73652
86575
39477
14823
84780
6106
34263
64809
52422
82138
67145
32683
56616
76849
46925
74358
59942
34511
38715
65332
73051
4308
81168
15732
25187
80748
15730
43490
86933
63889
27078
17677
66033
16367
61306
84088
75008
31112
31216
16441
82645
83749
78641
46414
3856
7758
29417
2687
20407
72483
78211
38192
9159
33751
68509
23128
20842
59084
66702
16956
56114
12118
24540
8625
16901
6153
71136
48411
61167
64901
51328
55432
5969
86833
79555
73380
35090
27588
40631
28166
66787
83747
25430
46985
46846
27735
21337
72552
63129
65169
38908
33816
78184
7335
21948
26883
48770
85633
59779
67386
36811
20634
57238
2742
42542
71985
46094
45083
39823
71401
85092
77317
14179
75993
77478
19073
56257
72126
75485
27529
27500
63838
86586
70677
42532
42774
55367
81012
61050
27594
71869
44782
84843
35443
32033
49043
33745
31313
31217
64297
51970
10744
27497
23593
27006
52424
30434
58907
70428
63677
27433
22707
70471
63284
2501
55664
48196
19671
54972
49000
49139
76018
86192
18132
6565
84904
6566
19292
44204
35678
45770
44224
20627
85232
18973
86624
81119
27847
36987
74911
34036
8063
59167
27047
86002
86373
84569
39501
76082
23018
79165
67607
15698
34926
51825
25990
11053
43565
44760
38111
19108
49969
47008
37995
67969
65318
34973
38433
26931
65377
23913
58013
52647
46298
46407
43635
71458
81127
14458
25962
13453
10412
26946
72973
18950
32061
14985
73120
7971
31871
84925
59768
63634
45790
20995
35423
78229
40001
22024
81254
70023
55463
21661
33799
34707
65789
72409
2472
62113
12225
15303
66902
17036
66906
53812
67972
62741
22176
61051
7277
52336
7667
48055
24810
78050
43106
26922
5094
42243
38995
30002
68971
51586
5959
76829
37038
71508
11523
62109
49914
34291
53811
27167
31502
66141
61887
11350
31772
19425
18126
36854
44958
66910
79709
48270
85478
51277
56219
76051
28343
45750
19463
36622
11897
59579
11324
46292
48883
21098
64641
37043
58370
86396
57999
2532
73435
61875
9259
31640
34708
49047
41272
79753
10972
62411
18165
69989
51265
73055
29227
33897
70410
70457
35664
71822
64327
52946
3969
52852
7585
52994
26536
49809
63865
7837
6778
10955
45076
81149
7762
71868
74614
19693
70710
81270
11158
5970
20857
14828
53120
44233
14076
30162
69553
76709
29099
63297
14572
73094
29957
58040
72142
58512
47823
30757
49005
19076
78223
40889
72103
15876
62648
67244
70341
84210
49720
49018
35091
51517
21429
27418
40153
24248
62731
6293
22422
3989
71158
20528
36777
16213
43492
62342
75308
23469
56789
68669
42080
81302
78470
49412
28201
6102
58819
52730
5053
64063
32036
10249
8623
31860
42623
10289
2847
18154
77477
76693
18908
59807
68498
80458
14735
6788
42630
64295
63878
55723
32423
43643
9253
73085
77633
53555
10400
46068
69122
24874
25170
40319
48015
78649
43407
32756
58869
32003
70745
23664
62946
53815
51010
47029
39202
71968
56297
13365
64838
82331
34755
4697
30083
37008
79692
18170
64813
56104
84818
51379
18579
82706
22550
86498
64836
44832
71424
49326
25913
67306
18145
74494
78150
13928
85869
16571
9834
5741
49414
81816
7917
64242
23891
72677
32929
5861
59142
23574
83786
77711
19216
3911
30431
33888
51274
63866
34906
78176
42060
62808
39752
52913
71114
67675
86197
16335
33750
78287
24823
80960
84696
55885
63341
39771
58624
72836
63864
34251
76435
84721
49442
66185
29245
28679
27498
75042
48563
61691
41648
21414
27325
28466
41582
67326
43093
40152
85597
31836
85491
48885
58319
45049
73840
55236
3912
72435
79965
74898
5896
38713
75166
27187
86636
56837
25476
73595
30778
8342
68763
70228
38751
34433
75448
10198
54934
45117
51428
27765
85593
3921
66618
76428
37278
52733
77655
36595
50618
30296
33297
32501
44756
18725
61416
35491
30866
75839
20162
72143
27151
13375
27698
9076
18966
64356
39388
38240
77334
34439
83872
47815
34258
46914
33249
27762
56180
43709
11737
55297
45973
45995
52629
82720
72486
44158
85489
63559
54984
80746
6417
34616
69965
28189
14605
24626
28488
53448
70716
73390
15880
60543
10753
73954
13801
74941
49920
18744
61236
78667
74672
11476
62476
49151
86155
59136
44770
64775
22170
61038
2912
41946
13876
60042
5659
24439
37506
79149
13814
11620
6550
61552
31671
4645
67753
28129
11959
9266
43323
69232
15090
60325
47636
9576
67263
10995
59393
81688
15904
77696
12091
36604
52026
46822
35125
84803
53547
9769
30921
71565
57031
8360
81638
50406
56128
27429
23965
81630
57418
45090
67147
45393
73167
76077
38603
25255
25373
57818
59426
68200
66723
80839
8197
18256
61663
15168
31648
85496
45485
82230
24663
66362
48854
16147
67930
81586
58135
69930
32619
74086
60757
55480
6371
32663
73399
17473
82838
82264
41329
24037
17891
53551
33701
13805
22235
34025
86497
19912
84296
12246
49170
64459
75605
6583
64573
34145
75288
44436
66272
14537
13926
30996
7411
41904
14702
21766
60470
80026
30658
16348
52335
64403
49918
65358
86366
52320
21313
82435
58890
37148
43521
28133
75594
4440
17886
76351
70352
75013
43444
28306
11790
65131
33658
15216
44875
3277
7527
31997
63587
10052
65756
33295
75623
59376
56909
47269
32623
37948
21955
9174
64721
45697
27446
8140
86926
41963
11752
3881
46583
23016
84383
44956
69730
59535
8928
37403
6531
12101
17913
53540
58711
51089
81268
79101
85940
46793
52481
69791
40964
36500
58100
76639
22731
70752
19863
70550
78175
17658
19656
60419
81775
20319
36118
58830
42272
33946
64903
64767
49528
67699
81124
25456
34771
27388
53358
8791
17529
80930
5632
16342
4495
41542
7974
80957
27465
12366
22703
84215
15085
84743
56263
82605
76306
24274
67943
38267
53264
20514
43163
38045
22969
57840
77543
41441
63727
2559
41679
74651
84795
73062
76583
16064
23746
37051
78703
21803
64726
58156
46264
27713
75805
73523
38714
11472
19842
78697
65127
25695
17678
34806
58861
67329
20505
44431
41564
11650
16831
38011
76334
51966
16368
46852
79144
3063
34992
15215
16610
24725
30390
48952
59943
51956
34039
14995
45248
68058
28385
18861
74799
58320
11577
77787
84316
62137
51700
72517
10673
22442
37824
74121
37015
79940
5923
59676
45411
45413
85247
26881
8460
7291
4911
82425
9676
44108
53662
48079
9388
74706
80925
11060
14739
37420
84846
17725
55906
19658
5967
14195
67631
30552
6424
62907
11934
74195
70534
27154
17715
25678
52731
4887
30748
41167
28655
41413
58133
44591
10773
56734
58458
13957
56126
65354
40624
45246
45954
21732
79114
55646
10657
27046
75939
29190
84235
77927
32424
49877
8379
72971
32450
41341
53428
74070
30847
17764
6174
15180
12373
29793
15056
70369
23264
74586
63286
38418
41439
35445
53399
11136
24957
86128
55967
67713
70227
58530
72098
78700
64705
33950
32527
54908
21103
6192
47330
45316
11724
33462
9109
24953
11645
40515
16289
29862
56081
7218
61014
7594
52726
61756
29964
79712
68464
4109
31872
64103
68073
8378
38290
64016
8328
63609
8440
71991
3527
61824
25432
50603
22601
68035
25572
73768
38408
42087
16736
19915
7237
21872
78702
71042
35095
13325
6658
5818
71387
31620
16884
4482
52246
79840
76343
59370
33074
49509
29561
78993
70317
30918
36096
68209
45367
45988
35343
19102
11646
13166
15107
36763
22198
79086
18755
20390
43249
85943
47831
25114
15342
34290
5602
17294
30725
62887
36268
9696
6747
7982
77081
66788
23409
21555
54923
83390
79503
22702
53327
32433
19107
49185
80949
57193
71635
71819
70149
84508
43719
80852
5581
65913
25431
17911
58023
14727
65816
49052
81926
72149
58618
2696
70625
34904
52543
47531
79162
3955
7904
50564
85906
67229
51332
10061
8624
82801
11502
9179
40980
49213
58440
43614
46788
60516
82507
35643
34427
82218
38167
52988
7181
37196
70182
15428
11479
49775
6707
78698
86156
69949
17599
74759
37268
24442
79210
59420
14592
68337
53063
21802
31835
76617
16861
52289
14819
67568
38050
42715
54450
49645
35626
18268
8324
52021
11793
25230
59708
74502
82656
68234
9007
24445
29447
15141
76585
31111
53550
60978
49177
3380
46838
34894
61977
29706
56878
32210
30744
6146
30567
78668
10728
21064
68285
3319
6009
55491
61787
70045
3181
27853
4040
38699
46189
60515
9787
23089
24794
15585
82352
17513
63883
15709
75484
38325
50725
2839
34800
23141
51727
75344
74603
21239
24969
55806
63627
73075
47788
75992
26365
43085
64535
75049
56700
2840
44017
17693
21206
34026
8249
36729
31142
66262
18599
40831
3460
72531
56258
21728
37790
20155
16446
50731
56078
47230
3850
41749
24154
78865
5819
49900
32170
22155
54997
41580
25108
30060
79090
27026
4317
64504
84639
16739
55627
75756
3309
42584
68911
83951
10626
68854
5668
19170
28295
39897
25402
27117
53066
82109
38839
52630
32456
63935
21502
78232
10019
34357
61421
46056
71141
24172
9582
19446
19090
58148
83149
15960
70798
74447
61145
8414
19380
14715
2579
33307
19054
33419
72420
82073
10414
37075
71095
60222
18515
63962
68312
10971
77882
33665
81334
70131
84832
3260
37728
21278
9260
67069
20885
5448
63589
70193
14217
66732
71511
52709
63817
64027
57172
81180
43552
45845
52762
68883
34384
78194
30260
70183
72818
36930
29352
48276
49988
15865
65905
84572
27045
27617
9865
20807
23338
41090
6609
75597
19698
11130
58322
9085
14261
11192
3287
21300
54488
59801
15230
61181
46919
16271
71521
24064
63867
81242
23955
85338
38354
27501
22770
43422
41807
12853
49456
65517
72740
63785
68460
44197
64029
58184
74339
33216
76020
19008
35012
28515
23799
19087
10125
17821
85331
35478
65417
37164
56256
19430
22034
59562
73692
30321
40462
11141
80218
3352
9484
17709
70116
64862
70231
28176
67917
37056
29347
75417
61116
71657
61117
68895
9243
24153
73064
6015
65733
58164
36511
76040
45977
66716
30219
60245
85871
62765
10983
19055
85655
36722
18709
75511
84890
21493
64511
71589
27183
8642
72169
14559
83560
40982
84759
43579
63977
62693
71098
55592
17066
64076
80967
17008
14491
16216
29367
19150
76339
79814
21668
72631
34653
48745
3370
71682
6675
58376
66812
61113
64232
67139
25142
24595
54519
43848
59422
65033
61058
79181
33734
16528
46181
21374
31903
59859
24590
71106
2727
83989
64251
10727
62564
68904
31704
29316
27118
5473
30782
61242
40112
62868
27079
19406
50880
63364
14536
61874
27160
14197
44343
62686
36934
50332
3275
19151
46102
16654
27064
65525
78498
65710
19061
83114
30437
39990
57186
17837
42050
78266
9853
23397
6601
29774
64073
43153
40989
42641
44296
69790
19004
70179
58167
84863
24207
78774
79188
53774
70243
40626
6068
6018
34230
46190
68166
66990
85631
14293
3399
75177
70181
71886
72587
76056
63292
52602
84712
14470
64241
86794
68867
68896
52578
61026
41021
67956
7202
55868
3418
43691
49105
72530
49366
7923
63039
68910
27491
31644
47235
41089
62951
8459
81867
66681
21246
64659
48847
49009
50013
74677
34598
24012
61545
52550
54473
75046
16675
61426
75224
47752
19622
30070
46350
63899
86759
41686
34645
63548
47922
40469
26128
37110
64891
4029
29547
20235
3587
83401
55728
14219
11085
44995
63917
59482
55004
84033
45939
2709
22951
61303
43742
44416
64805
85128
83947
38750
45905
20223
67372
36739
81163
7412
85118
22724
43482
43355
19092
21690
84866
31705
31555
71014
31731
27123
38316
70799
55506
31637
38031
76032
73944
55521
9930
18116
22041
11033
20888
55471
77986
32730
64852
9352
80509
86311
68100
26824
56626
80093
86956
75114
46030
56232
81289
3259
20442
55476
70279
15150
49290
3905
69653
64068
18979
84636
67987
31691
45061
25228
30201
26857
76341
14294
27926
83139
52611
50178
50996
16360
77170
9232
61375
9399
48928
33768
52560
7317
52603
34368
61232
46813
58101
43640
83416
58953
80068
28326
81233
77926
81155
9166
7869
42840
55357
52284
19251
58123
61164
12718
62071
7930
65521
37070
9563
75225
49152
37726
20225
86596
84969
50342
19199
46973
71984
62794
59582
31559
19086
26327
68874
44380
11353
13778
20456
61042
53086
9206
73973
72413
80828
51454
68879
36767
51694
64318
60184
24597
84488
81069
44976
14121
78302
18981
43435
45996
3366
19783
60200
54471
10031
27124
41628
17028
69971
22746
49159
25207
31757
14806
26789
29239
34501
67087
34377
81862
49167
50711
11174
30626
49112
18591
68908
26709
22752
9086
43496
70151
6114
37198
51848
38253
20878
56522
75157
37049
74064
19749
54226
82963
83412
84209
14216
23405
40221
15122
75241
79175
46768
34195
84885
29298
44815
17206
60394
23774
81883
64409
8502
18400
34302
3915
66955
57534
22970
36933
26483
74363
9494
55782
81257
68750
35293
34538
65640
48013
14345
30795
31276
34438
61841
16290
27121
28062
34962
29174
58796
23031
46133
56309
52456
8598
6350
68907
76680
11574
27774
42788
22272
83124
16463
62453
84377
70618
59664
16688
84595
27092
6333
80609
11267
43160
72481
29482
39932
66829
27158
27090
68063
34231
47917
24212
70153
46233
78674
84047
66815
19331
54482
37091
86710
21442
27166
68086
80351
41052
15901
63624
52061
48200
10418
64711
83768
61376
41020
46001
30036
72563
31678
53461
60476
15222
6008
82841
63932
49354
9925
59288
20231
41050
22070
69652
14271
83142
15130
68158
81199
63006
52936
86604
75119
29762
83117
42929
16382
17532
50949
27517
67368
82972
72135
21607
77526
49704
58893
82453
29317
77865
84981
38846
78339
15785
70032
58058
44357
27322
24903
84656
23773
74353
34032
45293
19396
18892
41058
43935
51080
21042
43245
48355
18736
72069
72027
54939
58287
42961
77942
66360
10800
15494
34655
20449
84604
60834
16214
31090
10801
32578
40858
73411
36824
6977
54961
82700
6209
74623
66253
57154
80735
34034
82088
10883
46574
59854
57825
26870
16685
37975
75312
34789
56545
5644
76384
50808
43304
16184
70380
9558
80826
81450
63393
59188
45303
48799
56033
82452
33459
58589
84357
65752
72342
66624
20787
65292
13831
66162
80919
57376
43331
85942
79671
76186
19514
45069
41730
82126
50804
5597
16063
63279
38573
18882
51972
18716
18728
64128
12234
51718
18933
29624
27706
34042
60884
32053
63302
30149
40969
38560
18695
36819
9741
53459
9003
24932
4168
25484
62950
10712
62063
67042
15597
18676
21129
30906
18664
28841
25602
77048
82623
84609
27299
78539
62418
34059
67442
16206
70220
16200
57146
50359
59182
69956
80705
78565
60377
47321
10004
44263
5680
59737
51532
82091
30824
21040
78548
26845
40637
21605
7960
16652
43574
64916
28497
63300
77578
84655
11619
17922
17194
43064
51910
43019
2845
50388
33700
11921
72046
3983
18620
58616
26273
43022
34828
52244
72123
43134
23686
32502
48509
67037
43741
5783
58358
23844
24178
31941
80670
61300
60382
11813
72070
77975
73406
74630
41763
76929
40554
8753
42380
51923
63240
74807
23845
72137
27721
42356
43308
72340
46232
69706
22224
35587
69974
23177
27691
30301
38844
18935
73382
4588
55275
30742
63649
80674
57144
37541
32289
59784
32159
63650
40814
3064
24634
9616
63311
65696
64495
68168
22681
19574
85414
76323
10855
7315
8988
19858
31983
42129
61447
18632
82341
52262
43126
11806
29368
2948
12250
85119
11584
6141
52318
8318
65175
57829
45077
74785
48785
40567
8871
54854
17794
17853
76588
77950
23640
49348
63164
11609
29114
43339
76668
52885
4626
61636
66318
52833
28760
48480
71099
82298
10893
75632
31320
62095
58431
37156
2827
62600
23127
52056
50386
4001
20237
70036
2861
82301
29077
45757
66374
84476
75419
36826
55267
16580
8366
43052
21114
25422
80943
5664
84365
65316
72373
26846
25433
27412
85026
52924
82823
72541
13907
45737
72327
72343
51976
52374
55258
65707
23753
23460
57484
16015
67193
48815
47263
34903
84596
73576
74801
44397
66351
58350
15300
46322
41761
84401
32132
32040
46663
52668
66591
66247
55264
81415
66936
16009
60480
37935
17301
22206
66230
60835
36052
19868
26861
45756
35703
65293
41726
36788
49411
3948
61515
57478
49710
81356
80853
66578
55431
71983
86752
45295
80821
37528
29752
70535
86867
23857
61646
69933
2899
23846
45539
28319
7200
22592
18894
72223
30277
45766
8967
78861
5660
22136
57886
80734
36216
71112
57430
32585
9552
84326
69941
60827
45291
46341
21096
4640
34824
80762
80935
8644
52999
34076
55005
55793
57775
26692
11602
81425
10151
67648
28492
61578
37939
8176
36847
60308
86430
49697
37441
19925
84467
48103
5806
9612
31259
75626
52314
49292
23660
40541
34656
75418
13868
5703
45724
11626
13934
62793
37971
63663
10901
35078
10794
40824
69745
35638
46495
50329
34324
45374
16577
3066
63274
63680
3522
24302
14479
7962
40806
50977
55771
66602
27712
3580
4383
60430
8996
4598
79566
62307
40169
34011
58424
44929
57822
29199
37264
84605
42960
16464
5615
49595
16021
67406
6712
68023
66274
46328
37675
53516
3307
54943
71101
42454
51053
41581
38223
32236
19867
80969
52285
17503
36861
62170
47875
49536
57819
34829
80765
14418
71103
80719
41212
66239
14526
58536
49899
10897
33241
43297
57833
84309
28287
9222
81495
76578
54931
72151
76616
23869
23164
72742
73183
34822
81395
33380
63220
19916
77614
13836
46439
67022
18912
57754
78859
49294
59186
60833
75348
60310
66590
74795
32673
80731
48807
69935
31476
10770
23624
84613
16226
38310
79070
19390
80956
41725
29058
50079
65152
75309
56784
53507
51101
86444
31965
75234
53312
51965
28313
76581
62207
52912
45294
71460
21100
46294
69937
26888
29082
54900
52274
38576
68836
41246
66986
18916
34934
63645
17338
9997
30805
15955
35705
84758
47515
43342
72321
53552
42254
49643
40006
34089
14839
2782
49913
29119
10813
29107
5789
28197
74346
69875
53646
21111
22132
77607
57472
12248
55666
72341
55272
86436
10882
66427
10736
6649
30739
80127
65768
4660
8639
30779
50360
83899
43313
82113
21071
30821
47520
15940
86622
39987
84480
6527
31053
2867
47856
45547
38572
3640
14847
18889
46609
19807
52897
10134
70417
49577
26675
64351
10126
72345
72030
41734
23696
57163
63308
4969
52925
22130
58367
36827
23826
40813
57826
59723
5792
84626
62814
52368
80934
80620
14421
69724
79092
66157
60806
67536
43307
34017
72101
82146
49318
77935
