702602
751197
735755
754589
757618
723968
751749
718160
729724
763672
768865
759771
731787
740710
755793
701243
700780
705535
768600
753877
770585
760798
721383
712838
718231
768221
721221
770435
729760
740246
767752
736380
704923
734413
703402
767952
709845
766260
731909
730291
738043
714073
703375
714953
731890
708181
698795
764601
710945
744435
740739
769242
712946
737827
734607
768461
726269
735785
716102
722788
734472
769133
704719
720732
752419
750724
707804
742939
724065
760841
752141
701974
714152
763242
712690
728772
737376
701629
763268
761120
719165
715663
739464
711560
748863
747847
725517
767718
768919
712794
752774
705402
721229
713689
700057
724777
715132
757596
734301
729983
754237
707687
770066
700457
756573
733069
704609
751419
730341
769017
756785
698555
732962
758634
719279
751641
709556
706879
740764
742500
738551
742800
769872
758027
735890
764337
705822
734132
707327
727328
759406
714457
725536
707136
708032
701842
701549
729565
756555
757036
738575
760324
709566
744174
714695
719345
737625
706246
740335
703647
761897
748825
729653
734476
748144
740190
769275
698576
732106
735301
739604
734391
708729
745606
716006
736409
711971
760432
752907
708499
708459
707006
757890
701737
755516
731932
703415
770255
746793
708031
722817
757253
756520
731674
701548
718013
725586
735160
741476
743261
738893
737574
762754
702971
714993
714363
703155
718677
734031
725530
721530
723407
739232
717014
706998
760549
755151
765727
736350
728830
762346
743734
761222
771147
727112
738730
702442
699701
729102
732026
704405
713239
766774
723197
725499
738993
741110
721058
750712
704070
710920
758424
720792
749926
734411
717441
702414
715164
725976
717524
717655
701696
725481
715255
719774
764892
739103
770177
733851
707600
734609
717988
705644
731905
719529
769886
701778
737832
727779
761587
703206
751233
714566
737758
763427
746328
755190
725933
768295
698799
732295
769021
735636
760722
735492
700706
768108
749080
745461
733132
765659
698357
765936
763937
746778
761550
712139
698401
750342
719879
718974
725299
761129
737988
771390
751672
764927
759418
746382
753694
736545
717517
715836
728758
716917
711655
751775
703682
741527
721999
751088
756605
722771
765029
700123
749321
747795
701849
752333
706968
757171
769265
719305
739499
741754
731830
710077
752693
698684
723742
751317
718415
712004
723593
748470
716134
710856
757154
702968
757839
702011
708318
736397
703211
734774
765916
707222
732400
755320
710102
749008
733052
713059
722781
718567
722681
712669
745683
721853
713682
749120
763484
770092
734559
698840
729453
745748
704607
759668
700155
756160
771311
730793
716921
736483
748725
758057
698382
763382
752344
712763
706247
735127
737849
706903
765251
730905
747650
718040
758197
726653
752275
759601
755308
707110
716906
722009
713686
755676
711499
723381
744287
770416
703249
724718
718048
715633
750742
740588
722741
770815
708511
718709
701717
732102
748858
704233
716221
722334
730513
732669
746510
722705
699324
748625
704078
699301
768853
712064
734388
716455
752780
712596
766823
730735
752224
708379
725899
742691
765942
734339
759393
764855
716757
771402
711955
701526
700514
708157
714525
721235
702972
740185
705657
732974
733012
766124
722693
743815
728789
746964
755224
721970
713211
756532
700822
752756
707724
742762
737467
721380
738552
757304
733007
731049
725289
765621
735660
700976
753685
725690
761066
764702
742321
731076
704315
741119
735458
700068
757208
766397
720581
701637
759491
717632
706138
741142
758709
723686
725630
769920
745799
713796
717885
708570
723396
761514
763367
704620
740486
703796
705435
706342
770101
710454
747787
770411
732114
728730
700739
699400
738964
698047
704349
698508
762487
725372
752420
712344
698986
742368
707230
739458
704267
703618
751519
737311
731699
736985
747765
742338
733413
704377
698296
701323
750689
731289
746822
733430
716489
751181
736093
747196
701915
723640
766371
707826
756521
749300
715490
751517
738906
707226
769058
750846
738900
738972
715726
728424
703870
703753
698601
706624
710584
718028
739587
755750
739461
712046
759354
702986
761556
739595
753735
737656
745140
718220
755997
700113
747002
700320
700992
738862
708515
701158
716856
722049
701743
769010
765733
702010
770594
735671
757013
757848
706682
710263
749092
764207
701211
751154
737494
700886
713173
723975
711642
757197
764068
744139
728978
744175
762729
721965
745275
717849
759328
730946
749215
765970
760991
709470
752208
749820
769995
771306
740178
723957
751013
708429
767268
761454
698493
720794
757842
746343
765149
732395
756644
698924
735267
752990
751919
721195
746419
698472
762198
736387
718342
728800
707380
714959
710154
723205
752436
730976
712013
728593
698966
759210
740700
714866
718094
710004
714027
747640
711911
761031
759456
721374
739088
751680
769922
768077
720126
738947
762234
751616
748976
725892
700158
768716
736568
754665
740464
727579
743763
702052
756893
701063
706491
743196
764983
728583
721943
735830
735477
717033
739966
709941
699444
710868
759894
707975
708002
710243
736807
731820
738728
735474
705024
738750
765432
730652
713668
722325
707421
749858
761494
763555
760219
756040
734420
732952
759920
737101
769215
768771
748595
761130
700535
705437
763965
725788
750472
703792
737883
767927
706161
749886
704353
725308
705930
731888
709652
710238
711779
707466
750975
722493
744198
759919
759746
770567
710943
754816
734485
708641
713774
703456
745478
725901
719923
764330
710025
763817
737513
747096
713697
729467
760407
769327
700997
719453
731963
746130
726800
749506
714694
722738
758070
740407
764462
710323
746320
760420
769330
769558
758702
710401
756058
728873
737196
703331
707925
730821
748504
726609
765763
705637
770627
753232
714233
768106
715257
770863
755576
760089
731884
764393
745487
711640
705667
742933
753150
714422
700225
743821
766433
748394
757395
705736
718449
719336
705175
734835
730340
709689
708192
720609
734074
706026
764316
724694
748840
766871
699936
736238
728917
728928
761905
732578
707695
700685
757417
714687
737555
763491
752805
704495
767956
728004
766855
757845
753537
712337
717532
708117
759022
714859
703473
767071
744154
726618
714113
716964
770647
716232
734138
766933
722704
729474
702486
715988
761546
704293
723491
719322
737023
707654
749760
707924
704895
753305
731062
739898
717096
764314
768332
728985
770532
765257
760788
765779
716620
736396
699663
760054
728353
705763
744173
726762
736546
768364
714638
750622
746393
744531
739454
747148
708328
763254
752714
739389
752490
720747
749844
749883
744152
756938
769339
719919
707773
753341
698077
750406
746001
742645
750737
747171
722809
727032
725337
712238
764791
756280
728006
707209
722627
700012
759405
768085
698078
739868
718722
725302
735931
723525
736049
723129
767156
728579
729513
762070
716752
707554
754339
699239
756326
726684
736230
760223
757940
710073
735724
713675
723653
754690
750866
728049
744160
729832
766907
744332
730252
763893
718283
698521
759378
702592
760137
733510
712810
752968
755299
710883
728289
719833
720894
705933
710294
705818
699818
759451
723073
737979
769465
717733
713628
705680
722547
708453
711282
728446
767079
759734
720182
736435
710749
763771
713536
745470
740025
707954
743698
713700
702483
732855
746439
735483
706024
732849
744142
719075
770471
727258
698075
766269
757230
725733
729001
740401
767312
721318
702142
710670
719652
753185
753474
716901
730654
713410
744073
713369
719804
735467
767039
758897
756210
740199
711082
750902
723735
733527
747506
769800
746405
729119
743036
723171
719740
735760
767669
705055
710525
752209
716832
757838
742817
755460
737512
711633
753245
732414
749970
743376
759517
743007
703733
703099
739375
769806
736092
759627
719846
741475
703061
755382
715960
763406
763829
729820
755055
737517
752654
720263
734601
703340
698850
708301
756911
723842
723117
760436
716602
710982
707851
722791
715046
716215
737455
767246
700564
721971
719733
769152
717477
746090
730183
700283
711273
771370
715104
704040
753142
698980
748489
701233
724117
722814
704309
743725
710112
727377
770001
744150
750868
705311
719166
739239
747578
703208
704033
760986
713986
739842
770466
736528
733002
710342
714291
732990
756477
704722
714144
734345
712542
717204
735939
769151
706308
733566
702746
740433
750916
761232
736111
751562
740164
707860
757488
704060
761192
726752
756965
745758
715237
760312
770960
701002
745126
719400
710921
747977
748844
714665
725811
734811
736165
756689
719925
746054
761585
717608
739418
701447
760771
711759
768029
712136
711187
708034
727046
760676
727243
708323
715957
726726
700377
749952
749961
730138
756751
732528
740500
766696
768114
759295
761121
702166
738898
736433
734819
760038
702899
723527
698685
699271
729576
733265
713632
760389
741457
720588
757514
720861
750968
702201
749696
763136
700455
722262
750978
756303
771466
710341
710262
716203
725524
763846
708342
709571
714378
761410
723629
721548
758012
762107
715788
735933
746283
737926
726435
742952
719233
732950
729349
716952
708344
764140
711513
720771
754080
737553
768609
718897
699679
751218
710363
760805
706741
705589
713908
712506
748883
749081
706049
763025
740273
711851
705904
745745
726678
755569
728819
705755
766687
747286
724058
769614
752967
701340
726781
735932
705955
749571
729745
747032
701309
767843
719506
719886
725870
747354
758147
711800
764437
754659
765925
768929
739422
735520
719816
735906
709311
721495
764805
756309
723310
720834
727810
736134
727064
727583
754060
707726
739433
702880
706997
756310
745504
723263
727402
719402
700272
749283
735783
707626
735308
708638
714050
702787
703492
736541
703424
700517
760043
700066
716944
733303
731785
766592
704082
720920
714670
714184
711622
707425
719398
745281
760943
747382
730466
749768
700233
753441
721467
766869
737575
744149
765694
759193
707648
705211
707610
752962
711234
747439
771153
723276
761067
727977
744074
716971
736531
769528
746193
757978
764981
753251
707933
740009
729808
761168
746282
744171
714088
759693
746508
713720
757065
735938
715758
721097
765894
711395
703158
756094
767082
725218
763285
721042
736417
758137
719015
739866
699087
709262
742703
698536
745467
771020
702183
725245
714760
767481
714385
701828
736318
770440
700054
736972
763304
767226
703287
767171
731739
711313
726830
737063
719808
765148
767241
748126
730134
768021
744215
737616
727184
750364
729319
711276
708179
717732
744683
738168
757360
750680
752477
725687
716990
768040
728400
739860
766613
720360
717621
756339
747179
699885
762450
708169
736199
730388
753620
710694
707213
705058
719793
752505
732581
724141
737472
762557
760764
765918
765757
713746
722263
705169
744370
768805
703503
720313
732314
727696
713790
737275
734302
725910
739512
747349
717730
724336
703649
702436
756600
760356
748992
770746
761544
706379
729692
702988
712076
710988
762858
752826
749148
747592
707336
706893
726755
702610
759568
708288
759439
742213
716587
699099
730483
713166
703464
707003
746280
723068
745483
735480
721800
701951
748949
742928
764698
721748
727636
768886
746458
745555
761177
701895
703187
730342
734104
704211
722122
715661
704936
702148
759602
721384
744429
737621
729680
762229
712372
760576
764199
731698
742498
751030
730128
771158
723848
706874
761330
748586
717780
706629
745860
711935
753592
724748
762852
732449
727811
722584
771284
721309
752572
709915
712022
717875
704685
751333
717072
712509
700302
720487
751655
727680
760697
742185
755203
744267
765838
715862
722109
735814
699667
752942
747379
768350
743031
716313
754245
771403
726702
717863
749513
728704
734129
712975
733115
730715
743301
718513
728993
757020
712970
746274
734418
701431
757802
753681
747766
767653
702726
704892
771112
705466
715262
717261
716504
765386
718942
761324
756538
756577
703650
762200
708402
762526
713739
706080
702974
724304
710216
743326
730597
763894
707912
724139
745280
703570
742546
723697
755194
756967
768747
706570
723751
767328
721676
737820
735618
724716
717859
721164
757997
721171
753267
710271
730700
751619
737328
743277
715804
720988
764230
718021
738448
755447
750020
727794
756487
760780
764606
705472
721021
740148
740540
756399
717891
702747
722368
704910
756240
714764
747370
759758
724724
735134
756624
764305
760359
739130
769051
704744
706528
731941
734628
708074
740243
716925
736453
769931
723821
754165
718183
704665
711629
747240
729791
749011
761497
740670
727440
706361
762904
744445
757207
735578
750713
713665
767302
706332
733008
745465
705797
703653
747455
752099
756833
756610
729003
767213
737709
701537
759683
735098
698048
756960
754253
744388
706365
737993
761034
703909
746833
707153
700237
734184
747329
706306
750371
711596
731069
756857
698649
765650
766133
755138
739882
707663
715968
712935
734244
729105
722998
744129
769551
698277
732858
701203
749790
732440
706399
743787
701390
757954
722499
759526
757133
754864
755110
736481
767345
723998
702940
742824
719777
719784
704953
764448
733449
702481
704471
732927
729049
751086
704971
725603
702004
722088
716062
725815
716923
757132
744444
703604
719014
752641
716084
702883
769557
737290
734172
761264
732112
716811
703784
743822
723414
721392
708478
712079
702916
756061
730949
722043
727635
723595
748604
722094
700270
756628
717835
703671
707303
735799
739940
699422
711069
723994
707283
709862
728918
732035
761335
764504
698706
763154
727725
711978
762909
723741
701199
700234
701638
753175
756874
716418
742175
714710
737881
716327
725510
710467
701901
759187
725602
759639
766989
733849
730717
717558
727646
703541
730386
734534
716254
763758
718030
729327
713125
727688
708413
725667
759362
725334
730132
729456
707451
767812
729783
761385
744425
742233
718796
709819
704918
719094
734387
752886
698287
751844
716598
742427
707382
704972
722233
725931
762706
730760
761295
754905
749992
705467
742517
748493
752806
759177
762555
723934
722824
767052
744021
728324
710916
728340
707552
715750
698689
723199
761257
706103
766123
723805
758105
739071
717786
752651
703800
703508
742639
762567
744245
727855
770404
771455
718693
757288
742497
769268
737324
718046
706922
727665
744259
721095
755560
712331
718034
738865
760411
769272
760994
714804
740444
725407
729168
770054
744299
701953
707816
706353
767188
710756
748511
761180
770500
709837
705539
728276
701921
701662
766324
744295
699276
755209
739318
700688
700659
762577
727548
704748
745869
737919
744311
734400
740480
753428
733908
752888
740559
703702
726713
706431
749927
751119
764788
752721
765815
702480
722784
703950
716389
744303
703502
757004
732827
735550
756096
754270
766337
760481
719016
740894
745602
751101
745356
741560
756525
725321
740682
711195
771395
747523
722485
738764
725804
762569
771040
753583
738064
746447
747722
720961
752972
700654
731132
711493
711906
762172
754611
724146
717779
723601
747581
770458
736164
752361
723892
757922
714497
722137
723764
747550
699370
725242
733932
764321
756618
710211
741736
767652
751390
733042
706433
725294
708602
728737
749933
710404
744380
737696
724629
703764
754082
761219
751191
730535
698426
761376
756011
707252
748521
707523
749001
737599
764953
723889
717908
732007
714785
761329
765938
702811
762371
759748
718893
702475
708533
761730
752513
723551
712143
754169
746449
719758
702218
771150
713688
750774
710126
728750
769847
745517
745125
754090
730402
738486
708396
730795
759972
738473
753460
710173
760347
725575
746865
739001
742736
715777
766971
707381
764618
763075
715609
770577
706584
759449
710311
701912
764792
742062
717087
764648
705431
736490
730722
740450
722266
735577
706444
719076
710288
708522
711293
720082
723831
719339
761647
752653
722793
738920
743315
727399
731794
717833
698560
716709
742141
723987
760848
714137
727109
706934
705694
711847
735748
740720
732013
756327
756695
711919
732513
709852
698260
741230
726778
734554
734154
731610
756768
747753
740812
760368
730714
703924
706498
711240
756270
748561
727232
750940
765765
737157
762258
735764
746109
767227
704311
730192
744319
752183
749186
760748
751679
718665
743715
737879
701337
737034
762788
768644
756367
699132
701929
759233
701285
720340
723833
735209
760098
765719
767162
704323
727035
700986
730639
720308
758213
732358
733519
712036
739836
742293
735840
718633
766261
723114
725291
756122
721734
714366
769501
719243
714619
759232
717617
716566
721120
720286
738579
714615
713673
704332
755245
701366
770492
748029
739846
762267
714125
729554
722445
731672
717013
706970
716331
702841
732552
763828
728939
745986
743677
750526
704343
766585
721763
769304
698342
746836
743065
705492
735299
721749
705133
763215
702088
715781
770436
745237
735233
699722
716830
726649
763166
761733
701256
725824
731656
768638
707951
715385
746939
723776
762259
737263
701274
725269
698338
763134
742284
721046
702877
714054
735237
763175
712563
747727
725246
715716
769494
709908
757931
718651
750440
760792
706976
756364
745265
725918
711186
701257
731723
740680
768651
731673
707546
759246
761181
704329
725055
748602
735866
702929
698340
708497
699222
712561
749625
766615
705194
757509
748563
728895
705650
756238
767041
729193
756346
733515
703152
765709
737646
752905
750671
726072
714098
751491
700545
737309
709893
719276
739274
723852
748534
732446
729252
698333
752795
712265
742343
706533
699772
727657
728375
714071
739853
734993
699668
752226
769489
742295
721770
707934
709592
769784
762813
727547
719657
763785
738103
762256
745254
709906
749373
747616
756244
714000
766756
749565
745772
735803
704404
752276
743737
713244
743100
766302
739854
700446
716575
749318
727163
725625
755014
712566
718630
740030
739074
726958
754793
743060
749400
769283
699091
698914
725861
748671
734073
768678
750045
705076
711256
714140
715787
710439
701957
726992
707501
733551
756231
759819
759877
743673
746859
712565
704317
717861
767839
751025
706977
718717
712617
754144
733588
748571
731422
728359
715707
756139
744363
762296
730220
755597
735908
759228
710735
743672
756256
732702
756130
725216
760685
752837
698833
707494
733673
705740
739826
735975
760772
715274
744456
765720
722861
752216
769468
763085
731645
766372
762251
749179
702550
708312
763838
707492
709909
702273
769239
754981
737044
722425
743736
759230
753098
716375
757165
726069
744275
745209
760683
719457
716531
746769
750444
757599
718632
766498
726131
723135
762284
746917
759234
757503
767124
713809
721771
735611
749299
745248
733705
701275
714382
744088
709842
728362
726104
748659
718664
746903
737822
740028
704946
765679
733708
735988
739477
709564
717387
706979
730191
699442
760778
710705
760749
748585
767717
740815
698880
731663
766263
760757
717944
728361
738507
718622
716346
763017
699961
750527
770484
769570
711248
744331
725320
705202
770537
728649
704325
704310
762747
729424
764060
766564
736997
709733
750443
730884
703102
767193
704319
723899
770919
710867
718716
728889
756305
706971
760929
705150
726176
725285
745734
764147
742335
762239
748613
698055
733572
731705
754548
756981
710480
698348
710119
744250
717902
729623
734503
722230
765059
718892
715265
734430
699476
706975
756354
739137
720236
739720
718637
756686
741999
760873
729257
763773
727000
759231
714903
704330
723081
730206
717186
719466
761349
719546
739340
701836
709650
770415
710716
720197
765695
753187
713998
760092
702729
716285
731668
706298
767732
769279
707828
754196
745918
756899
715775
698352
703592
708580
717189
729254
723438
743076
727523
769182
765675
738508
740681
701316
704314
701371
757431
721761
712618
716565
706972
700568
763852
716675
745245
743999
728428
717057
764118
727019
735272
701219
699841
734303
734277
717435
737636
739817
750417
715710
768643
769711
770003
703622
729233
723800
716510
765714
705761
708354
710675
752227
748578
704372
700651
704321
742251
759936
728364
742336
751292
705833
742285
742244
738495
747582
767144
706634
700641
723156
719342
746901
720285
743681
768719
699838
705746
710395
742927
766339
701979
748583
739523
711226
750557
729013
756156
730198
726052
738490
725773
747580
728890
698968
707917
723468
757703
738057
699745
738529
701245
767438
723536
768650
763872
757545
767501
761449
720280
702766
728354
770444
763842
771212
720289
715715
753265
721773
737614
735936
725136
702849
704897
765710
739367
710588
698343
730257
739210
712137
766553
745299
742943
721757
763235
769261
742393
723378
713383
723111
701925
759242
722545
713432
716835
744266
765058
716257
764628
739867
752210
766637
727026
760031
770655
730757
733723
732659
764269
702111
717065
749469
717150
714087
769884
746160
748616
754158
727002
717313
751874
744460
699096
770924
731742
706969
753516
750951
763181
766659
714516
702141
723535
716725
767140
724014
723501
771310
723049
759750
746867
701562
736031
763823
733709
760702
704312
766538
710627
733787
705509
707510
754333
728383
733522
766477
704859
717197
720552
730260
730168
735207
756901
771143
771167
713079
757465
713545
755567
746352
752221
766563
719467
738301
711228
761217
710451
722598
735180
757516
720287
769652
698344
769289
743602
718629
722430
756941
737381
761354
712016
767257
710597
699378
712564
728186
766909
731620
759289
763128
698949
734221
754085
759621
737661
709918
719656
716425
701300
729310
743620
