346608
295313
333521
311500
293676
290422
311380
299213
307929
299657
334478
314339
298734
295183
324878
324336
289934
330115
345426
341143
297986
334456
297794
308770
283648
284937
283121
336005
307500
346083
285147
330297
317120
298101
327788
319987
315804
298277
301957
293261
298893
294996
301207
285232
307607
339026
284075
335671
293965
327819
315988
346386
299179
299598
335087
316261
296123
346366
311195
331017
283344
334465
300535
305135
317478
304335
284073
342438
336306
318452
345788
306239
346745
329691
303632
284514
333222
319066
334371
318995
321981
283199
315271
290629
283903
308679
285288
346070
305767
345385
343572
339659
290026
332767
341278
324191
300393
299497
309635
319465
348228
327776
345134
284605
347850
311510
314477
340446
288151
331967
310674
345293
289258
287528
328762
293157
313212
324200
335219
282872
324302
301326
298857
323885
328749
329092
293420
298797
300701
308521
335894
308407
308640
328747
303239
340183
331096
292423
307792
315583
318706
303418
335269
338568
300836
322784
303772
337324
316567
297590
316549
306494
348202
326708
288866
317966
284943
314877
315259
295877
284416
348215
285437
315173
324216
313293
307403
339776
326848
302601
290029
293597
292140
339499
285712
314648
293306
317477
311480
287054
340267
294033
330559
304103
294470
312887
345317
299140
340683
344449
297949
347513
308240
294934
284205
329151
310044
340737
322832
324736
343247
320573
284725
301912
289730
304518
315970
310104
295866
309294
288890
314595
328202
302434
327765
292699
346514
322950
324032
324179
315034
329713
329447
315846
313662
342214
302402
297479
307632
319425
303899
309254
302760
311518
305205
347745
330155
292669
334457
322960
309211
283766
285301
319459
331219
304691
310678
287534
329888
346493
309739
289729
305812
330646
305563
315643
346454
285223
300831
309595
342450
288824
307468
325286
320434
332783
332775
307779
291754
338041
318251
284638
321860
290554
325910
287207
332389
305751
317539
294379
331956
286184
320005
326595
334272
316561
343531
287187
302437
348659
330375
314900
339132
299567
347163
285371
319080
344897
337688
324129
285925
339365
313395
348601
301943
297303
301790
323068
296853
340707
284846
298889
309733
326103
325209
312925
293279
327658
303923
299170
339341
325567
287513
325157
288874
301713
283522
309188
321537
309913
305289
336004
326910
335682
287698
344025
335156
307127
296130
292804
324146
338089
346063
298008
330019
283661
323534
308730
298714
297157
284826
321174
338305
318736
321332
316098
340548
340395
296064
285407
330771
328746
304832
304521
310125
285655
301935
331758
344978
291343
286090
334452
289138
307537
311844
283643
285362
348204
308510
295732
284168
308200
318652
283613
297887
349077
294630
343558
302967
295631
319464
326320
283664
300659
342823
301920
286445
344082
297310
332339
285891
332471
337182
291350
315225
321480
299215
292771
294129
313400
286333
331198
348708
328641
319695
295558
331774
293230
305298
315246
311496
325203
283653
288628
339667
298823
286632
300730
314888
315657
320218
322019
288063
312482
300585
286447
319053
311284
328012
283638
304856
315964
286186
315105
297694
304135
348014
326576
290318
331213
284039
288272
311906
286436
292131
325330
313422
286338
299017
292288
311933
335681
291388
347122
289776
311516
346484
349056
284767
290608
331766
302087
308816
338875
322568
311653
335861
310187
288218
339925
324462
337486
293658
324090
292761
316842
307133
286661
293392
303339
329721
313025
324114
301636
306277
306845
328108
298924
329892
317740
310454
334757
320527
331963
325753
306721
299958
300380
345244
322146
343567
330277
347447
330178
289646
304341
315207
346467
303380
344542
304106
297471
340830
297692
289960
330784
310487
324733
305963
288334
290028
294497
309173
314505
319483
303404
296070
337620
321361
311825
292650
304681
321944
341194
283709
290042
329683
338096
316165
340396
332416
302622
319073
310346
285471
333563
313676
315900
336013
308541
324307
327798
303653
333728
290952
294042
288638
298306
288594
343250
316210
342204
330001
329711
329718
308588
300824
301743
299169
305405
283880
323660
282942
338567
287550
321171
299925
337124
287719
302372
347962
313414
337682
333699
308347
342474
326641
284683
342514
309757
295662
329364
326724
285657
299886
283306
326905
285318
290062
321087
298896
319086
335836
303935
326286
300695
311686
346367
285878
314899
284346
285882
315193
346064
330765
283546
283904
340275
291339
286375
313459
344483
283603
289421
303371
314497
288942
310867
346570
345263
300621
330065
306180
343377
343618
340845
347664
341337
289183
335675
298851
322905
344868
321142
293685
312439
317413
315290
313958
297988
290635
300852
303995
299529
327575
318412
320523
314616
309223
322030
334447
328879
284508
318423
291788
309763
309147
341369
301227
323103
346742
285474
307117
300035
309214
293136
316247
329268
284606
318780
329485
345387
301752
307099
303983
303922
344422
303775
284750
292642
348817
322491
283905
318290
291704
285212
345346
313725
283916
332620
330119
342992
288865
311538
332126
305899
290788
286444
305160
346077
303979
293269
330183
305370
306288
289423
297477
339830
337056
284927
305394
341376
340398
318904
342216
302080
294807
341122
326172
284540
320401
298012
323311
348264
319626
300147
292344
313645
299555
305248
286098
320414
321122
338977
347459
320940
339078
346888
315696
319855
338059
344316
296210
305799
291120
292684
343822
313069
345510
308966
301229
319615
348444
341124
315076
289150
284162
339873
329228
294784
331654
284386
341204
324248
297261
342288
321344
328988
311530
343772
297396
319548
311603
341842
310700
338129
335820
330151
323830
317562
304180
340637
312911
290243
303867
325535
315567
309855
335149
292006
299890
291416
297186
340309
328067
295555
314148
295126
330239
303276
335914
307870
348663
343298
342404
328789
298717
338695
312368
310370
315161
344445
296297
305374
339289
285812
347512
327642
325810
332439
305127
320996
320343
330809
313577
322226
341238
298811
319345
324954
287924
285108
335192
306886
311477
288838
347254
283972
325129
323574
307274
347462
344165
301224
325495
299325
342268
299978
304868
319406
325086
306196
344617
313581
311959
288810
288422
339421
348613
285497
338186
320245
337896
326096
300256
320041
289176
338081
288934
299194
306250
344915
330244
334553
303292
347474
301225
322108
304491
296814
348730
330324
306314
295123
321957
284347
314652
326116
287866
283218
304172
341905
285378
299965
300539
321219
315288
291114
322530
291055
335749
341226
291759
336454
331004
286241
300457
344228
296272
337357
294414
290233
337248
308353
305903
328788
291879
292768
289262
343682
327570
336198
288478
330865
296746
299141
337602
315279
293282
300435
339746
346256
347190
296951
344448
288928
311958
313372
285429
328953
308412
312098
330909
324299
303881
286122
293176
307464
288347
338687
283293
292793
292778
311532
335143
303400
337836
303561
329149
288519
311960
312405
283190
337954
342008
285180
316495
307088
283976
294087
300505
283394
286050
295061
306637
329524
293543
290649
303310
312394
298654
319321
290428
297611
336314
327983
306248
304226
337090
342481
344820
339350
348916
306673
294577
292210
319008
295512
318419
303280
340806
290658
319030
316232
324334
284081
284074
303658
340423
340223
334449
311457
322284
337190
309917
303003
297222
322747
297393
298518
312902
331637
324069
298224
340162
287919
328503
307311
294583
302845
343560
284068
303336
334498
335980
321943
324149
297863
286322
346414
320194
343881
293379
334379
303745
301222
316087
335748
345857
314646
289211
316038
332165
315080
290197
305925
319369
329908
307308
331120
300069
317745
346314
298881
296799
303850
304540
345000
328699
287787
345859
330147
336809
314779
319681
337849
340646
293964
335522
309304
299968
331417
319962
312275
305723
319393
328137
301230
311968
295727
310207
286217
337724
331054
312377
292791
303659
335614
306653
328049
311274
316135
321684
339449
311149
319945
291272
287639
290486
335787
299559
300071
303613
308382
290458
320185
300662
344046
330112
334763
323444
311328
294015
327742
337016
338805
323424
342164
340765
346854
327088
327583
289207
327571
313998
332549
308351
313485
308896
338802
338180
315582
301744
312354
331098
284465
329872
285339
325222
302052
288163
295337
288864
325250
319547
298388
311484
313329
293048
321959
303685
287171
303718
328081
328722
303187
322840
331847
283654
342284
290781
297621
315727
303207
285482
340968
298418
283966
304273
346490
302371
296031
347394
326464
299434
321224
307400
304779
321911
305800
341835
312148
284078
326801
285436
347924
296495
294471
290068
338088
299391
296771
312546
295591
306482
314633
310461
337847
293739
299906
307062
310576
312899
291722
307011
322006
287946
298774
320746
290939
312926
296631
324985
309514
305907
314162
298713
315216
294194
300092
329302
299651
320328
284082
318428
287999
286358
298004
321440
290108
318209
290206
320319
318436
313734
293280
307712
305568
320091
318349
296765
335599
331722
322031
301704
310205
311963
303211
300357
342326
285786
284088
348597
309190
284544
300612
340197
287887
344389
344045
302062
335785
287935
284353
330138
331578
336225
283928
302708
333862
323179
283122
339849
341301
286121
341857
297616
309227
335180
345380
344397
299581
343463
335177
294972
347960
324697
329918
335215
295654
304487
336477
292839
331846
285487
308897
345487
330348
312431
344085
307644
311813
316357
297628
311569
341245
314637
289242
340826
311233
323797
303054
283274
296574
327333
338508
335799
325982
321185
309664
321946
286130
306588
306569
334732
315820
315043
330653
313522
345093
305314
318123
315581
337115
341387
296337
296214
286249
283133
284682
348110
303680
293494
289419
336061
314585
285756
321665
332692
346882
309310
331653
298890
287943
344855
314733
302637
331652
309184
311970
314546
328440
339414
283977
304375
337424
337531
330141
321941
325333
310037
291170
318585
309834
347451
324295
338433
295698
311961
319409
343275
309241
333879
320981
344817
321189
311515
312196
325844
335947
316392
308451
294987
299543
331957
342856
337098
307158
326999
309921
306419
320626
289425
315735
341822
295898
306080
343379
317499
311952
311174
308899
338660
297927
344368
320332
302583
311329
345202
338278
299495
305667
304882
315681
331282
346933
315801
308384
287487
321555
318638
307009
334958
297704
344527
324853
335776
294676
307845
308835
315180
342003
297185
303241
286063
322561
301319
346307
339990
285852
344166
324087
325243
290879
348064
311969
327618
287876
284001
347685
322587
296691
338131
341236
322103
306232
295761
308511
334365
321409
302645
331590
346020
327971
324429
285632
308364
297933
293251
326645
305431
346590
339457
314825
346212
283911
318421
324941
297551
329325
307842
339335
285673
335282
293356
290676
319070
346308
285209
342118
304252
332270
291964
284887
342661
347441
324118
311181
297907
296122
323312
314685
340697
330527
314901
297969
319334
337791
342715
311624
334532
283188
326436
340783
290667
288888
321571
338266
288345
342223
292156
313885
346595
311259
304289
332557
311591
299191
343598
284403
295330
324187
345863
320033
318233
303506
306926
293976
323244
294653
334472
307278
308474
324507
319892
331771
284127
291392
348535
340514
340515
311137
321372
299133
306293
340948
296509
302585
326109
302661
283220
313035
300247
288641
290816
330735
313571
327619
282988
348689
345760
321239
321511
303348
311536
331139
315557
320365
326580
339185
286692
285909
334351
298622
345895
321363
336169
316203
299605
283856
335542
300282
290899
300531
337011
346216
334618
332772
324304
321562
318425
341223
319360
321258
345496
282971
320999
318090
337851
321097
291344
302774
288923
337293
299852
330953
324992
317674
343667
293593
287708
312328
299915
346647
286085
316219
323316
307035
288150
318524
343616
334191
295744
318537
347034
285091
290427
306822
341263
340824
329207
294487
337433
327858
292428
298122
309979
345203
327253
313486
338697
324418
317472
307235
290776
306584
289551
327151
300672
339314
344317
284674
302634
319655
343372
330004
330099
292470
324722
304323
334837
314643
335262
333472
301926
339592
313994
300578
323221
339307
343233
327800
340481
293580
283758
305445
327875
327605
342746
303592
330346
342581
323138
296827
296830
295762
284160
291714
340744
334721
313724
306319
337947
340487
306535
289856
342448
285230
322482
287023
302508
329472
284659
292679
326575
293171
313628
324425
341570
308199
303589
318976
302300
298919
330296
341227
340544
286536
340291
295833
294141
295112
345856
318527
331001
292229
320587
328900
300163
290242
294357
337349
343883
321370
334576
290456
321186
315504
346378
348861
327587
322710
283622
299884
319054
305737
331212
318548
333227
292074
334349
316113
327828
286420
337714
294066
326549
300332
348320
324206
348983
287997
305540
324387
301057
305577
337005
298034
303029
300591
332372
288616
334998
314638
287193
299977
303623
303792
321713
316243
285220
318741
298037
288479
343933
299025
301069
330095
313773
306258
314534
308336
330235
313810
310059
291805
347381
286195
292513
325188
329163
321454
293403
308583
318561
284304
293283
329184
300288
324484
325345
315261
324296
317680
295310
331196
331695
338107
329980
314593
321232
333058
327666
321263
335910
299615
346612
332364
286962
285449
318471
285377
293284
346719
312883
317115
336388
343925
314431
339220
282984
306696
309735
336336
321176
290778
341235
318463
302128
318613
323250
283347
294918
289766
307097
346714
324458
338114
338937
338095
311822
348664
308419
300504
298850
340111
308524
340727
298703
315659
346226
348385
283112
338879
337129
346736
337383
338933
330160
314307
302791
337089
321364
288434
321218
340817
314335
308041
321272
348823
335245
307264
314165
345802
327887
334333
346361
340570
305590
326122
321264
283940
308348
342527
328258
289141
329194
287715
305519
288346
304386
348972
283215
333710
308769
306327
320353
326239
308926
335106
336052
288893
295694
306894
324036
326013
309263
295482
348974
338632
305223
326300
344501
338740
318198
293238
348333
306276
295742
311598
330774
293332
288173
310372
345917
330344
331686
327716
287190
300791
332409
322953
295828
321399
346408
340714
309332
335523
293399
306869
341572
327638
313629
304945
334571
332224
304117
340099
284116
341754
343041
321294
295069
332243
330139
299224
346749
330578
293154
330215
347855
326295
347110
305125
311673
286925
348386
321329
342633
333709
314692
286631
283159
299310
314802
319368
326470
302887
306977
324196
303981
289631
342837
314755
330380
329950
300570
284340
295802
344033
293845
305516
340445
301557
302748
326186
312511
310366
338252
331657
302662
348888
297906
291561
341407
298945
314889
324315
335130
338914
342560
344947
288436
294961
337150
314640
293478
284345
318788
289133
344901
305784
334780
290409
324328
315099
343905
300291
298912
324669
298792
307372
318573
318565
293274
348335
331113
312551
293667
326565
286555
324115
287422
323320
288407
314355
318442
335022
324338
325143
345377
313789
300862
346632
330700
338163
312383
318576
327880
346553
336178
300482
295794
343709
302663
299388
318525
321561
337528
299905
303023
293333
321305
286126
294065
328115
334622
301919
289770
326445
314897
334294
332356
334566
329132
342477
301164
288551
308444
297773
338279
325096
292578
348685
346481
318304
318968
308590
324976
323755
285114
319895
347546
290015
319818
283956
288362
341352
283668
329480
338251
330107
342173
342632
287488
305134
337861
288293
319990
324031
319087
295066
293755
305442
338067
283663
333519
303349
335941
330042
318427
346521
319302
340628
340962
285899
331195
305463
346234
292349
339158
324126
310124
297823
327554
300723
337448
321434
332297
325314
283565
285488
342111
290706
295031
327282
309289
334551
347914
337340
285700
346249
295468
320903
322806
345012
293352
319078
310312
310276
304277
324106
326606
289749
344908
332275
288298
283939
339020
301964
318828
344099
323710
321938
299023
327082
284180
337675
314379
302396
288806
305915
305193
296236
304533
283541
340888
289754
344550
337786
297888
340143
302362
317816
317492
331682
336324
311837
312183
296239
324131
303017
293805
323172
317870
297431
293896
317784
312039
285526
302387
293053
293801
306825
337076
323107
307294
336070
291319
290470
331929
323730
291052
291433
285473
343314
337778
344976
329941
288202
305779
306597
283556
285285
341014
338825
291154
320938
288188
304190
311255
307934
318186
287571
316996
347260
309636
338828
288215
287038
285480
284727
302410
310652
289731
296319
318857
333787
283548
347241
334249
347121
344112
329904
340932
343300
321680
291947
304213
347937
296304
340759
316330
283550
345871
344176
308118
323237
312091
313575
309929
313996
319873
305198
299351
291950
290472
287612
309056
289761
304412
324076
285410
312984
298958
288175
317002
284328
308906
331685
335624
298671
293037
344551
293087
348627
329281
289324
341000
292789
314390
321323
315057
303088
292406
337077
337900
347713
325689
339266
320407
283531
306169
283887
340222
294455
337933
305719
330503
295521
329144
294180
309754
329890
329982
329917
301966
331811
318193
286150
311856
293064
340970
333860
302132
283534
283325
285854
345688
315605
319370
324079
292285
337808
324865
304835
292815
285591
283355
298375
328689
290457
327016
340756
325148
345303
312005
331917
299898
321631
293735
340406
295570
326661
307331
291244
307287
286599
312385
322763
345279
285711
285086
299381
298487
329889
313918
305979
334224
316227
297345
283569
314864
330859
285590
324083
336095
283213
299630
337676
336598
307641
318194
334236
318189
298420
327002
332158
290226
295522
285586
288201
342042
283896
329944
321498
336353
337806
297244
305220
340129
340950
308214
317744
304576
333580
289880
345215
309593
285478
346276
302401
306552
298655
287847
318162
337078
348118
332287
342952
341026
326798
285370
320947
347912
319115
307147
340167
347102
347371
285957
334911
317010
287932
304307
313632
345306
313962
334226
341785
335587
308125
293734
290468
305172
283942
320960
304309
339359
330877
286582
321692
314395
292309
312059
305861
316183
292293
340137
296308
328937
304474
321789
318854
298657
348809
303165
347256
323551
329959
294619
328834
308932
285293
311241
330966
345266
284660
346417
343319
312082
343575
306630
310445
320017
310859
290478
308203
321650
312068
314764
345446
318877
296892
341986
293090
348499
300580
348608
344810
334233
346857
347108
285105
285557
328705
348656
304572
304327
347207
330443
309835
308547
312399
314125
305995
341005
287971
345737
337864
330695
344548
330891
297903
311826
311001
331932
327416
332320
305191
309640
345675
315054
324148
298314
305188
345204
318229
325805
285589
325801
329345
299920
331029
285089
288952
309428
302436
303075
285508
340984
345209
305917
337079
300130
315595
326698
285704
346301
334231
313603
285585
324081
348166
291670
339305
331365
331646
320180
309034
346265
305996
288657
307316
323874
308885
302354
286584
302192
285085
303836
348772
312248
329983
303710
296327
338896
311238
343893
285733
295526
348217
293784
311254
314391
294263
295531
285081
324110
308682
289227
340920
332558
292287
295529
346329
291072
342482
294862
324056
331911
317900
329921
285111
311243
329227
312223
305918
318812
302750
347069
293536
285548
285373
297286
300558
299757
295542
313651
334896
334228
308938
336159
345596
332564
298711
318204
295515
285080
345929
309786
338626
308142
307252
340191
304278
341996
329290
300534
308097
285956
321689
336096
321648
297880
320152
346271
323254
304472
337774
334785
326531
291727
334946
331909
341062
288835
296742
292299
335591
324834
286108
287968
299991
302033
290990
302332
287505
293771
305909
293096
331670
288716
283949
316748
306442
288627
294456
308092
340144
324897
326474
336226
344968
336171
335828
345241
285123
343316
296251
331714
316139
296237
348694
318867
311787
302369
285074
284749
342206
307186
321669
297449
310348
318222
294415
308121
326521
293043
321505
345598
289598
299629
307261
314392
347068
313613
295035
344054
299280
330731
315774
316194
337617
345436
297132
285744
330940
339241
308937
303243
341921
308140
346863
292286
307295
331404
296207
331684
285774
341714
285484
328147
341816
294359
347314
324651
298678
305849
324825
303093
290980
344974
313618
332379
304766
314644
340154
340230
299136
312140
309646
318727
329912
294494
284366
340901
310829
313426
284342
284213
290507
323111
292677
316981
340937
328026
288581
330851
348698
301252
319995
346305
347339
313595
322481
302364
287942
293776
331747
289178
300546
326572
329270
329962
289698
343308
324826
302367
319954
285612
288210
339284
293055
322512
316220
344399
296314
340925
318711
295045
321045
302873
314968
326044
328816
305982
295520
327623
306641
344127
340905
334972
314983
307310
313759
307164
305900
310341
343332
342596
325829
283562
309571
293045
283573
326569
339255
292508
340892
308869
322586
292327
312134
312056
288791
348795
293060
333868
342847
344109
293097
291061
344136
305214
318708
283530
335570
299152
308861
334886
337868
298662
321743
289950
288592
345028
337080
288228
317896
318179
321634
347093
336733
319014
347032
342004
307335
293054
347906
299270
323073
336307
323294
285498
335603
283894
