train_0: 750 750 0 750 0 750 =3000
test_0: 750 750 0 750 0 750 =3000
train_1: 750 747 0 750 0 750 =2997
test_1: 750 748 0 750 0 750 =2998
train_2: 750 669 0 750 0 750 =2919
test_2: 750 670 0 750 0 750 =2920
train_3: 750 668 0 721 0 750 =2889
test_3: 750 669 0 722 0 750 =2891
train_4: 750 747 0 750 0 750 =2997
test_4: 750 747 0 750 0 750 =2997
train_5: 750 691 0 750 0 736 =2927
test_5: 750 692 0 750 0 736 =2928
train_6: 750 683 0 703 0 750 =2886
test_6: 750 684 0 703 0 750 =2887
train_7: 750 750 0 750 0 750 =3000
test_7: 750 750 0 750 0 750 =3000
train_8: 750 750 0 750 0 750 =3000
test_8: 750 750 0 750 0 750 =3000
train_9: 750 750 0 750 0 750 =3000
test_9: 750 750 0 750 0 750 =3000
train_10: 750 750 0 750 0 750 =3000
test_10: 750 750 0 750 0 750 =3000
train_11: 750 660 0 712 0 641 =2763
test_11: 750 661 0 713 0 641 =2765

['M11', 'M12', 'M131', 'M132', 'M141', 'M143']
1500 1500 0 1500 0 1500 
1500 1495 0 1500 0 1500 
1500 1339 0 1500 0 1500 
1500 1337 0 1443 0 1500 
1500 1494 0 1500 0 1500 
1500 1383 0 1500 0 1472 
1500 1367 0 1406 0 1500 
1500 1500 0 1500 0 1500 
1500 1500 0 1500 0 1500 
1500 1500 0 1500 0 1500 
1500 1500 0 1500 0 1500 
1500 1321 0 1425 0 1282 
